0 434.065 490.917
1 408.049 472.429
2 407.151 455.912
3 397.546 438.94
4 392.849 425.013
5 384.789 414.695
6 383.057 407.572
7 372.165 401.128
8 360.154 395.356
9 359.31 388.137
10 347.426 381.069
11 336.376 373.06
12 327.081 365.745
13 327.081 359.254
14 321.891 351.166
15 310.73 343.52
16 306.361 337.466
17 302.931 331.671
18 295.459 324.712
19 291.798 318.949
20 284.633 312.828
21 284.515 307.271
22 279.498 301.845
23 272.265 294.895
24 269.069 288.796
25 268.112 283.933
26 263.939 279.603
27 258.962 275.484
28 256.45 272.83
29 253.182 269.142
30 249.93 266.011
31 246.61 262.804
32 240.468 259.982
33 237.171 257.127
34 235.169 254.388
35 228.756 250.419
36 228.756 246.397
37 223.273 241.657
38 220.258 236.963
39 217.393 233.312
40 216.6 230.977
41 214.98 228.73
42 213.289 226.589
43 213.289 224.302
44 210.087 222.228
45 206.867 220.151
46 203.665 218.092
47 202.406 216.06
48 198.596 213.011
49 198.596 211.219
50 197.607 208.214
51 195.472 204.865
52 194.664 203.15
53 192.854 200.861
54 191.097 199.743
55 190.388 198.606
56 188.365 197.537
57 179.599 196.411
58 174.58 194.662
59 174.58 191.637
60 174.274 188.669
61 171.074 185.37
62 166.055 182.768
63 162.886 179.772
64 162.886 176.973
65 162.886 173.982
66 161.125 171.427
67 160.985 169.678
68 159.819 167.978
69 156.322 166.842
70 154.134 165.583
71 153.131 164.137
72 152.304 161.687
73 149.607 159.243
74 148.637 157.483
75 148.331 155.902
76 146.958 154.472
77 144.291 152.923
78 142.642 151.694
79 142.642 150.814
80 139.958 149.116
81 139.834 148.674
82 139.834 149.103
83 138.585 149.171
84 138.585 149.818
85 138.585 150.717
86 138.585 150.361
87 138.56 147.584
88 137.311 144.978
89 135.263 143.695
90 135.263 141.876
91 135.263 140.879
92 132.359 140.048
93 130.876 139.412
94 130.876 138.017
95 130.876 137.367
96 129.541 136.468
97 129.541 135.727
98 128.582 134.655
99 128.545 133.932
100 128.545 133.458
101 128.241 132.235
102 128.148 131.925
103 127.229 131.464
104 126.902 131.895
105 126.437 131.571
106 125.983 131.245
107 125.191 130.838
108 124.317 130.53
109 123.741 128.954
110 123.737 128.503
111 122.603 128.093
112 122.556 127.712
113 121.851 127.545
114 121.166 127.611
115 120.365 126.957
116 120.211 126.612
117 119.668 125.96
118 119.514 125.122
119 118.916 125.324
120 118.916 124.673
121 117.791 123.82
122 117.42 122.761
123 116.619 121.938
124 116.619 121.35
125 116.455 121.3
126 114.435 120.819
127 114.152 120.98
128 113.036 119.699
129 113.036 119.381
130 112.121 118.51
131 112.121 117.414
132 112.121 116.571
133 112.121 116.095
134 111.806 116.157
135 111.438 115.61
136 110.785 115.363
137 110.47 115.323
138 109.288 115.124
139 108.972 113.499
140 108.972 113.308
141 107.691 112.601
142 107.376 112.005
143 106.172 111.586
144 105.857 111.027
145 105.636 110.298
146 104.236 110.232
147 104.236 110.274
148 104.043 109.147
149 103.822 109.017
150 103.822 107.753
151 103.009 107.45
152 103.009 107
153 102.466 106.483
154 102.105 105.731
155 102.105 105.891
156 101.785 105.175
157 101.785 105.719
158 101.622 105.582
159 101.361 105.156
160 101.198 105.143
161 100.837 105.446
162 100.837 105.223
163 100.417 105.055
164 99.9928 105.51
165 99.9928 105.8
166 99.3312 105.685
167 99.3312 105.128
168 98.9898 104.124
169 98.8907 103.065
170 98.5492 102.42
171 98.0675 102.356
172 98.0675 101.888
173 97.3681 101.838
174 97.35 100.854
175 95.9605 101.422
176 95.9423 101.037
177 95.619 100.561
178 95.619 99.8867
179 95.619 100.248
180 95.619 99.4823
181 94.9671 98.3901
182 94.7173 98.38
183 94.4426 98.2019
184 93.742 98.5355
185 93.5394 98.3008
186 93.4565 98.4842
187 92.6034 99.0317
188 91.3782 98.4157
189 91.3782 97.853
190 90.5375 97.0032
191 90.0689 96.2806
192 90.0689 95.682
193 88.035 94.5335
194 88.035 94.4291
195 88.035 93.306
196 87.2345 93.0065
197 87.2345 92.2639
198 86.479 91.7614
199 86.479 90.9533
200 86.479 90.4114
201 86.479 90.4889
202 86.479 90.4043
203 86.2445 89.6781
204 86.2445 89.4081
205 86.2445 89.4721
206 85.6246 89.3526
207 85.6246 89.029
208 85.6246 90.1169
209 85.3901 91.02
210 85.3901 93.2
211 85.3901 93.6599
212 85.3901 94.769
213 85.3901 95.266
214 85.3901 95.471
215 84.3063 95.2033
216 84.0718 93.809
217 84.0718 92.2927
218 83.7049 91.9991
219 83.3565 91.4307
220 82.7552 90.9812
221 82.3706 89.5911
222 82.3706 89.0383
223 81.2283 88.3131
224 81.2283 87.2556
225 81.2283 86.5614
226 81.2283 86.3885
227 81.2283 85.7049
228 81.2283 85.2081
229 81.0467 85.204
230 81.0467 84.3588
231 81.0467 83.5873
232 81.0467 83.4102
233 81.0467 83.4559
234 81.0322 83.4241
235 81.0322 83.4558
236 81.0322 83.2396
237 81.0322 83.0376
238 81.0322 82.8843
239 81.0322 83.4255
240 80.8425 83.4702
241 80.8425 83.6443
242 80.4098 83.7141
243 80.4098 83.5641
244 79.4883 83.3805
245 79.4883 83.8069
246 79.4883 83.5825
247 79.3338 83.5633
248 79.3338 82.7538
249 79.3338 83.2462
250 79.3338 82.8751
251 79.2182 82.8268
252 79.2182 82.4865
253 79.2182 82.2935
254 79.2182 82.3086
255 79.2182 82.0823
256 79.1038 81.55
257 79.1038 81.2551
258 78.8506 81.5743
259 78.7362 81.8475
260 78.7362 81.6117
261 78.3889 81.1972
262 78.0213 81.281
263 77.9069 80.9491
264 77.7304 80.4309
265 77.7304 80.6488
266 77.7304 80.7691
267 77.3867 80.8918
268 77.3867 80.026
269 77.3867 80.2422
270 77.3867 79.7309
271 77.3867 80.6018
272 77.3867 80.5303
273 77.3867 80.8526
274 76.8891 80.2583
275 76.4814 80.126
276 75.8062 80.4027
277 75.8062 80.352
278 74.3784 80.062
279 74.3784 79.7639
280 74.3784 79.4005
281 74.3784 79.2433
282 74.3784 78.5627
283 74.3784 77.8715
284 74.3784 76.7436
285 74.3784 76.4945
286 74.3784 76.8716
287 74.3784 76.915
288 74.3784 76.1255
289 74.3784 76.7654
290 74.3784 77.3122
291 74.3784 77.2591
292 74.3784 77.4602
293 74.3784 77.4347
294 74.3784 77.6694
295 74.3784 77.7413
296 74.0843 78.1263
297 73.6868 78.4259
298 73.6868 78.2209
299 73.6868 77.4175
300 73.6868 77.2125
301 73.6868 76.7762
302 73.6868 76.4823
303 73.6868 76.0694
304 73.6868 75.9089
305 73.6868 76.6159
306 73.6868 76.5718
307 73.5649 76.5505
308 73.5649 76.5697
309 73.5649 76.4325
310 73.5649 76.2002
311 73.2046 76.3804
312 73.0827 75.8581
313 73.0827 76.5593
314 73.0827 76.1244
315 73.0827 76.5877
316 73.0827 76.7664
317 73.0827 76.3354
318 73.0827 75.9837
319 73.0827 76.0363
320 73.0827 75.6925
321 73.0827 76.1518
322 72.9022 75.7716
323 72.9022 76.2478
324 72.9022 76.0096
325 72.776 75.4932
326 72.776 75.2861
327 72.5026 75.2149
328 72.5026 75.099
329 72.5026 75.2286
330 72.5026 75.3981
331 72.5026 75.4729
332 72.5026 75.4304
333 71.9323 75.1249
334 71.9323 75.3361
335 71.9323 75.2002
336 71.9323 75.256
337 71.9323 75.3326
338 71.9323 75.0799
339 71.7118 74.6452
340 71.7118 74.5776
341 71.7118 75.0281
342 71.7118 75.6121
343 71.7118 75.7757
344 71.3929 75.7501
345 71.3929 75.583
346 71.3929 74.5221
347 71.3929 74.1509
348 71.3929 74.9279
349 71.3929 74.8249
350 71.1596 74.2005
351 71.1596 74.1503
352 71.0959 74.0783
353 71.0959 74.9673
354 71.0959 74.652
355 71.0959 74.6814
356 71.0959 74.6017
357 71.0381 73.8966
358 71.0381 72.9611
359 71.0381 73.9254
360 71.0381 73.8141
361 71.0381 74.74
362 70.8304 74.7643
363 70.8304 74.8559
364 70.8304 74.0471
365 70.8304 74.1432
366 70.7507 74.0441
367 70.7507 73.7796
368 70.7507 74.2806
369 70.3542 74.209
370 70.3542 74.0516
371 70.3542 73.8467
372 70.3542 73.1502
373 70.3542 72.7611
374 70.3542 72.663
375 70.3542 72.6752
376 70.3542 72.9924
377 70.3542 73.2013
378 70.2437 72.7723
379 70.2437 73.2192
380 70.1269 72.9967
381 70.0164 73.041
382 70.0164 73.5308
383 70.0164 73.2501
384 70.0164 73.5006
385 70.0164 72.9167
386 70.0164 73.6968
387 70.0164 73.7136
388 70.0164 73.365
389 70.0164 73.6382
390 70.0164 73.6713
391 70.0164 73.2484
392 70.0164 73.4949
393 70.0164 73.7304
394 70.0164 73.185
395 69.8901 73.2498
396 69.8901 73.1151
397 69.8901 72.6778
398 69.8901 72.8958
399 69.8901 72.6808
400 69.8901 72.8029
401 69.8901 72.9722
402 69.8901 73.9132
403 69.8901 73.9564
404 69.8901 73.5914
405 69.8901 73.5349
406 69.8901 73.6405
407 69.8901 74.0018
408 69.8901 73.7491
409 69.8901 73.3403
410 69.8901 72.8646
411 69.8901 72.2375
412 69.8901 72.2246
413 69.8901 71.8649
414 69.8901 72.307
415 69.8901 72.8327
416 69.8901 72.8084
417 69.8901 73.0162
418 69.8901 72.7776
419 69.8901 72.1717
420 69.8901 72.1991
421 69.8901 72.4988
422 69.8901 72.3074
423 69.8901 72.632
424 69.8901 72.8881
425 69.8901 72.6749
426 69.8901 72.9425
427 69.8901 72.2673
428 69.8901 71.9106
429 69.8901 72.2174
430 69.8901 72.1753
431 69.8901 72.857
432 69.8901 72.9333
433 69.8901 72.4899
434 69.8901 72.3967
435 69.8901 72.0688
436 69.8901 72.6657
437 69.8901 72.74
438 69.8901 72.8971
439 69.8901 73.0739
440 69.8901 73.7653
441 69.8618 73.2414
442 69.8618 72.8457
443 69.8618 73.0408
444 69.8618 72.7727
445 69.4435 73.1372
446 69.4152 73.3317
447 69.4152 72.8695
448 69.4152 73.1452
449 69.4152 73.1219
450 69.4152 72.8657
451 69.4152 73.0405
452 69.4152 72.8689
453 69.4152 72.4412
454 69.4152 72.8203
455 69.4152 73.1747
456 69.4152 72.7323
457 69.4152 72.6609
458 69.4152 71.8317
459 69.4152 71.5871
460 69.4152 71.3824
461 69.4152 71.9053
462 69.4152 72.4226
463 69.4152 72.1123
464 69.4152 72.2991
465 69.4152 72.6194
466 69.4152 72.5783
467 69.4152 72.4067
468 69.4152 72.8789
469 69.4152 73.6587
470 69.4152 73.4486
471 69.4152 73.3649
472 69.4152 72.3815
473 69.4152 72.4746
474 69.4152 72.5452
475 69.4152 72.8713
476 69.4152 72.2916
477 69.4152 71.4342
478 69.4152 71.4195
479 69.4152 71.9594
480 69.4152 71.5787
481 69.4152 72.4077
482 69.4152 72.8954
483 69.4152 71.984
484 69.4152 71.8804
485 69.4152 71.672
486 69.4152 72.3894
487 69.4152 72.4603
488 69.4152 71.9637
489 69.4152 71.423
490 69.4152 72.0618
491 69.4152 72.326
492 69.4152 72.3641
493 69.4152 72.883
494 69.4152 72.6962
495 69.4152 72.675
496 69.4152 72.7085
497 69.4152 71.8598
498 69.4047 71.869
499 69.4047 72.3808
500 69.4047 72.5211
501 69.4047 72.1735
502 69.4047 71.7526
503 69.4047 71.5784
504 69.4047 72.3788
505 69.4047 72.1966
506 69.4047 71.5681
507 69.4047 71.4495
508 69.4047 71.9338
509 69.4047 72.2322
510 69.4047 72.3098
511 69.4047 72.531
512 69.4047 72.326
513 69.4047 72.4041
514 69.4047 72.9601
515 69.4047 72.4749
516 69.4047 73.0869
517 69.4047 72.4225
518 69.4047 72.0287
519 69.4047 72.3111
520 69.4047 71.675
521 69.4047 71.6122
522 69.4047 71.2232
523 69.4047 71.9893
524 69.4047 71.9241
525 69.4047 72.1551
526 69.4047 72.2606
527 69.4047 72.4476
528 69.4047 71.8411
529 69.4047 72.3011
530 69.4047 72.5427
531 69.4047 72.4019
532 69.4047 72.2796
533 69.4047 73.0956
534 69.4047 73.0083
535 69.4047 72.4915
536 69.4047 72.2066
537 69.4047 72.5202
538 69.4047 72.3062
539 69.4047 72.112
540 69.4047 72.5661
541 69.4047 72.0542
542 69.4047 72.0326
543 69.4047 71.8054
544 69.4047 71.7848
545 69.4047 71.4772
546 69.4047 71.0351
547 69.4047 71.6681
548 69.4047 71.6488
549 69.4047 71.6795
550 69.4047 72.0782
551 69.4047 72.4143
552 69.4047 72.2796
553 69.4047 72.242
554 69.4047 71.4516
555 69.4047 71.5471
556 69.4047 71.7225
557 69.4047 71.3993
558 69.4047 71.1851
559 69.4047 72.1261
560 69.4047 71.9379
561 69.4047 72.041
562 69.4047 72.7305
563 69.4047 72.2667
564 69.4047 72.1248
565 69.4047 71.9149
566 69.4047 71.8591
567 69.4047 71.573
568 69.4047 71.4854
569 69.4047 71.786
570 69.4047 71.9886
571 69.4047 71.6912
572 69.4047 71.7763
573 69.4047 72.0702
574 69.4047 72.0895
575 69.4047 71.4522
576 69.4047 72.2555
577 69.4047 72.2772
578 69.4047 72.2857
579 69.4047 72.2698
580 69.4047 72.7662
581 69.4047 72.9451
582 69.4047 72.7287
583 69.4047 72.393
584 69.4047 72.5131
585 69.4047 72.2726
586 69.4047 71.8498
587 69.4047 72.2758
588 69.4047 72.009
589 69.4047 72.5851
590 69.4047 71.5421
591 69.4047 71.3756
592 69.4047 71.5244
593 69.4047 71.9151
594 69.4047 71.8057
595 69.4047 71.7671
596 69.4047 73.0019
597 69.4047 72.0846
598 69.4047 71.7113
599 69.4047 72.2051
600 69.4047 72.1926
601 69.4047 71.7899
602 69.4047 71.0976
603 69.4047 71.4792
604 69.4047 71.5925
605 69.4047 71.9375
606 69.4047 71.9237
607 69.4047 71.671
608 69.4047 72.0969
609 69.4047 72.1368
610 69.4047 71.9801
611 69.4047 71.6224
612 69.4047 71.7514
613 69.4047 71.896
614 69.4047 72.5195
615 69.4047 72.2078
616 69.4047 71.7104
617 69.4047 71.2925
618 69.4047 71.8279
619 69.4047 72.7258
620 69.4047 72.1021
621 69.4047 71.9173
622 69.4047 72.1583
623 69.4047 71.6649
624 69.4047 72.0476
625 69.4047 72.1952
626 69.4047 71.8923
627 69.4047 72.1401
628 69.4047 71.8634
629 69.4047 71.8746
630 69.4047 71.5749
631 69.4047 72.1572
632 69.4047 71.9996
633 69.4047 72.2084
634 69.4047 72.0102
635 69.4047 72.0314
636 69.4047 71.3339
637 69.4047 71.5558
638 69.4047 71.3833
639 69.4047 71.2524
640 69.4047 71.1276
641 69.4047 71.7554
642 69.4047 71.9474
643 69.4047 71.9558
644 69.4047 72.1573
645 69.4047 72.3768
646 69.4047 72.4348
647 69.4047 72.0673
648 69.4047 72.3564
649 69.4047 72.1131
650 69.4047 72.2807
651 69.4047 72.1751
652 69.4047 72.1224
653 69.4047 71.8521
654 69.4047 71.9811
655 69.4047 71.8871
656 68.7801 71.916
657 68.7801 71.5843
658 68.7801 71.6088
659 68.7801 72.0465
660 68.7801 72.0892
661 68.7801 71.9772
662 68.7801 71.7273
663 68.7801 71.5037
664 68.7801 71.2412
665 68.7801 70.9987
666 68.7801 71.2305
667 68.7801 71.3234
668 68.7801 70.672
669 68.7801 70.8869
670 68.7801 71.0058
671 68.7801 71.0661
672 68.7801 71.5912
673 68.7801 71.1426
674 68.7801 70.6202
675 68.7801 71.0781
676 68.7801 71.1711
677 68.7801 71.798
678 68.7801 71.7525
679 68.7801 72.6724
680 68.7801 72.3537
681 68.7801 71.9398
682 68.7801 71.7074
683 68.7801 71.6779
684 68.7801 71.1849
685 68.7801 71.1689
686 68.7801 71.0838
687 68.7801 71.0197
688 68.7801 71.1485
689 68.7801 71.614
690 68.7801 71.7724
691 68.7801 71.5259
692 68.7801 71.2313
693 68.7801 71.5689
694 68.7801 71.7779
695 68.7801 71.5604
696 68.7801 72.0151
697 68.7801 71.604
698 68.7801 71.7427
699 68.7801 71.3824
700 68.7801 71.9123
701 68.7801 71.7806
702 68.7801 71.7195
703 68.7801 71.6677
704 68.7801 71.8055
705 68.7801 71.5918
706 68.7801 71.1888
707 68.7801 70.6518
708 68.7801 70.963
709 68.7801 71.3335
710 68.7801 71.181
711 68.6408 70.3798
712 68.6408 70.2902
713 68.6408 70.8449
714 68.6408 70.9917
715 68.6408 71.2077
716 68.6408 71.4684
717 68.6408 71.2691
718 68.6408 71.0108
719 68.6408 72.0188
720 68.6408 71.7352
721 68.6408 71.3897
722 68.6408 71.3116
723 68.6408 71.3892
724 68.6408 72.1092
725 68.6408 71.9723
726 68.6408 71.2102
727 68.6408 72.9394
728 68.6408 72.1944
729 68.6408 72.3689
730 68.6408 71.7313
731 68.6408 72.1268
732 68.6408 71.4327
733 68.6408 70.8563
734 68.6408 70.6618
735 68.6408 70.5315
736 68.6408 70.5733
737 68.6408 70.9242
738 68.6408 70.7933
739 68.6408 71.5387
740 68.6408 71.413
741 68.6408 72.1777
742 68.6408 72.1064
743 68.6408 71.5298
744 68.6408 71.4241
745 68.6408 71.898
746 68.6408 71.6615
747 68.6408 70.9741
748 68.6408 70.8632
749 68.6408 71.5223
750 68.6408 71.7981
751 68.6408 71.2989
752 68.6408 70.9531
753 68.6408 70.8074
754 68.6408 70.8558
755 68.6408 71.2489
756 68.6408 71.1676
757 68.6408 71.1556
758 68.6408 71.4682
759 68.6408 71.6423
760 68.6408 71.6654
761 68.6408 71.7046
762 68.6408 71.8323
763 68.6408 71.5093
764 68.6408 71.4404
765 68.6408 70.8145
766 68.6408 71.0615
767 68.6408 70.6639
768 68.6408 70.9231
769 68.6408 70.6806
770 68.6408 71.6682
771 68.6408 72.0229
772 68.6408 72.8048
773 68.6408 71.8865
774 68.6408 71.5687
775 68.6408 70.6904
776 68.6408 71.4605
777 68.6408 71.2628
778 68.416 71.3801
779 68.416 71.4253
780 68.416 70.9293
781 68.416 70.9833
782 68.416 70.8413
783 68.416 70.3676
784 68.416 70.2331
785 68.416 71.0893
786 68.416 71.4641
787 68.416 71.3645
788 68.416 71.6733
789 68.416 71.522
790 68.416 71.7605
791 68.416 71.8205
792 68.416 71.9973
793 68.416 71.6109
794 68.416 70.7161
795 68.416 70.5586
796 68.416 70.9817
797 68.416 71.0854
798 68.416 71.1757
799 68.416 71.1739
800 68.416 71.1372
801 68.416 71.3308
802 68.416 72.0502
803 68.416 71.6948
804 68.416 71.0454
805 68.416 70.7187
806 68.416 71.0429
807 68.416 71.3412
808 68.416 71.2048
809 68.416 70.9998
810 68.416 71.721
811 68.416 71.6447
812 68.416 71.9938
813 68.416 71.9055
814 68.416 71.9291
815 68.416 71.1285
816 68.416 71.5033
817 68.416 71.6633
818 68.416 71.1228
819 68.416 71.5914
820 68.416 71.0087
821 68.416 71.7272
822 68.416 71.5807
823 68.416 71.115
824 68.416 71.3974
825 68.416 70.8196
826 68.416 71.1649
827 68.416 71.039
828 68.416 71.1142
829 68.416 71.5025
830 68.416 71.2244
831 68.416 71.2879
832 68.416 71.2679
833 68.416 71.4281
834 68.416 71.6155
835 68.416 71.5951
836 68.416 71.0162
837 68.416 72.0004
838 68.416 71.4227
839 68.416 71.2989
840 68.416 72.0272
841 68.3929 72.064
842 68.3929 71.0442
843 68.3929 70.842
844 68.3929 71.1568
845 68.3929 71.9821
846 68.3929 71.5143
847 68.3929 71.1568
848 68.3929 71.505
849 68.3929 70.8841
850 68.3929 71.0905
851 68.3929 71.1209
852 68.3929 71.4738
853 68.3929 71.9949
854 68.3929 71.6636
855 68.3929 71.2037
856 68.3929 70.9204
857 68.3929 71.0339
858 68.2457 71.3614
859 68.2457 71.7263
860 68.2457 71.9805
861 68.2457 71.2363
862 68.2457 71.6343
863 68.2457 71.5432
864 68.2457 71.5715
865 68.2457 71.3966
866 68.2457 71.7736
867 68.2457 71.7059
868 68.2457 71.063
869 68.2457 71.1117
870 68.2457 71.0168
871 68.2457 70.6994
872 68.2457 70.9687
873 68.2457 70.9732
874 68.2457 71.0942
875 68.2457 70.7155
876 68.2457 69.8955
877 68.2457 69.8332
878 68.2457 69.6551
879 68.2457 70.3197
880 68.2457 70.8487
881 68.2457 70.9485
882 68.2457 70.4577
883 68.2457 70.455
884 68.2457 70.6732
885 68.2457 70.8267
886 68.2457 70.9173
887 68.2457 71.1396
888 68.1 71.336
889 68.1 70.8925
890 68.1 70.574
891 68.1 70.5667
892 68.1 71.0632
893 68.1 70.5043
894 68.1 70.5483
895 68.1 70.7881
896 68.1 71.6029
897 68.1 71.3498
898 68.1 71.3897
899 68.1 70.9742
900 68.1 70.6967
901 68.1 70.1731
902 68.1 70.0424
903 68.1 70.4488
904 68.1 70.4727
905 68.1 71.0537
906 68.1 70.881
907 68.1 70.4759
908 68.1 70.1895
909 68.1 70.7156
910 68.1 70.5175
911 68.1 70.5083
912 68.1 70.268
913 68.1 70.1452
914 68.1 70.611
915 68.1 70.7773
916 68.1 70.3538
917 68.1 70.5136
918 68.1 70.7875
919 68.1 70.7791
920 68.1 70.6935
921 68.1 70.8918
922 68.1 71.0182
923 68.1 71.2772
924 68.1 71.1628
925 68.1 71.215
926 68.1 70.5439
927 68.1 70.1689
928 68.1 70.7433
929 68.1 71.6969
930 68.1 70.5942
931 68.1 71.1869
932 68.1 70.8176
933 68.1 71.1589
934 68.1 71.4681
935 68.1 71.4383
936 68.1 71.5239
937 68.1 71.3306
938 68.1 70.7088
939 68.1 70.4835
940 68.1 70.5906
941 68.1 71.3223
942 68.1 70.7097
943 68.1 71.1544
944 68.1 71.3111
945 68.1 71.058
946 68.1 71.2805
947 68.1 71.5337
948 68.1 72.1377
949 68.1 72.4643
950 68.1 72.0727
951 68.1 71.6361
952 68.1 71.0803
953 68.1 70.8217
954 68.1 70.3447
955 68.1 70.6243
956 68.1 70.5703
957 68.1 70.3922
958 68.1 70.5044
959 68.1 70.6529
960 68.1 70.1552
961 68.1 70.7283
962 68.1 71.01
963 68.1 71.3137
964 68.1 71.1665
965 68.1 71.1096
966 68.1 70.5098
967 68.1 71.0136
968 68.1 71.0165
969 68.1 70.6045
970 68.1 70.4576
971 68.1 70.4119
972 68.1 70.4372
973 68.1 69.8697
974 68.1 70.2938
975 68.1 71.0321
976 68.1 71.3166
977 68.1 71.6144
978 68.1 71.0193
979 68.1 70.6135
980 68.1 70.874
981 68.1 70.9413
982 68.1 71.1875
983 68.1 70.4596
984 68.1 70.4511
985 68.1 69.8732
986 68.1 69.8314
987 68.1 70.1546
988 68.1 70.4252
989 68.1 71.2486
990 68.1 71.2252
991 68.1 71.2075
992 68.1 71.1178
993 67.7918 71.0808
994 67.7918 71.2882
995 67.7918 71.2424
996 67.7918 71.2151
997 67.7918 71.0735
998 67.7918 70.6757
999 67.7918 70.9867
1000 67.7918 70.7266
1001 67.7918 70.7784
1002 67.7918 71.4656
1003 67.7918 71.0108
1004 67.7918 71.2254
1005 67.7918 70.8997
1006 67.7918 70.9042
1007 67.7918 71.3961
1008 67.7918 70.7371
1009 67.7918 70.3969
1010 67.7918 69.8221
1011 67.7918 70.2815
1012 67.7918 69.9511
1013 67.7918 69.3212
1014 67.7918 70.6321
1015 67.7918 70.153
1016 67.7918 70.3589
1017 67.7918 70.5583
1018 67.7918 70.3269
1019 67.7918 70.706
1020 67.7918 71.0197
1021 67.7918 71.1835
1022 67.7918 70.5824
1023 67.7918 71.2507
1024 67.7918 71.1397
1025 67.7918 71.2309
1026 67.7918 70.7798
1027 67.7918 70.8702
1028 67.7918 70.6714
1029 67.7918 72.4881
1030 67.7918 71.2063
1031 67.7918 70.4683
1032 67.7918 70.6011
1033 67.7918 70.7275
1034 67.7918 71.0885
1035 67.7918 71.0005
1036 67.7918 70.556
1037 67.7918 71.2518
1038 67.7918 70.937
1039 67.7918 70.8189
1040 67.7918 69.9964
1041 67.7918 70.2183
1042 67.6051 70.326
1043 67.6051 70.2724
1044 67.6051 70.9228
1045 67.6051 70.8818
1046 67.6051 71.3774
1047 67.6051 70.8239
1048 67.6051 70.6315
1049 67.6051 70.961
1050 67.6051 70.9989
1051 67.6051 71.4602
1052 67.6051 71.1703
1053 67.6051 71.2786
1054 67.6051 71.1603
1055 67.6051 71.7165
1056 67.6051 70.6171
1057 67.6051 70.36
1058 67.6051 70.8786
1059 67.6051 70.6258
1060 67.6051 70.095
1061 67.6051 70.2592
1062 67.6051 70.1551
1063 67.6051 70.6452
1064 67.6051 70.236
1065 67.6051 70.3489
1066 67.6051 70.3498
1067 67.5569 70.3063
1068 67.5569 70.1732
1069 67.5569 69.7539
1070 67.5569 70.1143
1071 67.5569 70.198
1072 67.2887 69.9489
1073 67.2887 70.7826
1074 67.2887 70.6442
1075 67.2887 69.6295
1076 67.0154 69.5192
1077 67.0154 70.1709
1078 67.0154 70.0062
1079 67.0154 69.2291
1080 67.0154 70.2227
1081 67.0154 70.2452
1082 67.0154 70.222
1083 67.0154 69.6168
1084 67.0154 69.9965
1085 67.0154 70.4227
1086 67.0154 70.147
1087 67.0154 70.155
1088 67.0154 70.393
1089 67.0154 70.4874
1090 66.9291 70.3247
1091 66.9291 70.3003
1092 66.9291 70.5077
1093 66.9291 70.3525
1094 66.9291 69.6036
1095 66.9291 69.2327
1096 66.9291 68.809
1097 66.9291 69.2219
1098 66.9291 69.0986
1099 66.9291 68.9787
1100 66.9291 68.8184
1101 66.9291 68.7848
1102 66.9291 69.3905
1103 66.9291 69.2379
1104 66.9291 70.3804
1105 66.9291 70.4938
1106 66.9291 70.702
1107 66.9291 70.6397
1108 66.9291 70.2457
1109 66.9291 70.5443
1110 66.9291 70.3429
1111 66.9291 70.7634
1112 66.9291 70.3171
1113 66.9291 69.9829
1114 66.9291 69.786
1115 66.9291 70.3189
1116 66.9291 69.9733
1117 66.9291 70.0612
1118 66.9291 69.7725
1119 66.9291 69.6071
1120 66.9291 69.5293
1121 66.9291 69.8487
1122 66.9291 69.8447
1123 66.9291 69.7378
1124 66.9291 69.3354
1125 66.9291 69.9269
1126 66.9291 69.8554
1127 66.9291 69.4434
1128 66.9291 69.433
1129 66.9291 69.4612
1130 66.9291 68.9972
1131 66.8384 69.5305
1132 66.8384 69.4844
1133 66.8384 69.3773
1134 66.8384 69.9574
1135 66.8384 69.9075
1136 66.8384 69.6458
1137 66.8384 69.623
1138 66.8384 70.0438
1139 66.8384 69.8336
1140 66.8384 69.313
1141 66.8384 68.9047
1142 66.8384 69.0834
1143 66.8384 69.6215
1144 66.8384 69.6852
1145 66.8384 69.6932
1146 66.8384 69.4528
1147 66.8384 68.5787
1148 66.8384 69.1007
1149 66.8384 69.0424
1150 66.8384 69.3874
1151 66.8384 69.339
1152 66.8384 69.2604
1153 66.8384 69.4199
1154 66.8384 69.8018
1155 66.8384 69.6186
1156 66.8384 68.8633
1157 66.8384 69.0848
1158 66.8384 69.6609
1159 66.8384 69.0168
1160 66.8384 69.5431
1161 66.8384 69.8783
1162 66.8384 70.1848
1163 66.8384 70.039
1164 66.8384 69.2024
1165 66.8384 69.5906
1166 66.8384 70.0213
1167 66.8384 69.713
1168 66.8384 70.0328
1169 66.8384 70.7133
1170 66.8384 69.6116
1171 66.8384 69.4308
1172 66.8384 69.5405
1173 66.8384 69.7763
1174 66.8384 70.0284
1175 66.8384 70.1606
1176 66.8384 69.9738
1177 66.8384 69.8667
1178 66.8384 70.8805
1179 66.8384 70.9963
1180 66.8384 70.9294
1181 66.8384 70.5157
1182 66.8384 70.7741
1183 66.8384 69.9252
1184 66.8384 69.3201
1185 66.8384 69.0316
1186 66.8384 68.647
1187 66.8384 69.1606
1188 66.8384 69.7955
1189 66.8384 69.9612
1190 66.8384 70.6264
1191 66.8384 70.2795
1192 66.8384 69.967
1193 66.8384 69.9202
1194 66.8384 69.8627
1195 66.8384 70.091
1196 66.8384 69.825
1197 66.8384 69.7914
1198 66.8384 69.4874
1199 66.8384 69.8565
1200 66.8384 70.2992
1201 66.8384 70.8761
1202 66.8384 70.0254
1203 66.8384 70.2754
1204 66.8384 70.2159
1205 66.8384 70.3434
1206 66.8384 70.2564
1207 66.8384 69.8352
1208 66.8384 69.9173
1209 66.8384 69.4975
1210 66.8384 69.8921
1211 66.8384 69.8388
1212 66.8384 69.42
1213 66.8384 69.6449
1214 66.8384 70.0253
1215 66.8384 70.0576
1216 66.8384 71.0178
1217 66.8384 70.5409
1218 66.8384 70.5741
1219 66.8384 70.2254
1220 66.8384 69.4479
1221 66.8384 69.4603
1222 66.8384 69.7174
1223 66.8384 69.9308
1224 66.8384 69.8231
1225 66.8384 70.3044
1226 66.8384 69.9769
1227 66.8384 69.9678
1228 66.8384 69.6189
1229 66.8384 69.7138
1230 66.8384 69.0805
1231 66.8384 69.94
1232 66.8384 69.7146
1233 66.8384 69.1046
1234 66.8384 69.0664
1235 66.8384 69.2999
1236 66.8384 69.3074
1237 66.8384 68.7803
1238 66.8384 69.0191
1239 66.8384 69.7996
1240 66.8384 69.9129
1241 66.8384 70.6074
1242 66.8384 70.0883
1243 66.8384 69.94
1244 66.8384 69.4894
1245 66.8384 69.4727
1246 66.8384 69.9098
1247 66.8384 69.8943
1248 66.8384 70.101
1249 66.8384 69.5951
1250 66.8384 69.2053
1251 66.8384 69.3012
1252 66.8384 69.5315
1253 66.8384 69.2629
1254 66.8384 69.3991
1255 66.8384 70.3389
1256 66.8384 70.2337
1257 66.8384 70.7114
1258 66.8384 69.9588
1259 66.8384 70.2991
1260 66.8384 69.8028
1261 66.8384 69.7907
1262 66.8384 69.536
1263 66.8384 69.8705
1264 66.8384 69.8018
1265 66.8384 69.4662
1266 66.8384 69.4215
1267 66.8384 69.4544
1268 66.8384 69.8141
1269 66.8384 69.0334
1270 66.8384 69.2158
1271 66.8384 69.3173
1272 66.8384 69.6484
1273 66.8384 69.1288
1274 66.8384 69.2858
1275 66.8384 69.7471
1276 66.8384 70.0177
1277 66.8384 68.9752
1278 66.8384 68.7889
1279 66.8384 68.7689
1280 66.8384 69.1704
1281 66.8384 69.0408
1282 66.8384 69.1292
1283 66.8384 69.4057
1284 66.8384 69.9315
1285 66.8384 69.8493
1286 66.8384 69.6247
1287 66.8384 69.0665
1288 66.8384 69.2095
1289 66.8384 69.3018
1290 66.8384 69.0395
1291 66.8384 68.9596
1292 66.8384 69.5115
1293 66.8384 70.0671
1294 66.8384 70.0014
1295 66.8384 69.4503
1296 66.8384 69.7897
1297 66.8384 70.3148
1298 66.8384 69.119
1299 66.8384 69.4318
1300 66.8384 70.0692
1301 66.8384 69.6344
1302 66.8384 69.8204
1303 66.8384 69.578
1304 66.8384 69.1921
1305 66.8384 69.3711
1306 66.8384 69.4432
1307 66.8384 69.7137
1308 66.8384 69.3384
1309 66.8384 69.5084
1310 66.8384 69.7759
1311 66.8384 69.8648
1312 66.8384 69.5504
1313 66.8384 69.0892
1314 66.8384 69.0628
1315 66.8384 69.3728
1316 66.8384 69.6366
1317 66.8384 70.0497
1318 66.8384 70.0825
1319 66.8384 69.91
1320 66.8384 69.6398
1321 66.8384 70.1988
1322 66.8384 69.809
1323 66.8384 70.1273
1324 66.8384 70.11
1325 66.8384 69.3906
1326 66.8384 69.1394
1327 66.8384 69.2624
1328 66.8384 69.9861
1329 66.8384 70.0728
1330 66.8384 69.7051
1331 66.8384 69.7262
1332 66.8384 69.8731
1333 66.8384 70.102
1334 66.8384 69.8896
1335 66.8384 69.823
1336 66.8384 69.9104
1337 66.8384 69.7199
1338 66.8384 69.3144
1339 66.8384 69.0587
1340 66.8384 69.4322
1341 66.8384 69.6513
1342 66.8384 70.3867
1343 66.8384 70.4118
1344 66.8384 70.1386
1345 66.8384 69.3025
1346 66.8384 68.7632
1347 66.8384 69.1732
1348 66.8384 69.319
1349 66.8384 69.6669
1350 66.8384 68.8853
1351 66.8384 68.9538
1352 66.8384 69.4274
1353 66.8384 68.6781
1354 66.8384 69.3103
1355 66.8384 70.0344
1356 66.8384 69.8976
1357 66.8384 69.7255
1358 66.8384 69.9377
1359 66.8384 69.8484
1360 66.8384 69.6215
1361 66.8384 69.2691
1362 66.8384 69.4019
1363 66.8384 69.7192
1364 66.8384 69.6515
1365 66.8384 69.823
1366 66.8384 69.7615
1367 66.8384 69.823
1368 66.8384 69.435
1369 66.8384 69.4893
1370 66.8384 69.6337
1371 66.8384 70.1009
1372 66.8384 70.6487
1373 66.8384 70.0381
1374 66.8384 70.2358
1375 66.8384 69.9063
1376 66.8384 70.0886
1377 66.8384 69.8068
1378 66.8384 69.6875
1379 66.8384 70.1888
1380 66.8384 70.1469
1381 66.8384 70.059
1382 66.8384 69.8645
1383 66.8384 69.9942
1384 66.8384 69.531
1385 66.8384 69.6827
1386 66.8384 69.2545
1387 66.8384 69.684
1388 66.8384 69.618
1389 66.8384 69.6272
1390 66.8384 69.2348
1391 66.8384 69.4453
1392 66.8384 70.2643
1393 66.8384 70.216
1394 66.8384 70.2307
1395 66.8384 69.6285
1396 66.8384 69.1086
1397 66.8384 69.1824
1398 66.8384 69.2981
1399 66.8384 69.7453
1400 66.8384 69.6662
1401 66.8384 69.964
1402 66.8384 70.0578
1403 66.8384 70.334
1404 66.8384 70.3142
1405 66.8384 70.305
1406 66.8384 70.1057
1407 66.8384 70.0371
1408 66.8384 69.3019
1409 66.8384 69.708
1410 66.8384 70.0497
1411 66.8384 69.664
1412 66.8384 69.5347
1413 66.8384 69.4574
1414 66.8384 69.245
1415 66.8384 69.179
1416 66.8384 69.1119
1417 66.8384 69.1179
1418 66.8384 69.3568
1419 66.8384 68.9632
1420 66.8384 68.6085
1421 66.8384 68.2286
1422 66.8384 68.9194
1423 66.8384 69.6983
1424 66.8384 70.2956
1425 66.8384 70.015
1426 66.8384 70.0129
1427 66.8384 70.0071
1428 66.8384 69.4921
1429 66.8384 69.5987
1430 66.8384 69.5873
1431 66.8384 69.6599
1432 66.8384 69.5597
1433 66.8384 69.4273
1434 66.8384 69.7674
1435 66.8384 70.1759
1436 66.8384 70.1385
1437 66.8384 70.084
1438 66.8384 69.7747
1439 66.8384 69.5304
1440 66.8384 69.3838
1441 66.8384 69.6193
1442 66.8384 69.8557
1443 66.8384 69.9187
1444 66.8384 69.6493
1445 66.8384 69.853
1446 66.8384 69.8509
1447 66.8384 69.7631
1448 66.8384 69.0571
1449 66.8384 68.9499
1450 66.8384 69.4952
1451 66.8384 69.857
1452 66.8384 69.4021
1453 66.8384 69.2478
1454 66.8384 69.0776
1455 66.8384 69.0608
1456 66.8384 69.1875
1457 66.8384 69.0624
1458 66.8384 68.8068
1459 66.8384 68.9236
1460 66.8384 68.7513
1461 66.8384 68.9009
1462 66.8384 69.5736
1463 66.8384 69.4569
1464 66.8384 69.4295
1465 66.8384 69.2565
1466 66.8384 69.4489
1467 66.8384 69.474
1468 66.8384 69.5392
1469 66.8384 69.834
1470 66.8384 70.1355
1471 66.8384 70.6008
1472 66.8384 70.2132
1473 66.8384 69.5022
1474 66.8384 69.3364
1475 66.8384 69.8532
1476 66.8384 69.8452
1477 66.8384 70.2566
1478 66.8384 70.0869
1479 66.8384 69.8595
1480 66.8384 69.5104
1481 66.8384 69.7153
1482 66.8384 69.47
1483 66.8384 68.9402
1484 66.8384 69.1552
1485 66.8384 69.3083
1486 66.8384 69.4953
1487 66.8384 69.7388
1488 66.8384 69.3478
1489 66.8384 69.9845
1490 66.8384 69.6092
1491 66.8384 69.3379
1492 66.8384 69.6187
1493 66.8384 69.8364
1494 66.8384 69.3542
1495 66.8384 69.2206
1496 66.8384 69.2275
1497 66.8384 69.2389
1498 66.8384 69.6957
1499 66.8384 69.4289
1500 66.8384 69.5291
1501 66.8384 68.9117
1502 66.8384 68.8344
1503 66.8384 69.2912
1504 66.8384 69.5621
1505 66.8384 69.0852
1506 66.8384 69.6892
1507 66.8384 69.055
1508 66.8384 69.0926
1509 66.8384 69.4734
1510 66.8384 69.4134
1511 66.8384 69.5595
1512 66.8384 69.2965
1513 66.8384 69.7742
1514 66.8384 69.9475
1515 66.8384 70.0459
1516 66.8384 69.5014
1517 66.8384 69.5193
1518 66.8384 69.1119
1519 66.8384 69.6409
1520 66.8384 69.1717
1521 66.8384 69.4847
1522 66.8384 69.3895
1523 66.8384 69.7814
1524 66.8384 70.2168
1525 66.8384 70.0252
1526 66.8384 70.0492
1527 66.8384 69.867
1528 66.8384 69.6007
1529 66.8384 69.3402
1530 66.8384 69.797
1531 66.8384 69.9289
1532 66.8384 70.4261
1533 66.8384 69.9194
1534 66.8384 70.0055
1535 66.8384 69.7006
1536 66.8384 69.341
1537 66.8384 70.4036
1538 66.8384 69.7099
1539 66.8384 69.4996
1540 66.8384 69.0913
1541 66.8384 69.6863
1542 66.4543 69.5861
1543 66.4543 69.5802
1544 66.4543 69.0959
1545 66.4543 70.0882
1546 66.4543 69.7081
1547 66.4543 69.854
1548 66.4543 69.47
1549 66.4543 69.1844
1550 66.4543 69.6716
1551 66.4543 69.6237
1552 66.4543 69.3319
1553 66.4543 69.0257
1554 66.4543 68.5953
1555 66.4543 68.8033
1556 66.4543 69.6742
1557 66.4543 69.022
1558 66.4543 68.3573
1559 66.4543 68.2409
1560 66.4543 68.1347
1561 66.4543 68.377
1562 66.4543 68.073
1563 66.4543 68.5004
1564 66.4543 68.58
1565 66.4543 69.1771
1566 66.4543 68.8161
1567 66.4543 68.7609
1568 66.4543 68.6746
1569 66.4543 68.73
1570 66.4543 68.7174
1571 66.4543 68.3382
1572 66.4543 69.2068
1573 66.4543 69.0551
1574 66.4543 69.5359
1575 66.4543 69.5603
1576 66.4543 69.207
1577 66.4543 68.9173
1578 66.4543 69.3318
1579 66.4543 68.9623
1580 66.4543 69.0332
1581 66.4543 69.3789
1582 66.4543 69.2194
1583 66.4543 68.9219
1584 66.4543 69.2135
1585 66.4543 69.1572
1586 66.4543 69.8896
1587 66.4543 69.6398
1588 66.4543 69.0392
1589 66.4543 69.0153
1590 66.4543 68.7176
1591 66.4543 68.6031
1592 66.4543 69.3323
1593 66.4543 69.5466
1594 66.4543 70.0038
1595 66.4543 69.8172
1596 66.4543 69.3346
1597 66.4543 69.336
1598 66.4543 69.3067
1599 66.4543 68.7889
1600 66.4543 69.0496
1601 66.4543 69.0822
1602 66.4543 68.9818
1603 66.4543 69.096
1604 66.4543 69.1238
1605 66.4543 69.4234
1606 66.4543 68.4322
1607 66.4543 68.7223
1608 66.4543 68.4544
1609 66.4543 69.1148
1610 66.4543 70.1218
1611 66.4543 69.9431
1612 66.4543 69.8564
1613 66.4543 69.7102
1614 66.4543 69.8747
1615 66.4543 70.2379
1616 66.4543 69.6931
1617 66.4543 70.1877
1618 66.4543 70.2556
1619 66.4543 69.8537
1620 66.4543 69.3938
1621 66.4543 69.3457
1622 66.4543 69.2878
1623 66.4543 68.9532
1624 66.4543 68.7984
1625 66.4543 69.1619
1626 66.4543 69.7558
1627 66.4543 69.5766
1628 66.4543 69.4918
1629 66.4543 69.8038
1630 66.4543 70.1577
1631 66.4543 69.9336
1632 66.4543 69.6973
1633 66.4543 69.311
1634 66.4543 69.2508
1635 66.4543 69.3701
1636 66.4543 69.4001
1637 66.4543 69.4886
1638 66.4543 68.8313
1639 66.4543 69.0693
1640 66.4543 69.1652
1641 66.4543 68.7709
1642 66.4543 69.3497
1643 66.4543 69.2688
1644 66.4543 69.1511
1645 66.4543 69.2384
1646 66.4543 69.3969
1647 66.4543 69.123
1648 66.4543 69.5412
1649 66.4543 70.0269
1650 66.4543 69.7497
1651 66.4543 69.0657
1652 66.4543 69.017
1653 66.4543 69.1651
1654 66.4543 69.2788
1655 66.4543 69.0402
1656 66.4543 68.4534
1657 66.4543 68.8064
1658 66.4543 68.4949
1659 66.4543 68.6671
1660 66.4543 68.9082
1661 66.4543 69.3069
1662 66.4543 70.2229
1663 66.4543 70.15
1664 66.4543 70.0123
1665 66.4543 70.0485
1666 66.4543 69.2537
1667 66.4543 69.8897
1668 66.4543 69.4667
1669 66.4543 69.7557
1670 66.4543 69.0771
1671 66.4543 68.8746
1672 66.4543 69.5317
1673 66.4543 70.1579
1674 66.4543 70.147
1675 66.4543 69.792
1676 66.4543 69.3382
1677 66.4543 69.352
1678 66.4543 69.8257
1679 66.4543 69.631
1680 66.4543 69.4901
1681 66.4543 68.8136
1682 66.4543 69.542
1683 66.4543 69.3267
1684 66.4543 69.8899
1685 66.4543 69.7844
1686 66.4543 69.5777
1687 66.4543 69.1451
1688 66.4543 69.262
1689 66.4543 69.5872
1690 66.4543 69.6851
1691 66.4543 69.6643
1692 66.4543 68.7759
1693 66.4543 68.9366
1694 66.4543 69.5227
1695 66.4543 70.2331
1696 66.4543 69.3875
1697 66.4543 69.3164
1698 66.4543 68.8585
1699 66.4543 69.2195
1700 66.4543 68.3502
1701 66.4543 68.2966
1702 66.4543 68.8814
1703 66.4543 69.1862
1704 66.4543 69.2383
1705 66.4543 68.7238
1706 66.4543 69.2394
1707 66.4543 69.6253
1708 66.4543 69.4818
1709 66.4543 69.4037
1710 66.4543 69.2488
1711 66.4543 68.7296
1712 66.4543 68.7522
1713 66.4543 68.8637
1714 66.4543 68.6975
1715 66.4543 68.6144
1716 66.4543 68.6684
1717 66.4543 68.762
1718 66.4543 69.0463
1719 66.4543 68.8916
1720 66.4543 68.8665
1721 66.4543 68.8809
1722 66.4543 69.2048
1723 66.4543 68.6091
1724 66.4543 68.8619
1725 66.4543 68.9902
1726 66.4543 69.1288
1727 66.4543 69.0668
1728 66.4543 69.1415
1729 66.4543 69.4288
1730 66.4543 69.1633
1731 66.4543 69.2957
1732 66.4543 69.5252
1733 66.4543 68.6778
1734 66.4543 69.1628
1735 66.4543 69.8241
1736 66.4543 70.0728
1737 66.4543 69.9272
1738 66.4543 69.7329
1739 66.4543 69.7858
1740 66.4543 69.681
1741 66.4543 69.0324
1742 66.4543 68.8349
1743 66.4543 68.55
1744 66.4543 68.7523
1745 66.4543 68.4454
1746 66.4543 68.0278
1747 66.4543 68.183
1748 66.4543 68.6649
1749 66.4543 68.4845
1750 66.4543 68.8861
1751 66.4543 69.1581
1752 66.4543 69.518
1753 66.4543 69.2735
1754 66.4543 69.068
1755 66.4543 68.9686
1756 66.4543 69.2833
1757 66.4543 69.3148
1758 66.4543 69.3009
1759 66.4543 69.1036
1760 66.4543 69.073
1761 66.4543 68.7466
1762 66.4543 69.2986
1763 66.4543 69.3069
1764 66.4543 68.9976
1765 66.4543 69.6303
1766 66.4543 69.2523
1767 66.4543 69.5785
1768 66.4543 69.1323
1769 66.4543 69.5502
1770 66.4543 70.3331
1771 66.4543 70.068
1772 66.4543 69.2952
1773 66.4543 68.8777
1774 66.4543 68.7644
1775 66.4543 69.2713
1776 66.4543 69.6187
1777 66.4543 69.29
1778 66.4543 69.2337
1779 66.4543 68.962
1780 66.4543 69.7205
1781 66.4543 68.8253
1782 66.4543 68.6609
1783 66.4543 68.9842
1784 66.4543 68.7507
1785 66.4543 68.8482
1786 66.4543 69.3119
1787 66.4543 69.0831
1788 66.4543 69.501
1789 66.4543 69.1989
1790 66.4543 69.3253
1791 66.4543 68.979
1792 66.4543 68.7388
1793 66.4543 69.5267
1794 66.4543 69.2884
1795 66.4543 69.4387
1796 66.4543 69.531
1797 66.4543 69.7766
1798 66.4543 69.3805
1799 66.4543 68.9239
1800 66.4543 68.5766
1801 66.4543 68.292
1802 66.4543 68.4538
1803 66.4543 68.3031
1804 66.4543 68.4823
1805 66.4543 68.733
1806 66.4543 68.7746
1807 66.4543 69.1262
1808 66.4543 69.4938
1809 66.4543 69.4879
1810 66.4543 69.3641
1811 66.4543 69.421
1812 66.4543 69.3481
1813 66.4543 69.2351
1814 66.4543 69.1733
1815 66.4543 69.1036
1816 66.4543 68.9976
1817 66.4543 69.3201
1818 66.4543 69.8924
1819 66.4543 69.3486
1820 66.4543 69.1219
1821 66.4543 68.8913
1822 66.4543 69.0138
1823 66.4543 68.7988
1824 66.4543 69.0529
1825 66.4543 69.2423
1826 66.4543 68.9089
1827 66.4543 69.3377
1828 66.4543 69.0004
1829 66.4543 69.5586
1830 66.4543 69.14
1831 66.4543 68.8843
1832 66.4543 68.9041
1833 66.4543 69.0092
1834 66.4543 68.5206
1835 66.4543 68.7542
1836 66.4543 69.6147
1837 66.4543 69.3763
1838 66.4543 69.0448
1839 66.4543 69.1651
1840 66.4543 68.6924
1841 66.4543 69.0115
1842 66.4543 69.0695
1843 66.4543 69.1294
1844 66.4543 68.944
1845 66.4543 68.807
1846 66.4543 68.6591
1847 66.4543 69.3078
1848 66.4543 68.4027
1849 66.4543 68.8521
1850 66.4543 68.8285
1851 66.4543 68.4718
1852 66.4543 68.6197
1853 66.4543 68.7255
1854 66.4543 68.3707
1855 66.4543 69.5845
1856 66.4543 68.745
1857 66.4543 69.507
1858 66.4543 69.8965
1859 66.4543 70.1105
1860 66.4543 69.6983
1861 66.4543 69.7009
1862 66.4543 69.4654
1863 66.4543 68.7948
1864 66.4543 68.4834
1865 66.4543 69.273
1866 66.4543 69.3213
1867 66.4543 69.4634
1868 66.4543 69.4015
1869 66.4543 69.0303
1870 66.4543 69.4794
1871 66.4543 69.2289
1872 66.4543 69.5186
1873 66.4543 69.2092
1874 66.4543 68.9355
1875 66.4543 69.1603
1876 66.4543 68.874
1877 66.4543 68.9121
1878 66.4543 69.3523
1879 66.4543 69.1363
1880 66.4543 69.1627
1881 66.4543 69.2402
1882 66.4543 69.4825
1883 66.4543 69.0333
1884 66.4543 69.2074
1885 66.4543 69.467
1886 66.4543 69.2442
1887 66.4543 69.671
1888 66.4543 68.8857
1889 66.4543 69.2095
1890 66.4543 69.1865
1891 66.4543 69.7012
1892 66.4543 69.6587
1893 66.4543 69.772
1894 66.4543 69.0881
1895 66.4543 68.9002
1896 66.4543 68.0018
1897 66.4543 68.2855
1898 66.4543 69.1008
1899 66.4543 69.106
1900 66.4543 69.4846
1901 66.4543 70.2485
1902 66.4543 69.2823
1903 66.4543 69.339
1904 66.4543 69.3887
1905 66.4543 69.3696
1906 66.4543 69.098
1907 66.4543 69.1376
1908 66.4543 68.9825
1909 66.4543 69.2897
1910 66.4543 68.5743
1911 66.4543 69.0339
1912 66.4543 69.4162
1913 66.4543 69.9431
1914 66.4543 69.8632
1915 66.4543 69.1734
1916 66.4543 69.4974
1917 66.4543 69.1788
1918 66.4543 69.9698
1919 66.4543 69.7139
1920 66.4543 69.6044
1921 66.4543 69.5372
1922 66.4543 68.9094
1923 66.4543 69.0588
1924 66.4543 69.6035
1925 66.4543 69.4534
1926 66.4543 68.8393
1927 66.4543 68.1714
1928 66.4543 68.2593
1929 66.4543 68.3285
1930 66.4543 69.2684
1931 66.4543 68.7429
1932 66.4543 68.2982
1933 66.4543 68.8601
1934 66.4543 68.8343
1935 66.4543 68.8764
1936 66.4543 70.0611
1937 66.4543 69.2877
1938 66.4543 69.0369
1939 66.4543 69.2008
1940 66.4543 69.4343
1941 66.4543 69.8218
1942 66.4543 69.6512
1943 66.4543 69.4009
1944 66.4543 69.2711
1945 66.4543 69.6881
1946 66.4543 69.4362
1947 66.4543 69.2694
1948 66.4543 69.5861
1949 66.4543 70.0872
1950 66.4543 69.2037
1951 66.4543 68.9917
1952 66.4543 68.9064
1953 66.4543 69.2085
1954 66.4543 69.2217
1955 66.4543 69.862
1956 66.4543 70.0064
1957 66.4543 69.2587
1958 66.4543 69.327
1959 66.4543 70.0209
1960 66.4543 69.6643
1961 66.4543 69.7916
1962 66.4543 70.5072
1963 66.4543 69.5162
1964 66.4543 69.458
1965 66.4543 69.114
1966 66.4543 68.9846
1967 66.4543 69.1597
1968 66.4543 69.4224
1969 66.4543 69.4003
1970 66.4543 69.2078
1971 66.4543 69.559
1972 66.4543 69.3474
1973 66.4543 68.9826
1974 66.4543 68.9553
1975 66.4543 69.1192
1976 66.4543 68.8107
1977 66.4543 69.8084
1978 66.4543 69.1195
1979 66.4543 68.9768
1980 66.4543 69.1734
1981 66.4543 68.9415
1982 66.4543 68.6985
1983 66.4543 69.6134
1984 66.4543 69.5686
1985 66.4543 69.8329
1986 66.4543 70.0292
1987 66.4543 69.9212
1988 66.4543 69.2003
1989 66.4543 69.4877
1990 66.4543 69.8049
1991 66.4543 69.6126
1992 66.4543 69.7436
1993 66.4543 69.2393
1994 66.4543 69.0897
1995 66.4543 68.6685
1996 66.4543 68.8706
1997 66.4543 69.0677
1998 66.4543 68.6971
1999 66.4543 68.6464
2000 66.4543 68.3434
