0 440.343 491.803
1 435.579 477.2
2 405.155 462.147
3 392.662 447.066
4 382.763 433.793
5 374.998 419.419
6 369.444 407.474
7 355.65 396.403
8 355.65 385.556
9 348.235 375.108
10 339.871 367.539
11 332.398 359.556
12 323.634 353.769
13 322.133 347.458
14 315.137 340.4
15 309.443 332.71
16 300.108 326.93
17 294.809 320.79
18 282.847 314.969
19 282.847 308.32
20 280.311 302.304
21 275.185 295.44
22 273.657 289.884
23 270.694 286.334
24 268.373 282.741
25 261.294 280.492
26 258.443 277.883
27 246.343 275.214
28 246.343 271.263
29 242.434 267.514
30 240.066 262.208
31 234.731 256.389
32 234.448 252.764
33 231.586 248.633
34 230.809 243.943
35 224.419 240.301
36 222.852 237.607
37 221.859 235.12
38 217.43 232.249
39 214.969 230.21
40 214.221 227.874
41 212.257 225.223
42 210.152 223.53
43 208.588 220.701
44 206.312 218.614
45 200.884 216.725
46 200.091 215.123
47 196.903 212.87
48 196.903 210.766
49 195.533 209.57
50 194.46 207.578
51 193.734 205.608
52 193.734 204.239
53 191.824 202.462
54 190.301 202.085
55 190.301 200.79
56 189.977 200.378
57 187.959 199.921
58 185.194 199.69
59 182.506 197.909
60 182.506 196.934
61 181.696 196.557
62 179.486 194.033
63 178.881 192.275
64 176.495 190.959
65 176.495 188.596
66 173.909 187.692
67 173.047 186.533
68 171.931 185.334
69 171.32 184.238
70 169.092 182.963
71 166.836 181.218
72 166.657 178.336
73 164.554 176.262
74 162.915 174.619
75 161.453 172.036
76 159.154 170.763
77 158.712 169.328
78 154.774 167.821
79 152.028 165.731
80 151.031 163.369
81 149.199 160.676
82 149.137 158.462
83 147.562 157.441
84 145.73 155.602
85 145.35 153.374
86 145.35 152.63
87 143.782 152.222
88 143.345 150.616
89 143.294 149.922
90 142.469 149.581
91 140.339 149.031
92 139.9 148.565
93 138.965 146.965
94 137.479 145.198
95 136.359 143.969
96 134.873 142.901
97 134.311 141.95
98 133.807 140.139
99 132.98 140.512
100 132.519 138.678
101 131.727 137.692
102 131.356 136.474
103 130.516 136.336
104 130.171 136.249
105 128.341 136.125
106 128.341 136.565
107 127.847 136.27
108 127.185 135.569
109 126.228 134.771
110 126.228 133.505
111 124.399 132.196
112 124.399 131.632
113 123.823 129.934
114 123.823 129.107
115 121.488 128.576
116 120.917 127.872
117 120.917 126.614
118 120.187 125.877
119 120.187 124.786
120 120.186 124.133
121 119.555 124.411
122 119.555 124.153
123 119.545 124.146
124 118.881 124.544
125 117.883 123.595
126 117.636 122.924
127 117.478 122.558
128 117.478 122.204
129 117.322 123.027
130 116.211 123.304
131 116.211 122.978
132 116.02 124.224
133 116.02 124.398
134 116.02 124.667
135 115.864 124.071
136 115.767 123.692
137 114.903 123.277
138 114.903 123.165
139 114.903 124.557
140 114.903 125.485
141 114.903 125.82
142 114.903 126.513
143 114.903 125.315
144 114.903 123.714
145 114.642 123.993
146 114.583 124.936
147 114.479 124.581
148 113.157 124.436
149 113.157 123.43
150 113.098 123.179
151 112.364 122.996
152 112.103 122.103
153 110.946 119.903
154 110.26 118.746
155 110.201 116.966
156 109.703 115.943
157 109.703 115.946
158 109.703 116.229
159 109.703 116.153
160 109.703 116.289
161 109.703 116.077
162 109.703 117.059
163 108.851 116.871
164 108.851 115.555
165 108.851 115.774
166 108.851 114.482
167 108.126 114.068
168 107.856 112.685
169 107.131 112.036
170 107.131 111.243
171 107.131 110.83
172 105.983 109.986
173 105.983 110.248
174 105.258 109.805
175 104.784 109.75
176 104.784 109.844
177 104.784 109.953
178 104.432 109.502
179 103.958 109.391
180 103.165 108.857
181 102.69 108.48
182 102.658 108.399
183 101.833 107.081
184 101.294 106.793
185 101.294 106.564
186 101.294 106.331
187 101.249 105.888
188 100.93 106.356
189 100.93 106.209
190 100.93 105.895
191 100.547 106.489
192 100.547 105.998
193 100.547 105.293
194 100.547 104.376
195 100.18 104.605
196 100.18 104.557
197 100.18 103.672
198 99.5648 103.897
199 99.5297 104.121
200 99.5297 103.581
201 99.5297 103.305
202 99.5297 102.957
203 98.9437 103.174
204 98.9437 102.906
205 98.7564 102.007
206 97.6122 102.235
207 97.6122 102.195
208 96.8389 102.631
209 96.8389 101.795
210 96.5516 101.724
211 96.5516 100.481
212 96.4232 100.651
213 95.7255 100.14
214 95.5997 99.8345
215 95.5997 99.3261
216 95.5989 99.6587
217 95.5989 99.9334
218 94.8413 99.858
219 94.8413 99.0524
220 94.4523 98.4806
221 94.4523 98.6381
222 94.4515 98.8136
223 94.1329 98.4622
224 94.1321 98.1806
225 93.4015 97.5762
226 93.4015 97.8705
227 93.4015 98.1578
228 93.4015 98.6915
229 93.4015 99.5565
230 93.4015 100.402
231 93.4015 101.338
232 93.4015 100.919
233 93.4015 100.42
234 93.4015 100.115
235 93.0822 98.5529
236 93.0822 98.1873
237 93.0822 97.6589
238 92.5277 97.3519
239 92.2084 96.8824
240 92.2084 96.8277
241 92.2084 95.8513
242 92.1002 96.0203
243 91.885 95.9346
244 91.885 96.6104
245 91.885 96.1549
246 90.6301 95.7648
247 90.2448 95.4276
248 90.2448 96.902
249 90.2448 97.5427
250 89.586 97.818
251 89.586 97.7676
252 89.586 98.1752
253 89.586 98.3929
254 89.1937 98.5571
255 89.1937 97.553
256 89.1937 98.4616
257 89.1342 98.4045
258 88.41 99.1562
259 88.41 99.2602
260 88.41 97.3972
261 88.3189 95.911
262 88.3189 94.4173
263 88.0847 93.89
264 87.8171 92.8812
265 87.8171 92.928
266 87.659 92.064
267 87.659 91.8681
268 87.3914 91.3695
269 87.3914 90.8616
270 87.1451 90.8596
271 87.1451 90.6081
272 86.5185 90.3719
273 86.5185 89.898
274 86.4648 89.5906
275 85.5919 89.5379
276 85.5919 89.3686
277 85.5919 90.2739
278 85.5919 90.7358
279 85.1589 88.9305
280 84.8911 88.7525
281 84.8911 88.7966
282 84.8911 88.2224
283 84.8911 88.0915
284 84.8911 87.7708
285 84.8911 87.6543
286 84.8911 87.284
287 84.8911 87.3813
288 84.8911 87.4169
289 84.4732 87.0213
290 84.4732 87.9694
291 84.4732 88.6072
292 84.4732 89.4633
293 84.4732 92.9205
294 84.4732 93.7387
295 84.4732 94.5692
296 84.2833 95.1543
297 84.2833 96.0413
298 84.2833 95.2558
299 84.2833 94.4363
300 84.2833 93.5274
301 84.2833 92.0283
302 84.2833 90.557
303 84.2833 89.71
304 84.1963 89.1029
305 84.1963 89.1376
306 84.1963 89.6584
307 84.1963 90.4275
308 84.1963 91.6068
309 84.1963 93.0083
310 84.1963 94.1405
311 84.1963 94.0271
312 84.1963 92.7064
313 84.1963 91.8312
314 84.1963 91.7179
315 84.1963 90.249
316 84.1963 89.6916
317 84.1963 89.364
318 84.1963 90.5251
319 84.1963 91.7494
320 84.1963 93.2912
321 84.1963 93.5715
322 84.1963 94.1305
323 83.7506 95.1379
324 83.7506 94.3463
325 83.7506 93.4185
326 83.4267 93.2793
327 83.3349 92.6056
328 82.3755 91.9327
329 82.3755 90.5593
330 82.3755 89.813
331 81.5235 89.5529
332 81.5235 89.1085
333 81.5235 87.5657
334 81.5235 86.2288
335 81.5235 85.6852
336 81.5235 85.6675
337 81.5235 86.6413
338 81.4182 86.1523
339 81.4182 85.9889
340 81.4182 85.4469
341 81.4182 85.5803
342 81.4182 85.0178
343 81.3385 85.1824
344 81.3385 84.8542
345 81.0236 84.6078
346 80.9662 84.7923
347 80.9662 85.7045
348 80.791 85.4365
349 80.4761 86.0319
350 80.339 85.2488
351 80.339 85.2895
352 80.339 85.2277
353 79.7795 84.7691
354 79.7795 83.691
355 79.7795 83.8103
356 79.7795 84.3981
357 79.7795 83.5725
358 79.7795 83.8253
359 79.0633 83.16
360 79.0633 83.7053
361 79.0633 84.462
362 79.0633 84.9828
363 79.0633 86.291
364 79.0633 87.1356
365 79.0633 86.525
366 79.0633 85.5288
367 79.0633 85.0178
368 79.0633 84.2746
369 79.0633 83.7646
370 79.0633 84.4599
371 79.0633 86.2028
372 79.0633 87.7535
373 79.0633 89.29
374 79.0633 90.8051
375 79.0633 89.5766
376 79.0596 89.2595
377 79.0596 87.9165
378 79.0596 87.341
379 78.621 86.9246
380 78.621 85.2442
381 78.621 84.5667
382 78.621 83.5774
383 78.621 84.1368
384 78.5753 82.9657
385 78.5753 83.4946
386 78.5753 83.6856
387 78.5753 84.4534
388 78.5753 84.5181
389 78.5753 86.6191
390 78.5753 87.3326
391 78.5753 87.585
392 78.5753 87.877
393 78.5753 88.3353
394 78.5753 88.2255
395 78.5753 88.0581
396 78.5753 88.0784
397 78.1793 88.4738
398 78.1793 89.3352
399 78.1793 90.1019
400 78.1793 89.6269
401 78.1793 89.364
402 78.1793 90.1077
403 78.1793 89.3689
404 78.1793 88.0068
405 78.1793 87.0741
406 78.1793 85.2381
407 78.1793 85.0223
408 78.1793 85.6578
409 78.1227 85.7385
410 78.0083 87.3694
411 78.0083 88.5749
412 77.931 88.522
413 77.931 86.9298
414 77.931 85.9609
415 77.931 84.6944
416 77.931 84.5732
417 77.931 84.0254
418 77.931 85.2917
419 77.931 85.729
420 77.931 86.7246
421 77.931 87.2332
422 77.931 87.2288
423 77.931 87.0852
424 77.931 86.8038
425 77.931 85.8261
426 77.931 84.9318
427 77.931 84.136
428 77.931 83.9543
429 77.931 83.1479
430 77.931 82.2673
431 77.931 82.2318
432 77.931 81.7433
433 77.931 81.0704
434 77.8904 80.9683
435 77.8904 81.0541
436 77.8904 81.977
437 77.8904 81.7832
438 77.8904 81.709
439 77.8904 81.5791
440 77.8904 81.3749
441 77.7902 81.3152
442 77.7902 81.2406
443 77.7902 80.9562
444 77.7902 81.2906
445 77.7902 81.4255
446 77.5579 81.67
447 77.4577 81.7659
448 77.4577 81.4569
449 77.4577 81.7884
450 77.4577 81.683
451 77.4577 81.4527
452 77.4577 80.7044
453 77.4577 80.3482
454 77.4577 80.6252
455 77.4577 80.7193
456 77.4577 80.237
457 77.4577 79.7607
458 77.4577 79.6074
459 77.4452 80.1731
460 77.4452 79.6316
461 77.3471 79.8017
462 77.3471 80.2525
463 77.3471 80.8289
464 77.3471 81.1043
465 77.3471 81.0508
466 77.3471 80.9784
467 77.3471 81.362
468 77.3471 80.6072
469 77.3471 80.7157
470 77.3471 81.3657
471 77.3471 81.2537
472 77.3471 80.6693
473 77.3471 80.49
474 77.3471 80.6099
475 77.3471 80.2608
476 77.3471 79.9802
477 77.3471 80.4374
478 77.3471 80.1654
479 77.3471 80.5033
480 77.3471 80.1173
481 77.3471 80.0685
482 77.3471 80.9508
483 77.3346 80.6247
484 77.1092 81.357
485 77.1092 80.9405
486 77.1092 80.5642
487 77.1092 80.935
488 77.1092 81.3995
489 77.1092 81.3143
490 77.1092 80.8615
491 77.1092 81.0716
492 77.1092 81.0025
493 76.8483 80.8478
494 76.8483 80.1954
495 76.8483 80.4858
496 76.8483 80.5744
497 76.8483 80.2536
498 76.658 80.5038
499 76.658 81.1006
500 76.658 80.8354
501 76.658 81.0045
502 76.658 80.434
503 76.658 80.7329
504 76.658 80.1362
505 76.658 79.8909
506 76.658 79.6769
507 76.658 79.5345
508 76.658 79.5525
509 76.658 79.7503
510 76.658 79.3404
511 76.658 79.4396
512 76.658 79.5209
513 76.658 78.9538
514 76.658 79.092
515 76.0947 79.4707
516 76.0947 79.6063
517 76.0947 79.6358
518 76.0947 79.2973
519 76.0823 79.3194
520 76.0823 79.8552
521 76.0823 79.6702
522 76.0823 79.2631
523 76.0823 78.7105
524 76.0823 78.7683
525 76.0823 78.927
526 76.0823 78.3975
527 76.0823 78.8195
528 76.0823 78.5524
529 76.0823 78.1617
530 76.0823 78.9752
531 76.0823 78.6491
532 76.0823 79.1352
533 76.0823 79.6824
534 76.0823 79.7847
535 76.0823 79.6999
536 76.0823 80.119
537 76.0823 79.8475
538 76.0823 79.5597
539 76.0823 78.8761
540 75.9216 78.5359
541 75.9216 78.138
542 75.9216 79.1587
543 75.9216 79.6874
544 75.9216 79.8657
545 75.9065 79.7528
546 75.9065 80.607
547 75.9065 80.2874
548 75.7856 79.8953
549 75.7856 79.945
550 75.7856 79.387
551 75.5382 78.628
552 75.5382 78.5603
553 75.5382 78.3367
554 74.7329 79.0958
555 74.7329 79.2994
556 74.7329 79.7677
557 74.5968 79.4617
558 74.5968 79.0722
559 74.5968 79.1845
560 74.1054 78.8122
561 74.1054 78.2106
562 74.1054 78.2248
563 74.1054 78.418
564 74.1054 77.6647
565 74.1054 78.1458
566 74.1054 77.4776
567 74.1054 77.5396
568 74.1054 76.9301
569 74.1054 76.7621
570 74.1054 76.8756
571 74.1054 77.3765
572 74.1054 77.7722
573 74.1054 77.784
574 74.1054 77.4034
575 74.1054 77.3801
576 74.1054 77.4469
577 74.1054 77.8791
578 74.1054 78.329
579 74.1054 77.6143
580 74.1054 76.9602
581 74.1054 77.4077
582 74.1054 77.2154
583 74.1054 77.3258
584 74.1054 78.5002
585 74.1054 77.4463
586 74.1054 77.4966
587 74.1054 77.0531
588 73.7643 77.3776
589 73.7643 77.112
590 73.7643 77.8318
591 73.7643 79.1639
592 73.7643 79.2915
593 73.7643 78.4795
594 73.7643 78.7749
595 73.7643 78.2709
596 73.7643 78.0657
597 73.7643 77.561
598 73.7643 77.7261
599 73.7643 79.2568
600 73.7643 80.3032
601 73.7643 81.8114
602 73.7643 83.0033
603 73.7643 83.8459
604 73.7643 83.8953
605 73.7643 84.0977
606 73.7643 83.1858
607 73.7643 81.8008
608 73.7643 81.1029
609 73.7643 81.0645
610 73.7643 79.8684
611 73.7643 79.3987
612 73.7643 77.8564
613 73.7643 77.3725
614 73.7643 77.6237
615 73.7643 77.9085
616 73.7643 78.0172
617 73.7643 78.852
618 73.7643 77.7415
619 73.7643 77.492
620 73.7643 76.881
621 73.7643 76.9582
622 73.7643 76.8822
623 73.7643 77.121
624 73.7643 76.5184
625 73.7643 77.4067
626 73.7643 77.0853
627 73.7643 77.4559
628 73.7643 77.3073
629 73.7643 77.6254
630 73.7643 77.3089
631 73.7643 77.3941
632 73.7643 77.2312
633 73.7204 76.9546
634 73.7204 76.9602
635 73.7204 76.7114
636 73.7204 76.9225
637 73.7204 76.8015
638 73.7204 77.1705
639 73.7204 76.9927
640 73.7204 77.2095
641 73.7204 77.1917
642 73.7204 77.1319
643 73.7204 76.7498
644 73.7204 77.5558
645 73.7204 77.7701
646 73.7204 77.1453
647 73.7204 77.3521
648 73.7204 76.5407
649 73.5282 77.4321
650 73.5282 76.8589
651 73.5282 76.0976
652 73.5282 75.6339
653 73.5282 75.5745
654 73.3836 76.1016
655 73.3836 76.3211
656 73.3836 76.5514
657 73.3836 76.8919
658 73.3836 76.2991
659 73.3836 75.6671
660 73.3836 75.5336
661 73.3836 76.1439
662 73.3836 76.495
663 73.3836 76.8699
664 73.3836 76.9853
665 73.3836 77.0225
666 73.3836 76.983
667 73.3836 77.17
668 73.3836 77.0131
669 73.3836 77.0548
670 73.3836 76.142
671 73.3836 76.341
672 73.3836 76.0724
673 73.3836 76.5798
674 73.3836 76.4214
675 73.3836 76.8223
676 73.3836 76.8535
677 73.3836 76.3145
678 73.3836 76.1418
679 73.3836 76.8707
680 73.3836 76.4275
681 73.3836 76.8532
682 73.3836 76.7062
683 73.3836 76.3471
684 73.3836 75.9165
685 73.3836 75.6407
686 73.3836 75.0889
687 73.3836 76.1066
688 73.3836 76.8008
689 73.3836 76.7152
690 73.3836 76.533
691 73.3836 76.2378
692 73.3836 75.928
693 73.3836 76.7676
694 73.3836 76.2994
695 73.3836 76.3959
696 73.3526 76.7916
697 73.3526 77.1965
698 73.3526 76.9774
699 73.3526 77.0238
700 73.3526 77.379
701 73.3526 77.0418
702 73.3526 77.0177
703 73.3526 76.9798
704 73.3526 76.5836
705 73.2303 76.5391
706 73.2303 75.6673
707 73.2303 76.097
708 73.0415 76.5265
709 73.0415 76.5291
710 73.0415 76.2912
711 73.0415 76.8573
712 73.0415 76.9673
713 73.0415 77.8727
714 73.0415 77.0053
715 73.0415 76.5363
716 72.8256 76.4314
717 72.7856 76.4458
718 72.5697 75.6391
719 72.5697 75.8674
720 72.5697 75.6123
721 72.5697 76.4892
722 72.5697 75.5106
723 72.5697 75.3365
724 72.5697 75.7299
725 72.5697 74.9025
726 72.5697 75.2223
727 72.5697 75.2445
728 72.5697 75.1696
729 72.5697 74.9673
730 72.5697 74.8853
731 72.5697 75.3651
732 72.5697 75.8338
733 72.5697 75.0711
734 72.5697 75.4859
735 72.569 76.7183
736 72.569 75.6879
737 72.569 75.8415
738 72.569 76.0116
739 72.569 76.0195
740 72.569 76.1982
741 72.569 75.8807
742 72.569 76.0356
743 72.569 75.6108
744 72.569 75.8774
745 72.569 75.1274
746 72.569 75.3496
747 72.569 75.5193
748 72.569 74.7548
749 72.5005 75.2604
750 72.5005 75.3421
751 72.5005 75.7018
752 72.5005 75.7281
753 72.5005 76.3749
754 72.5005 75.4362
755 72.5005 75.719
756 72.5005 74.9667
757 72.5005 74.8471
758 72.5005 74.9994
759 72.5005 75.2483
760 72.5005 75.4744
761 72.5005 75.3219
762 72.5005 75.6527
763 72.5005 75.2845
764 72.5005 74.6094
765 72.5005 74.9588
766 72.5005 75.1567
767 72.5005 75.3274
768 72.5005 75.0303
769 72.5005 75.3637
770 72.5005 75.3384
771 72.5005 75.0811
772 72.5005 75.4957
773 72.5005 75.3142
774 72.5005 75.5708
775 72.5005 75.7683
776 72.5005 75.0869
777 72.4341 75.0567
778 72.4341 74.6812
779 72.4341 75.1805
780 72.4341 75.1906
781 72.4341 74.2576
782 72.4341 74.2782
783 72.4341 74.4707
784 72.4341 74.8076
785 72.3595 74.6883
786 72.3595 74.8003
787 72.3595 74.1929
788 72.3595 74.2723
789 72.3595 74.4501
790 72.3595 74.6269
791 72.3595 74.5984
792 72.3595 75.6443
793 72.3595 76.654
794 72.3595 77.3122
795 72.3595 78.7021
796 72.3595 81.6142
797 72.3595 83.1724
798 72.3595 83.8834
799 72.3595 83.6743
800 72.3595 83.1234
801 72.3595 81.1164
802 72.3595 80.6919
803 72.3595 79.8937
804 72.3595 78.1425
805 72.3595 78.1712
806 72.1545 76.8899
807 72.1545 76.8543
808 72.1545 75.9095
809 72.1545 76.9383
810 72.1545 76.3203
811 72.0143 75.5658
812 72.0143 75.2286
813 72.0143 75.7406
814 72.0143 76.3217
815 72.0141 75.6089
816 72.0141 74.9922
817 72.0141 74.8
818 72.0141 75.3463
819 72.0141 75.521
820 72.0141 75.7411
821 72.0141 76.1971
822 72.0141 75.693
823 72.0141 75.5874
824 72.0141 76.1365
825 72.0141 75.8791
826 72.0141 75.2566
827 72.0141 75.2128
828 72.0141 75.2625
829 72.0141 75.3403
830 72.0141 75.6417
831 72.0141 75.3877
832 72.0141 75.3108
833 72.0141 75.7916
834 72.0141 75.0655
835 72.0141 75.258
836 72.0141 75.046
837 72.0141 74.3193
838 72.0141 74.3948
839 72.0141 74.204
840 72.0141 74.7109
841 72.0141 74.9608
842 72.0141 75.149
843 72.0141 75.2858
844 72.0141 75.4059
845 72.0141 75.2667
846 72.0141 75.1521
847 72.0141 75.0349
848 72.0141 75.0801
849 72.0141 75.4559
850 72.0141 75.7223
851 72.0141 75.7849
852 72.0141 75.5206
853 72.0141 75.3035
854 72.0141 74.9513
855 72.0141 75.1523
856 72.0141 75.4104
857 72.0141 75.7505
858 72.0141 75.7186
859 72.0141 75.9051
860 72.0141 75.9118
861 72.0141 75.1495
862 72.0141 75.6254
863 72.0141 76.3979
864 72.0141 76.3812
865 72.0141 76.4139
866 72.0141 76.6511
867 72.0141 76.4579
868 72.0141 75.5919
869 72.0141 75.8373
870 72.0141 75.0265
871 72.0141 75.5525
872 72.0141 75.8018
873 72.0141 75.2022
874 72.0141 74.6495
875 72.0141 74.6665
876 72.0141 75.1129
877 72.0141 75.634
878 72.0141 75.1582
879 72.0141 75.1996
880 72.0141 74.7946
881 72.0141 75.0094
882 72.0141 74.9486
883 72.0141 74.796
884 72.0141 74.7032
885 72.0141 75.3391
886 72.0141 75.1868
887 72.0141 74.816
888 72.0141 74.5921
889 72.0141 74.1181
890 72.0141 74.1586
891 72.0141 74.7738
892 72.0141 74.9467
893 72.0133 75.0035
894 72.0133 75.4915
895 72.0133 75.0934
896 72.0133 75.23
897 72.0133 75.6234
898 72.0133 76.082
899 72.0133 76.1616
900 72.0133 76.1661
901 72.0133 76.0187
902 72.0133 75.9479
903 72.0133 76.0778
904 72.0133 76.01
905 72.0133 76.7814
906 72.0133 77.1913
907 72.0133 76.1088
908 72.0133 75.6564
909 72.0133 75.1625
910 72.0133 75.3932
911 72.0133 75.9791
912 72.0133 76.4237
913 72.0133 75.7979
914 72.0133 76.097
915 72.0133 76.2175
916 72.0133 76.2511
917 72.0133 76.9266
918 72.0133 77.0723
919 72.0133 75.5168
920 72.0133 75.0382
921 72.0133 75.301
922 72.0133 75.1936
923 72.0133 74.8439
924 72.0133 75.6844
925 72.0133 75.4661
926 72.0133 74.6935
927 72.0133 74.712
928 72.0133 74.3996
929 72.0133 74.9226
930 72.0133 75.3234
931 72.0133 74.8951
932 72.0133 75.5673
933 71.9969 75.1292
934 71.9969 74.873
935 71.9969 75.0557
936 71.9969 74.8639
937 71.9969 74.3038
938 71.9969 73.8913
939 71.9969 74.6951
940 71.9969 74.9384
941 71.9969 75.4387
942 71.474 74.6988
943 71.474 74.3985
944 71.474 74.6184
945 71.474 74.479
946 71.474 73.7931
947 71.474 73.8547
948 71.474 73.6788
949 71.474 73.9641
950 71.474 74.5593
951 71.474 74.1779
952 71.474 73.8693
953 71.474 74.0285
954 71.474 73.9901
955 71.474 74.7479
956 71.474 74.2987
957 71.474 73.7556
958 71.474 73.9944
959 71.474 74.9861
960 71.474 74.2862
961 71.474 73.4691
962 71.474 73.773
963 71.474 74.2016
964 71.474 74.2568
965 71.474 74.1751
966 71.474 74.6123
967 71.474 74.2259
968 71.474 74.77
969 71.474 74.5874
970 71.474 74.9545
971 71.474 74.8373
972 71.474 75.0638
973 71.474 75.0679
974 71.474 74.9319
975 71.474 74.5638
976 71.474 73.7321
977 71.474 74.1722
978 71.474 73.9298
979 71.474 74.1285
980 71.474 74.2261
981 71.474 74.3457
982 71.474 74.2402
983 71.474 74.0263
984 71.474 73.6352
985 71.474 73.9305
986 71.474 74.2586
987 71.474 74.018
988 71.474 74.3262
989 71.474 73.9851
990 71.474 74.2661
991 71.474 74.5465
992 71.474 74.0883
993 71.474 74.6049
994 71.474 75.4854
995 71.474 74.8643
996 71.474 75.3015
997 71.474 75.9259
998 71.474 75.7182
999 71.474 75.2468
1000 71.474 74.4683
1001 71.474 75.1177
1002 71.474 75.0072
1003 71.474 74.6831
1004 71.474 74.4557
1005 71.474 74.2397
1006 71.474 74.1736
1007 71.474 74.9736
1008 71.474 74.5349
1009 71.474 75.1197
1010 71.474 75.767
1011 71.474 75.706
1012 71.474 75.336
1013 71.474 75.0386
1014 71.474 74.452
1015 71.474 74.5721
1016 71.474 74.2465
1017 71.474 73.7638
1018 71.474 74.0199
1019 71.474 74.6438
1020 71.474 74.1673
1021 71.474 73.8343
1022 71.474 74.1897
1023 71.474 73.9858
1024 71.474 73.6462
1025 71.474 74.3548
1026 71.474 74.0985
1027 71.474 73.6427
1028 71.474 73.799
1029 71.474 73.6848
1030 71.474 73.6038
1031 71.474 73.9243
1032 71.474 73.913
1033 71.474 73.8222
1034 71.474 73.791
1035 71.474 73.217
1036 71.474 73.6036
1037 71.474 73.9765
1038 71.474 74.1265
1039 71.474 74.2823
1040 71.474 75.3776
1041 71.474 75.2727
1042 71.474 74.8162
1043 71.474 74.4201
1044 71.474 75.1493
1045 71.474 75.1012
1046 71.474 74.4846
1047 71.474 74.5861
1048 71.474 74.0155
1049 71.474 73.8611
1050 71.474 74.3568
1051 71.474 74.4566
1052 71.474 74.2302
1053 71.474 73.9608
1054 71.474 73.9587
1055 71.474 74.0285
1056 71.474 74.4345
1057 71.474 75.2578
1058 71.474 74.8088
1059 71.474 75.2634
1060 71.474 76.2601
1061 71.474 75.3006
1062 71.474 74.7195
1063 71.474 74.572
1064 71.474 74.3035
1065 71.474 74.5817
1066 71.474 74.9994
1067 71.474 75.5811
1068 71.474 74.6175
1069 71.474 74.214
1070 71.474 74.147
1071 71.474 74.5737
1072 71.474 74.6598
1073 71.474 74.4743
1074 71.474 74.2462
1075 71.474 74.2858
1076 71.474 74.4588
1077 71.474 74.0731
1078 71.474 74.4224
1079 71.474 74.3793
1080 71.474 74.4977
1081 71.474 74.363
1082 71.474 74.823
1083 71.474 74.114
1084 71.474 74.485
1085 71.474 74.6998
1086 71.474 74.7185
1087 71.474 74.56
1088 71.474 74.47
1089 71.474 73.4286
1090 71.474 74.2938
1091 71.474 74.2949
1092 71.474 74.9313
1093 71.474 75.5111
1094 71.474 75.5646
1095 71.474 75.4041
1096 71.474 75.5469
1097 71.474 74.9561
1098 71.474 74.8884
1099 71.474 74.2388
1100 71.474 74.4034
1101 71.474 75.2226
1102 71.474 75.6691
1103 71.474 75.1454
1104 71.474 75.4387
1105 71.474 74.7642
1106 71.474 74.9351
1107 71.474 74.5836
1108 71.474 75.335
1109 71.474 74.831
1110 71.474 74.9739
1111 71.474 74.8352
1112 71.474 74.6384
1113 71.474 75.0792
1114 71.474 74.1111
1115 71.4161 73.5824
1116 71.4161 74.2115
1117 71.4161 74.0186
1118 71.4161 74.8264
1119 71.4161 75.2542
1120 71.4161 75.3921
1121 71.4161 75.5076
1122 71.4161 75.2129
1123 71.4161 75.4233
1124 71.4161 75.5865
1125 71.4161 75.1838
1126 71.4161 75.0805
1127 71.4161 75.3862
1128 71.4161 75.0384
1129 71.4161 74.8802
1130 71.4161 74.5983
1131 71.4161 75.0747
1132 71.4161 74.2
1133 71.4161 74.4042
1134 71.4161 74.4464
1135 71.4161 74.2152
1136 71.4161 74.5278
1137 71.4161 74.9785
1138 71.4161 74.7102
1139 71.4161 75.2862
1140 71.4161 74.9238
1141 71.4161 75.8392
1142 71.4161 75.6791
1143 71.4161 74.6403
1144 71.4161 74.9111
1145 71.4161 74.5186
1146 71.4161 74.6706
1147 71.4161 75.5146
1148 71.4161 75.8688
1149 71.4161 75.2226
1150 71.4161 74.757
1151 71.4161 74.9538
1152 71.4161 74.3938
1153 71.4161 74.2421
1154 71.4161 74.3944
1155 71.4161 74.5421
1156 71.4161 74.3469
1157 71.4161 74.6031
1158 71.4161 74.239
1159 71.4161 73.1412
1160 71.4161 73.705
1161 71.4161 74.2291
1162 71.4161 74.4742
1163 71.4161 74.5956
1164 71.4161 73.5304
1165 71.4161 73.8284
1166 71.4161 74.4507
1167 71.4161 74.6845
1168 71.4161 74.8987
1169 71.4161 74.6974
1170 71.4161 73.9013
1171 71.4161 73.9426
1172 71.4161 74.2923
1173 71.4161 74.3173
1174 71.4161 74.8239
1175 71.4161 74.8746
1176 71.4161 74.832
1177 71.4161 74.0439
1178 71.4161 74.0621
1179 71.4161 74.3555
1180 71.4161 74.6976
1181 71.4161 74.7477
1182 71.4161 74.1391
1183 71.4161 74.3455
1184 71.4161 74.9886
1185 71.4161 74.954
1186 71.4161 75.3846
1187 71.4161 75.2988
1188 71.4161 75.6642
1189 71.4161 75.8658
1190 71.4161 74.9046
1191 71.4161 74.4197
1192 71.4161 74.1044
1193 71.4161 74.2518
1194 71.4161 74.4862
1195 71.4161 74.8464
1196 71.4161 74.7092
1197 71.4161 75.2751
1198 71.4161 74.9478
1199 71.4161 75.0046
1200 71.4161 74.9736
1201 71.4161 74.5119
1202 71.4161 73.9772
1203 71.4161 74.212
1204 71.4161 74.0219
1205 71.4161 74.6136
1206 71.4161 74.7648
1207 71.4161 74.7761
1208 71.4161 74.844
1209 71.4161 74.3454
1210 71.4161 74.3685
1211 71.4161 74.2106
1212 71.4161 74.4144
1213 71.4161 74.4336
1214 71.4161 74.2233
1215 71.4161 74.301
1216 71.4161 74.0653
1217 71.4161 74.5391
1218 71.4161 75.0496
1219 71.4161 74.8144
1220 71.4161 74.6598
1221 71.4161 74.4031
1222 71.4161 75.6509
1223 71.4161 74.9605
1224 71.4161 75.2023
1225 71.4161 74.7337
1226 71.4161 74.1724
1227 71.4161 73.9664
1228 71.4161 74.5357
1229 71.4161 74.2292
1230 71.4161 74.5564
1231 71.4161 74.0774
1232 71.4161 74.5696
1233 71.4161 73.9807
1234 71.4161 74.2323
1235 71.4161 73.9781
1236 71.4161 73.9471
1237 71.4161 74.5399
1238 71.4161 74.9446
1239 71.4161 75.2836
1240 71.4161 75.0372
1241 71.4161 74.1515
1242 71.4161 74.0329
1243 71.4161 73.8028
1244 71.4161 73.5553
1245 71.4161 73.5519
1246 71.4161 74.0258
1247 71.4161 74.2692
1248 71.4161 74.2531
1249 71.4161 74.0689
1250 71.4161 74.4922
1251 71.4161 74.5003
1252 71.4161 73.8672
1253 71.4161 74.5119
1254 71.4161 74.098
1255 71.4161 74.5985
1256 71.4161 74.6519
1257 71.4161 74.5247
1258 71.4161 74.4919
1259 71.4161 74.4807
1260 71.4161 74.4428
1261 71.4161 74.0304
1262 71.4161 73.7459
1263 71.4161 74.1728
1264 71.4161 74.1118
1265 71.4161 74.3356
1266 71.4161 74.318
1267 71.4161 74.5968
1268 71.4161 74.3517
1269 71.4161 74.0953
1270 71.4161 74.5474
1271 71.4161 74.7512
1272 71.4161 74.6891
1273 71.4161 74.1442
1274 71.4161 74.206
1275 71.4161 73.9093
1276 71.4161 74.5911
1277 71.4161 73.7428
1278 71.4161 74.1861
1279 71.4161 73.967
1280 71.4161 74.0656
1281 71.4161 73.6932
1282 71.4161 73.9644
1283 71.4161 73.3062
1284 71.4161 74.1107
1285 71.4161 74.7641
1286 71.4161 74.2437
1287 71.4161 73.4347
1288 71.4161 74.066
1289 71.4161 74.1657
1290 71.4161 73.7327
1291 71.4161 74.0757
1292 71.4161 73.7097
1293 71.4161 73.5514
1294 71.4161 74.0582
1295 71.4161 75.0192
1296 71.4161 74.2412
1297 71.4161 74.4529
1298 71.4161 74.3505
1299 71.4161 73.8617
1300 71.4161 74.0948
1301 71.4161 74.2241
1302 71.4161 74.2869
1303 71.4161 75.1346
1304 71.4161 74.8937
1305 71.4161 74.1506
1306 71.4161 74.0778
1307 71.4161 74.0625
1308 71.4161 74.1682
1309 71.4161 74.8721
1310 71.4161 75.4521
1311 71.2675 74.9427
1312 71.2675 74.9093
1313 71.2675 75.2001
1314 71.2675 76.2618
1315 71.2675 76.8709
1316 70.8447 77.2468
1317 70.8447 75.6869
1318 70.8447 74.9625
1319 70.8447 75.2416
1320 70.455 73.9562
1321 69.5506 73.639
1322 69.5506 73.6096
1323 68.8733 73.3606
1324 68.8733 74.3961
1325 68.6008 74.4465
1326 68.6008 75.6625
1327 68.6008 76.1497
1328 68.155 75.5699
1329 68.155 74.8595
1330 68.155 72.8204
1331 68.0521 71.7986
1332 68.0521 71.0773
1333 68.0521 71.6337
1334 68.0521 71.5384
1335 67.3748 71.4371
1336 67.3748 71.4358
1337 67.3748 72.2984
1338 67.3748 73.9185
1339 67.3748 76.0215
1340 67.3748 76.8475
1341 67.3748 76.488
1342 67.3748 77.0973
1343 67.3748 75.4225
1344 67.3748 74.432
1345 67.3567 73.4368
1346 67.3567 73.2124
1347 67.3567 73.247
1348 67.2109 73.1161
1349 67.2109 73.6606
1350 67.2109 73.8889
1351 67.2109 73.1636
1352 67.2109 72.8926
1353 67.2109 71.3198
1354 67.2109 72.0455
1355 67.2109 73.7145
1356 67.2109 74.864
1357 67.2109 75.686
1358 67.2109 76.624
1359 67.2109 77.1388
1360 67.2109 76.7415
1361 67.2109 77.6657
1362 67.2109 77.9588
1363 67.2109 76.8758
1364 67.2109 76.4263
1365 67.2109 74.8609
1366 67.2109 73.9514
1367 67.2109 73.5376
1368 67.2109 72.4469
1369 67.2109 71.6396
1370 67.2109 70.7557
1371 67.2109 70.9657
1372 67.2109 70.6647
1373 67.2109 70.3867
1374 67.2109 70.6279
1375 67.2109 70.131
1376 67.2109 70.6497
1377 67.2109 70.3471
1378 67.2109 70.4134
1379 67.2109 69.8202
1380 67.2109 69.5661
1381 67.1486 70.1735
1382 67.1486 70.3695
1383 67.1486 70.9126
1384 67.1486 70.4796
1385 67.1486 70.7028
1386 67.1486 70.2821
1387 67.1486 69.5227
1388 67.1486 68.8078
1389 67.1486 69.266
1390 67.1486 69.7132
1391 67.1486 69.7622
1392 66.9953 69.9
1393 66.9953 70.0642
1394 66.9953 69.8254
1395 66.9953 69.6337
1396 66.9953 69.1457
1397 66.9953 69.764
1398 66.9953 70.3736
1399 66.9953 70.3899
1400 66.9953 70.4339
1401 66.9953 69.5614
1402 66.9953 70.1284
1403 66.9953 70.4603
1404 66.9953 69.9471
1405 66.9953 70.0555
1406 66.9953 69.4605
1407 66.9953 69.2053
1408 66.9953 69.0781
1409 66.9953 69.0095
1410 66.9953 69.2346
1411 66.9953 69.0084
1412 66.9953 69.3396
1413 66.9953 69.8251
1414 66.9953 69.7623
1415 66.9953 70.0375
1416 66.9953 70.2697
1417 66.9953 70.7951
1418 66.9953 70.5186
1419 66.9953 70.9412
1420 66.9953 71.009
1421 66.9953 70.997
1422 66.9953 70.9654
1423 66.9953 71.1781
1424 66.9953 70.2445
1425 66.9953 70.4494
1426 66.9953 69.9713
1427 66.9953 69.4523
1428 66.9953 69.1047
1429 66.9953 69.8884
1430 66.9953 69.659
1431 66.9953 69.9386
1432 66.9953 70.1879
1433 66.9953 70.0512
1434 66.9953 70.1459
1435 66.9953 70.4242
1436 66.9953 70.5419
1437 66.9953 70.3353
1438 66.9953 70.4339
1439 66.9953 70.9565
1440 66.9953 70.1086
1441 66.9953 69.239
1442 66.9953 69.0928
1443 66.9953 69.8296
1444 66.9953 70.1236
1445 66.9953 69.8866
1446 66.9953 70.2301
1447 66.9953 70.3049
1448 66.9953 70.0864
1449 66.9953 70.4744
1450 66.9953 69.8861
1451 66.9953 69.7163
1452 66.9953 69.7685
1453 66.9953 69.4389
1454 66.9953 69.5366
1455 66.9953 69.1847
1456 66.9953 69.3738
1457 66.9953 69.2543
1458 66.9953 68.9604
1459 66.9953 69.2238
1460 66.9953 68.9118
1461 66.9953 69.7802
1462 66.9953 69.9569
1463 66.9953 69.4428
1464 66.9953 69.9623
1465 66.9953 69.4129
1466 66.9953 68.9114
1467 66.9953 69.2192
1468 66.9953 69.2764
1469 66.9953 69.4432
1470 66.9953 68.9204
1471 66.9953 69.4998
1472 66.9953 69.3837
1473 66.9953 69.5377
1474 66.9953 70.0395
1475 66.9953 69.7783
1476 66.9953 69.1518
1477 66.9953 69.4949
1478 66.9953 69.5909
1479 66.9953 69.835
1480 66.9953 69.3192
1481 66.9953 69.4312
1482 66.9953 69.3737
1483 66.9953 69.0227
1484 66.9953 68.9944
1485 66.9953 69.3038
1486 66.6391 69.3987
1487 66.6391 69.3312
1488 66.6391 69.5622
1489 66.6391 69.6809
1490 66.6391 70.7434
1491 66.6391 70.2341
1492 66.6391 70.2861
1493 66.6391 70.29
1494 66.6391 69.386
1495 66.6391 69.8456
1496 66.6391 70.1327
1497 66.6391 69.57
1498 66.6391 69.3366
1499 66.6391 68.8979
1500 66.6391 69.2531
1501 66.6391 69.089
1502 66.6391 70.2634
1503 66.6391 69.5773
1504 66.6391 70.1641
1505 66.6391 69.5916
1506 66.6391 69.8275
1507 66.6391 69.536
1508 66.6391 69.887
1509 66.6391 69.2514
1510 66.6391 69.2028
1511 66.6391 69.3838
1512 66.6391 69.9605
1513 66.6391 69.6456
1514 66.6391 69.3261
1515 66.6391 69.4045
1516 66.6391 69.5345
1517 66.6391 69.3527
1518 66.6391 69.2268
1519 66.6391 69.4364
1520 66.6391 69.12
1521 66.6391 68.6356
1522 66.6391 68.9012
1523 66.6391 69.2541
1524 66.6391 69.6605
1525 66.6391 69.1137
1526 66.6391 69.404
1527 66.6391 69.315
1528 66.6391 69.9724
1529 66.6391 69.7814
1530 66.6391 70.0503
1531 66.6391 69.9581
1532 66.6391 69.6555
1533 66.6391 69.9561
1534 66.6391 69.9795
1535 66.6391 69.8708
1536 66.6391 70.0098
1537 66.6391 69.616
1538 66.6391 69.075
1539 66.6391 69.8267
1540 66.6391 69.4759
1541 66.6391 68.7553
1542 66.6391 69.1884
1543 66.6391 69.3643
1544 66.6391 69.7383
1545 66.6391 69.6206
1546 66.6391 69.2212
1547 66.6391 69.3903
1548 66.6391 69.9363
1549 66.6391 69.5546
1550 66.6391 69.9538
1551 66.6391 69.5007
1552 66.6391 69.6762
1553 66.6391 69.4735
1554 66.6391 69.2213
1555 66.6391 69.1304
1556 66.6391 69.0686
1557 66.6391 68.8798
1558 66.6391 69.2441
1559 66.6391 69.5725
1560 66.6391 69.2425
1561 66.6391 69.3112
1562 66.6391 68.5907
1563 66.6391 69.162
1564 66.6391 69.4807
1565 66.6391 68.7826
1566 66.6391 69.2856
1567 66.6391 69.6559
1568 66.6391 69.3261
1569 66.6391 69.3023
1570 66.6391 69.2876
1571 66.6391 69.3347
1572 66.6391 69.0925
1573 66.6391 69.3813
1574 66.6391 69.6007
1575 66.6391 70.1189
1576 66.6391 70.2688
1577 66.6391 69.9821
1578 66.6391 69.9152
1579 66.6391 69.5201
1580 66.6391 70.7538
1581 66.6391 70.3008
1582 66.6391 69.8863
1583 66.6391 70.3394
1584 66.6391 69.6013
1585 66.6391 68.9493
1586 66.6391 69.2255
1587 66.6391 69.6182
1588 66.6391 69.2795
1589 66.6391 69.4938
1590 66.6391 69.0592
1591 66.6391 69.1969
1592 66.6391 69.1205
1593 66.6391 68.7605
1594 66.6391 69.4485
1595 66.6391 69.366
1596 66.6391 69.1617
1597 66.6391 69.3288
1598 66.6391 69.3538
1599 66.6391 69.5491
1600 66.6391 70.163
1601 66.6391 69.7003
1602 66.6391 69.5464
1603 66.6391 69.5587
1604 66.6391 70.1808
1605 66.5934 69.8575
1606 66.5934 70.2496
1607 66.5934 70.3945
1608 66.5934 71.0491
1609 66.5934 70.311
1610 66.5934 69.6259
1611 66.5934 69.6089
1612 66.5934 69.9651
1613 66.5934 70.1315
1614 66.5934 70.0236
1615 66.5934 69.5722
1616 66.5934 68.8171
1617 66.5934 68.995
1618 66.5934 69.6405
1619 66.5934 69.6891
1620 66.5934 69.7197
1621 66.5934 69.364
1622 66.5934 69.922
1623 66.5934 69.4067
1624 66.5934 68.4011
1625 66.5934 68.4961
1626 66.5934 68.8171
1627 66.5934 68.8927
1628 66.5934 69.1503
1629 66.5934 69.811
1630 66.5934 69.3155
1631 66.5934 69.5234
1632 66.5934 69.2332
1633 66.5934 69.9593
1634 66.5934 69.5068
1635 66.5934 70.1755
1636 66.5934 70.0026
1637 66.5934 69.4767
1638 66.5934 68.9504
1639 66.5934 69.0968
1640 66.5934 68.9877
1641 66.5934 69.5216
1642 66.5934 69.5872
1643 66.5934 69.7337
1644 66.5934 69.8515
1645 66.5934 69.6901
1646 66.5934 69.8279
1647 66.5934 68.8658
1648 66.5934 69.343
1649 66.5934 68.9095
1650 66.5934 69.3824
1651 66.5934 68.9709
1652 66.5934 69.3827
1653 66.5934 68.4912
1654 66.5934 69.1977
1655 66.5934 69.1091
1656 66.5934 68.8627
1657 66.5934 69.1764
1658 66.5934 68.9755
1659 66.5934 69.206
1660 66.3697 68.9617
1661 66.3697 69.6383
1662 66.3697 69.5757
1663 66.3697 69.6734
1664 66.3697 69.7682
1665 66.3697 69.8383
1666 66.3697 69.2878
1667 66.3697 68.9993
1668 66.3697 69.4265
1669 66.3697 68.9886
1670 66.3697 68.5057
1671 66.3697 68.6762
1672 66.3697 68.5264
1673 66.3697 68.5557
1674 66.3697 68.6931
1675 66.3697 68.7415
1676 66.3697 69.4502
1677 66.3697 69.566
1678 66.3697 69.3977
1679 66.3697 69.6433
1680 66.3697 68.9669
1681 66.3697 69.1543
1682 66.3697 69.1474
1683 66.3697 68.8975
1684 66.3697 69.2827
1685 66.3697 69.2742
1686 66.3697 68.3096
1687 66.3697 68.4281
1688 66.3697 68.093
1689 66.3697 68.9704
1690 66.3697 69.4361
1691 66.3697 68.763
1692 66.3697 69.6152
1693 66.3697 69.1673
1694 66.3697 69.2646
1695 66.3697 69.3568
1696 66.3697 68.8272
1697 66.3697 68.8092
1698 66.3697 69.4494
1699 66.3697 69.587
1700 66.3697 69.3128
1701 66.3697 70.1332
1702 66.3697 69.3554
1703 66.3697 68.9534
1704 66.3697 69.0269
1705 66.3162 69.0764
1706 66.3162 69.3023
1707 66.3162 70.4041
1708 66.0869 69.8482
1709 66.0334 69.6723
1710 66.0334 68.89
1711 66.0334 69.3883
1712 66.0334 69.4821
1713 66.0334 69.2312
1714 66.0334 69.4714
1715 66.0334 68.9622
1716 66.0334 68.6705
1717 66.0334 68.8947
1718 66.0334 68.4004
1719 66.0334 68.5259
1720 66.0334 69.0853
1721 66.0334 69.1399
1722 66.0334 69.9286
1723 65.915 68.9343
1724 65.915 68.7825
1725 65.915 68.8745
1726 65.915 68.9096
1727 65.915 69.347
1728 65.915 68.8854
1729 65.915 69.4994
1730 65.915 69.8923
1731 65.915 69.3557
1732 65.915 68.851
1733 65.915 68.912
1734 65.915 69.2571
1735 65.915 68.9296
1736 65.915 68.3484
1737 65.915 68.7561
1738 65.915 67.9751
1739 65.915 67.875
1740 65.915 67.7632
1741 65.915 67.9084
1742 65.915 68.6129
1743 65.915 68.9989
1744 65.915 68.9409
1745 65.915 68.5424
1746 65.915 68.5395
1747 65.915 68.2981
1748 65.915 68.4694
1749 65.915 68.4913
1750 65.915 69.2199
1751 65.915 69.2366
1752 65.915 69.4868
1753 65.915 68.6533
1754 65.915 68.5159
1755 65.915 68.2375
1756 65.915 68.3167
1757 65.915 68.5286
1758 65.915 68.1252
1759 65.915 68.5913
1760 65.915 67.8101
1761 65.915 68.1722
1762 65.915 68.2892
1763 65.915 69.4056
1764 65.915 68.7735
1765 65.915 68.1178
1766 65.915 68.1175
1767 65.915 68.3849
1768 65.915 68.7103
1769 65.601 68.6222
1770 65.601 68.6372
1771 65.601 67.9122
1772 65.601 68.2299
1773 65.581 68.4807
1774 65.581 68.0107
1775 65.581 68.0464
1776 65.581 68.576
1777 65.581 68.3381
1778 65.581 68.0003
1779 65.581 68.5507
1780 65.581 68.9485
1781 65.581 68.8706
1782 65.581 67.9951
1783 65.581 67.8185
1784 65.581 68.1037
1785 65.581 68.592
1786 65.581 68.3166
1787 65.581 68.9511
1788 65.581 68.9458
1789 65.581 69.1918
1790 65.581 68.8537
1791 65.581 68.883
1792 65.581 68.7081
1793 65.581 67.3075
1794 65.581 68.0699
1795 65.581 68.0187
1796 65.581 68.3985
1797 65.581 68.3587
1798 65.581 67.8595
1799 65.581 67.7659
1800 65.581 68.2128
1801 65.581 68.3929
1802 65.581 68.417
1803 65.581 68.5953
1804 65.581 68.3877
1805 65.581 67.897
1806 65.581 68.2412
1807 65.581 68.3055
1808 65.581 68.1901
1809 65.581 68.5814
1810 65.581 68.1488
1811 65.581 67.8221
1812 65.581 67.849
1813 65.581 67.8947
1814 65.581 67.6779
1815 65.581 67.7441
1816 65.581 67.9769
1817 65.581 68.7507
1818 65.581 69.2053
1819 65.581 69.1654
1820 65.581 69.1033
1821 65.581 69.376
1822 65.581 68.9641
1823 65.581 67.9732
1824 65.581 68.1056
1825 65.581 68.2553
1826 65.581 68.702
1827 65.581 67.9438
1828 65.581 68.2913
1829 65.581 68.733
1830 65.581 68.5745
1831 65.581 68.9261
1832 65.581 68.2765
1833 65.581 68.3202
1834 65.581 68.4809
1835 65.581 68.4863
1836 65.581 68.1289
1837 65.581 68.326
1838 65.581 68.918
1839 65.581 69.3501
1840 65.581 68.9418
1841 65.581 68.5788
1842 65.581 68.191
1843 65.581 68.3247
1844 65.581 68.4596
1845 65.581 69.1336
1846 65.581 68.1856
1847 65.581 68.2083
1848 65.581 68.1844
1849 65.581 68.4745
1850 65.581 68.5345
1851 65.581 68.4453
1852 65.581 68.6157
1853 65.581 68.7048
1854 65.581 68.5353
1855 65.581 68.1425
1856 65.581 67.8918
1857 65.581 68.7172
1858 65.581 68.1565
1859 65.581 68.5256
1860 65.581 68.174
1861 65.581 68.609
1862 65.581 68.7306
1863 65.581 68.3537
1864 65.581 67.8884
1865 65.581 68.3551
1866 65.581 68.122
1867 65.581 68.6282
1868 65.581 68.3895
1869 65.581 67.3399
1870 65.581 67.3809
1871 65.581 67.5376
1872 65.581 67.9028
1873 65.581 68.3117
1874 65.581 68.2075
1875 65.2523 68.1072
1876 65.2523 67.5725
1877 65.2523 68.0372
1878 65.2523 68.7284
1879 65.2523 68.5205
1880 65.2523 68.2488
1881 65.2523 68.0327
1882 65.2523 68.7564
1883 65.2523 69.0188
1884 65.2523 68.3638
1885 65.2523 67.9387
1886 65.2523 68.4808
1887 65.2523 69.1351
1888 65.2523 68.4679
1889 65.2523 67.7135
1890 65.2523 67.9433
1891 65.2523 67.6643
1892 65.2523 68.0276
1893 65.2523 67.8985
1894 65.2523 67.7216
1895 65.2523 67.8522
1896 65.2523 67.3248
1897 65.2523 67.9134
1898 65.2523 68.0037
1899 65.2523 68.453
1900 65.2523 68.922
1901 65.2523 68.4499
1902 65.2523 68.3463
1903 65.2523 68.1734
1904 65.2523 67.7375
1905 65.2523 68.3855
1906 65.2523 68.532
1907 65.2523 68.6289
1908 65.2523 67.9832
1909 65.2523 68.5406
1910 65.2523 68.1235
1911 65.2523 68.4453
1912 65.2523 67.6825
1913 65.2523 68.3052
1914 65.2523 68.4212
1915 65.2523 68.3567
1916 65.2523 67.898
1917 65.2523 67.8964
1918 65.2523 68.193
1919 65.2523 68.2153
1920 65.2523 67.9758
1921 65.2523 68.1328
1922 65.2523 68.3809
1923 65.2523 68.4259
1924 65.2523 69.3121
1925 65.2523 68.7408
1926 65.2523 68.5264
1927 65.2523 68.5946
1928 65.2523 68.3659
1929 65.2523 68.3711
1930 65.2523 68.3146
1931 65.2523 68.101
1932 65.2523 67.6496
1933 65.2523 68.1142
1934 65.2523 68.6578
1935 65.2523 68.0924
1936 65.2523 68.2096
1937 65.2523 68.2348
1938 65.2523 68.1397
1939 65.2523 67.838
1940 65.2523 67.9932
1941 65.2523 68.0311
1942 65.2523 67.8837
1943 65.2523 67.784
1944 65.2523 67.6846
1945 65.2523 67.2708
1946 65.2523 68.278
1947 65.2523 68.0714
1948 65.2523 67.7997
1949 65.2523 67.2044
1950 65.2523 67.2061
1951 65.2523 67.5025
1952 65.2523 67.7423
1953 65.2523 68.3192
1954 65.2523 68.3375
1955 65.2523 68.2276
1956 65.2523 67.8759
1957 65.2523 68.0024
1958 65.2523 67.6211
1959 65.2523 67.626
1960 65.2523 67.919
1961 65.2523 68.7387
1962 65.2523 68.0829
1963 65.2523 68.0766
1964 65.2523 68.1881
1965 65.2523 68.3602
1966 65.2523 68.2801
1967 65.2523 67.7606
1968 65.2523 67.9555
1969 65.2523 68.2283
1970 65.2523 68.3888
1971 65.2523 67.4968
1972 65.2523 67.9781
1973 65.2523 67.877
1974 65.2523 68.596
1975 65.2523 68.6077
1976 65.2523 68.1015
1977 65.2523 68.06
1978 65.2523 68.0874
1979 65.2523 68.0644
1980 65.2523 67.9912
1981 65.2523 68.7095
1982 65.2523 69.0016
1983 65.2523 69.0052
1984 65.2523 68.4941
1985 65.2523 68.4731
1986 65.2523 68.5922
1987 65.2523 68.3614
1988 65.2523 68.3985
1989 65.2523 68.63
1990 65.2523 67.9199
1991 65.2523 67.8304
1992 65.2523 67.1286
1993 65.2523 67.6829
1994 65.2523 67.9599
1995 65.2523 68.5045
1996 65.2523 69.0337
1997 65.2523 69.6986
1998 65.2523 69.0446
1999 65.2523 68.7073
2000 65.2523 68.9981
