0 435.817 491.978
1 423.108 474.927
2 410.087 458.506
3 390.969 444.536
4 378.384 432.976
5 364.932 417.93
6 364.932 401.677
7 347.055 390.622
8 344.415 381.885
9 339.037 371.014
10 325.133 362.28
11 322.44 354.361
12 315.263 346.37
13 310.488 339.704
14 300.044 332.207
15 299.849 324.517
16 294.761 316.593
17 291.61 310.545
18 291.61 307.609
19 286.026 305.121
20 282.889 303.244
21 280.371 299.082
22 277.796 294.901
23 271.958 291.463
24 263.921 287.107
25 257.138 282.919
26 246.869 279.7
27 246.869 274.401
28 245.217 268.573
29 243.917 261.729
30 238.754 257.65
31 236.022 252.515
32 236.022 248.628
33 232.346 245.288
34 229.075 241.675
35 226.243 238.742
36 222.051 236.034
37 219.714 233.913
38 218.188 231.019
39 211.323 228.139
40 207.839 224.811
41 207.556 221.323
42 205.756 217.198
43 203.635 214.208
44 202.818 212.24
45 200.533 210.529
46 195.949 208.562
47 194.951 206.607
48 191.701 205.343
49 190.304 203.229
50 187.053 201.285
51 187.037 198.225
52 185.517 196.707
53 185.517 195.359
54 184.656 193.891
55 183.888 192.517
56 183.888 191.953
57 180.626 190.567
58 180.626 189.567
59 180.485 188.839
60 180.105 187.819
61 179.092 187.619
62 178.486 185.756
63 177.605 184.969
64 176.492 184.022
65 175.005 183.449
66 174.213 182.662
67 174.213 181.909
68 172.928 181.57
69 171.805 180.546
70 171.369 180.241
71 169.87 178.773
72 169.869 177.074
73 169.869 175.2
74 167.768 174.172
75 167.004 173.432
76 167.004 173.684
77 165.698 174.932
78 165.698 175.011
79 165.698 176.478
80 164.507 176.24
81 159.344 176.32
82 158.471 175.354
83 158.305 173.018
84 157.935 170.479
85 156.613 167.995
86 156.323 166.348
87 156.323 165.359
88 150.062 164.419
89 150.062 162.656
90 149.55 160.931
91 147.253 159.275
92 146.742 158.287
93 145.932 156.366
94 145.804 155.718
95 144.142 152.605
96 144.142 151.562
97 143.656 150.437
98 142.688 149.724
99 141.006 148.363
100 141.006 147.168
101 139.866 146.026
102 138.783 145.427
103 138.139 145.015
104 136.925 144.048
105 136.745 144.262
106 135.534 142.561
107 132.889 142.025
108 131.587 140.354
109 131.236 139.354
110 129.94 138.69
111 128.638 138.089
112 128.302 137.089
113 127.803 136.582
114 127.03 135.669
115 125.817 134.786
116 125.817 133.472
117 125.375 132.44
118 123.911 130.597
119 123.911 130.083
120 123.911 130.03
121 123.775 130.605
122 123.554 130.643
123 123.554 131.623
124 122.648 132.39
125 122.648 132.266
126 121.694 131.169
127 120.695 130.554
128 120.695 128.219
129 120.232 127.296
130 120.232 126.19
131 118.602 124.83
132 117.679 124.359
133 117.679 123.972
134 117.216 124.236
135 117.089 124.6
136 116.553 123.71
137 115.81 122.662
138 115.1 122.332
139 113.689 121.695
140 113.226 120.705
141 113.091 119.735
142 113.091 118.402
143 112.58 117.576
144 112.166 117.272
145 112.166 117.125
146 111.633 116.407
147 111.552 116.215
148 111.137 115.886
149 110.918 115.578
150 110.204 114.566
151 109.443 115.052
152 109.443 115
153 109.224 114.677
154 108.057 113.697
155 106.862 112.574
156 106.862 111.667
157 106.29 111.197
158 106.087 111.521
159 106.087 111.993
160 105.928 111.195
161 105.258 111.14
162 105.258 111.64
163 104.404 111.281
164 104.404 112.25
165 104.404 112.454
166 104.404 113.058
167 104.404 114.081
168 104.404 114.672
169 104.404 114.443
170 104.404 112.09
171 104.404 110.896
172 104.183 109.726
173 104.058 109.393
174 103.004 109.084
175 103.004 109.811
176 103.004 108.898
177 102.09 108.328
178 101.554 107.51
179 101.554 107.299
180 101.554 108.237
181 101.554 109.119
182 101.554 110.083
183 101.554 111.191
184 101.554 110.952
185 101.554 111.533
186 101.554 111.289
187 100.329 110.146
188 100.149 109.172
189 100.149 107.776
190 99.5806 106.922
191 99.4008 106.056
192 98.5692 104.439
193 98.5692 104.111
194 98.5692 103.214
195 97.795 102.932
196 97.795 102.336
197 97.795 101.681
198 97.7507 101.629
199 97.2531 101.073
200 96.5606 100.597
201 96.5163 100.342
202 96.2296 100.967
203 96.2296 101.032
204 95.5074 100.044
205 94.7906 99.2042
206 94.7906 99.6952
207 94.4446 98.8264
208 94.0684 97.7434
209 94.0684 97.3048
210 94.0684 97.2658
211 93.9241 96.6964
212 93.9241 96.3333
213 93.9241 96.4633
214 93.7493 96.7769
215 93.3054 96.8322
216 92.9862 97.0581
217 92.8587 96.8651
218 92.8587 96.2501
219 92.5697 95.9879
220 92.5018 96.1272
221 92.5018 95.9207
222 92.2746 95.5551
223 92.1635 95.1142
224 92.1635 95.4069
225 92.1635 95.9468
226 91.4899 95.306
227 91.4899 95.4743
228 91.4473 95.5936
229 90.7737 94.8208
230 90.7737 94.5205
231 90.7737 94.2244
232 90.6834 93.9053
233 90.6834 93.8383
234 90.2916 93.1174
235 90.2916 93.5268
236 90.2916 93.3198
237 90.2916 93.0643
238 89.6644 93.3247
239 89.6644 92.9216
240 89.6644 93.0898
241 89.0704 92.5442
242 89.0704 92.3364
243 89.0704 92.1335
244 89.0704 92.2485
245 89.0704 92.617
246 88.8648 92.5009
247 88.4817 92.4082
248 88.4817 91.8699
249 88.2761 91.7465
250 88.2661 91.7738
251 88.2661 91.9541
252 88.0605 91.8612
253 88.0605 91.5345
254 87.951 92.2265
255 87.7454 92.2415
256 87.7454 91.2649
257 87.537 91.0976
258 87.537 90.5568
259 87.4479 90.7456
260 87.4479 90.5556
261 87.2395 90.2326
262 87.2395 90.4524
263 86.9107 90.5806
264 86.7022 90.041
265 86.7022 89.5803
266 86.7022 89.7497
267 86.7022 89.6019
268 86.6231 89.1743
269 86.6061 89.2581
270 86.6061 89.4132
271 86.6061 89.6373
272 86.6061 89.3229
273 86.6061 88.5584
274 86.6061 89.195
275 86.6061 89.6273
276 86.2437 89.24
277 86.2437 88.7184
278 86.1296 88.5954
279 86.1296 88.9369
280 86.1296 88.7258
281 86.1296 88.5733
282 85.484 88.0708
283 85.484 88.2603
284 85.3187 87.963
285 85.3187 88.1331
286 84.7686 88.3023
287 84.6407 88.4042
288 84.6407 88.7069
289 84.6407 88.241
290 84.6407 87.5824
291 84.6407 87.5057
292 84.0249 87.6364
293 84.0249 87.1832
294 84.0249 86.9922
295 84.0249 86.5739
296 83.9822 86.7752
297 83.3663 87.4174
298 83.3663 86.1373
299 83.3663 86.2104
300 82.9346 86.6138
301 82.9346 86.2606
302 82.9346 86.2942
303 82.9346 85.9718
304 82.9346 86.0503
305 82.9346 85.8793
306 82.9346 85.5248
307 82.9346 86.1807
308 82.9346 85.993
309 82.9346 85.4965
310 82.9346 85.3623
311 82.9346 85.7613
312 82.9346 85.9034
313 82.9346 85.4743
314 82.9346 86.2575
315 82.9346 86.6821
316 82.9346 86.1869
317 82.9346 85.9118
318 82.9346 85.8001
319 82.9346 85.991
320 82.9083 85.2623
321 82.418 85.061
322 82.418 85.286
323 82.3918 85.658
324 82.1505 84.6821
325 82.1243 85.5078
326 82.1243 84.9793
327 82.0235 85.4617
328 81.7139 84.7624
329 81.6131 85.5323
330 81.6131 85.1892
331 81.6131 85.067
332 81.6131 85.5157
333 81.6131 84.8417
334 81.6131 84.2126
335 81.6131 84.4454
336 81.5391 84.6509
337 81.5391 84.5635
338 81.039 84.1178
339 81.039 83.898
340 80.5856 84.0039
341 80.0798 83.4306
342 80.0798 83.8229
343 80.0798 83.3009
344 80.0798 82.8716
345 80.0798 83.2701
346 80.0798 82.8013
347 80.0798 82.976
348 80.0798 82.873
349 80.0798 83.4555
350 79.9933 83.1542
351 79.9933 83.2598
352 79.9766 82.6126
353 79.8901 82.776
354 79.8901 83.2987
355 79.8901 82.5974
356 79.8901 82.6924
357 79.8901 82.3142
358 79.8901 82.5453
359 79.8901 82.45
360 79.7587 82.6622
361 79.7587 82.7177
362 79.7587 82.8631
363 79.7587 82.1153
364 79.7291 82.4076
365 79.7291 82.5448
366 79.7291 82.5901
367 79.7291 82.84
368 79.7291 82.0539
369 79.7291 82.3324
370 79.7291 81.913
371 79.7291 82.1627
372 79.7291 82.4024
373 79.7291 81.8078
374 79.7291 82.3226
375 79.7291 82.1751
376 79.4605 82.1422
377 79.4605 82.373
378 79.4605 82.5793
379 79.4605 82.1704
380 79.4605 82.1949
381 79.4605 82.282
382 79.4605 82.6652
383 79.4605 82.5585
384 79.4605 82.5597
385 79.4605 82.2208
386 79.4605 82.2529
387 79.4605 82.5514
388 79.4605 82.7292
389 79.4605 82.0097
390 79.4605 81.7802
391 79.4605 81.7489
392 79.4605 82.5569
393 79.4605 82.3343
394 79.2751 82.3147
395 79.2751 82.3548
396 78.558 82.644
397 78.558 83.2311
398 78.558 83.7293
399 78.441 83.0921
400 78.441 83.7518
401 78.441 82.8467
402 78.441 82.7978
403 78.441 82.264
404 78.441 81.7755
405 78.441 81.1553
406 78.441 81.0993
407 78.441 81.5298
408 78.441 81.5259
409 78.441 81.039
410 78.441 81.004
411 78.441 81.1279
412 78.441 81.4182
413 78.441 81.8473
414 78.441 81.421
415 78.441 81.3495
416 78.441 82.175
417 78.441 81.8736
418 78.441 81.5134
419 78.441 81.8581
420 78.441 81.8221
421 78.441 81.4172
422 78.441 81.6921
423 78.441 81.4637
424 78.441 81.0923
425 78.441 81.4683
426 78.441 81.2413
427 78.441 80.3358
428 78.441 79.8634
429 78.441 79.9108
430 78.2555 80.0006
431 78.2555 80.8924
432 78.0189 81.3164
433 78.0189 81.7693
434 78.0189 81.9163
435 78.0189 82.653
436 78.0189 82.3659
437 78.0189 82.324
438 76.9434 81.6523
439 76.9434 81.7969
440 76.9434 81.535
441 76.9434 81.1873
442 76.9434 79.6529
443 75.8015 79.43
444 75.8015 80.0631
445 75.8015 79.632
446 75.8015 79.0416
447 75.8015 78.3195
448 75.8015 77.9647
449 75.8015 77.6701
450 75.7577 78.0572
451 75.7577 78.1429
452 75.7577 78.5351
453 75.2502 78.6499
454 75.2502 78.5786
455 75.2502 78.0101
456 75.2502 78.6078
457 75.2502 78.3857
458 75.2502 78.2392
459 75.2502 78.7919
460 74.6762 78.5868
461 74.6762 78.4277
462 74.6762 78.6458
463 74.6762 78.7931
464 74.6762 79.3386
465 74.6762 79.7188
466 74.6762 79.7001
467 74.6762 79.4688
468 74.6762 78.3347
469 74.6762 78.388
470 74.6762 78.3137
471 74.4991 77.8571
472 74.4991 77.5097
473 74.4991 77.7433
474 74.4991 77.4448
475 74.4991 77.2159
476 74.0972 76.8605
477 74.0972 77.1677
478 74.0972 77.2066
479 73.878 77.4924
480 73.878 77.9958
481 73.878 77.5157
482 73.878 78.0951
483 73.878 77.5768
484 73.878 77.7201
485 73.878 77.0972
486 73.878 77.0751
487 73.878 76.9567
488 73.7154 76.7299
489 73.7154 76.9417
490 73.7154 78.3025
491 73.7154 78.4632
492 73.7154 78.5927
493 73.7154 78.7902
494 73.7154 77.9964
495 73.7154 77.8066
496 73.7154 76.977
497 73.6924 76.3559
498 73.6924 76.434
499 73.6924 76.7083
500 73.6924 77.0231
501 73.6924 77.1304
502 73.6924 76.8662
503 73.6924 76.9357
504 73.6924 76.3809
505 73.6924 76.2742
506 73.6924 75.8658
507 72.7276 76.7813
508 72.7276 76.3753
509 72.7276 76.8914
510 72.7276 76.7692
511 72.7276 76.2616
512 72.7276 76.3634
513 72.7276 75.3331
514 72.7276 75.3488
515 72.7276 75.391
516 72.7276 75.3058
517 72.7276 75.3587
518 72.7276 75.3738
519 72.7276 75.0311
520 72.7276 74.9847
521 72.7276 75.5566
522 72.7276 75.603
523 72.6412 76.4555
524 72.6412 76.1592
525 72.6412 75.8075
526 72.6412 75.6958
527 72.6233 76.0928
528 72.6233 75.7623
529 72.6233 75.9553
530 72.6233 76.0228
531 72.6233 76.5638
532 72.5086 75.391
533 72.5086 76.4176
534 72.5086 75.7669
535 72.5086 75.6688
536 72.5086 75.1226
537 72.5086 75.0064
538 72.5086 75.1682
539 72.5086 74.9527
540 72.5086 74.8643
541 72.5086 75.444
542 72.5086 75.9795
543 72.5086 75.6405
544 72.5086 75.9096
545 72.5086 75.4418
546 72.5086 75.5886
547 72.5086 75.5761
548 72.5086 75.5458
549 72.5086 75.5424
550 72.5086 75.2097
551 72.5086 75.3724
552 72.5086 75.7084
553 72.5086 75.6176
554 72.5086 75.8656
555 72.5086 75.8864
556 72.5086 75.445
557 72.5086 75.3395
558 72.5086 75.1656
559 72.5086 74.9081
560 72.5086 74.6387
561 71.8042 74.5328
562 71.8042 74.345
563 71.8042 74.5073
564 71.8042 74.1559
565 71.8042 74.8382
566 71.8042 74.8964
567 71.8042 74.8876
568 71.8042 75.162
569 71.8042 74.8876
570 71.8042 74.7993
571 71.8042 74.3792
572 71.8042 74.4164
573 71.8042 74.8813
574 71.5952 75.5113
575 71.5952 75.3718
576 71.4817 74.3627
577 71.4817 74.8283
578 71.4817 74.9444
579 71.4817 74.3994
580 71.4817 74.5405
581 71.4817 74.3046
582 71.4817 74.3535
583 71.4817 74.6445
584 71.4817 74.974
585 71.4817 75.6426
586 71.4817 75.148
587 71.4817 75.5931
588 71.4817 74.6421
589 71.4817 74.9094
590 71.4817 74.4284
591 71.4817 74.2081
592 71.4817 74.8183
593 71.4817 74.9552
594 71.4817 74.1057
595 71.4817 73.8551
596 71.4817 73.8283
597 71.4817 73.4924
598 71.4817 74.0962
599 71.4817 74.3723
600 71.4817 73.6675
601 71.4817 73.8889
602 71.4817 74.2705
603 71.4817 73.1432
604 71.4817 72.9728
605 71.4817 73.1113
606 71.4817 73.7291
607 71.4817 73.5409
608 71.4817 73.9181
609 71.439 74.7937
610 71.439 75.4432
611 71.439 75.4449
612 71.439 75.3543
613 71.439 74.8505
614 71.439 74.6458
615 71.3807 74.5855
616 71.3807 74.5855
617 71.3807 74.7385
618 71.3807 74.2307
619 71.3807 74.2361
620 71.3807 75.1218
621 71.3807 74.7672
622 71.3807 74.929
623 71.3807 74.5639
624 71.3807 74.7708
625 71.3807 74.8095
626 71.3807 74.6193
627 71.3807 74.3751
628 71.3807 74.6518
629 71.3807 74.2799
630 71.3807 74.5022
631 71.3807 74.0858
632 71.3807 73.9565
633 71.3807 73.9874
634 71.3807 74.1539
635 71.3807 74.3557
636 71.3807 73.8186
637 71.3807 73.7991
638 71.3807 74.1439
639 71.3807 74.1061
640 71.3807 74.2318
641 71.3807 74.6128
642 71.3807 74.5087
643 71.3807 74.4842
644 71.3807 74.1852
645 71.3807 74.35
646 71.3807 74.2519
647 71.3807 73.8282
648 71.3807 74.2784
649 71.3807 74.368
650 71.3807 74.2984
651 71.3807 73.9423
652 71.3807 73.7762
653 71.3807 74.2093
654 71.3807 74.6118
655 71.3694 73.7295
656 71.3694 75.0442
657 71.3694 75.5437
658 71.3694 75.1807
659 71.3694 74.6149
660 71.3694 75.5647
661 71.3694 74.6551
662 71.3694 74.7933
663 71.3694 74.8491
664 71.3694 74.0515
665 71.3694 74.2765
666 71.3694 74.3289
667 71.3694 74.1895
668 71.3694 74.1577
669 71.3694 73.9318
670 71.3694 74.1169
671 70.9104 73.8173
672 70.9104 73.45
673 70.2489 72.8993
674 70.2489 73.6211
675 70.2489 73.8851
676 70.2489 73.5242
677 70.2489 73.2006
678 70.2489 73.0046
679 70.2489 72.5701
680 70.2489 73.4676
681 70.2489 73.5826
682 70.2489 73.149
683 70.2489 73.8669
684 70.2489 72.9193
685 70.2489 73.4213
686 70.2489 73.47
687 70.2489 73.0507
688 70.2489 72.647
689 70.2489 72.1609
690 70.2489 72.0013
691 70.2489 72.2232
692 70.2489 72.7197
693 70.2489 72.9295
694 70.2489 72.7898
695 70.2489 73.4311
696 70.2489 73.5565
697 70.2489 73.978
698 70.2489 73.9821
699 70.2489 73.5993
700 70.2489 73.576
701 70.2489 73.1545
702 70.2489 72.852
703 70.2489 72.8045
704 70.2489 73.402
705 70.2489 74.3355
706 70.2489 73.5813
707 70.2489 73.2815
708 70.2489 72.8439
709 70.2489 73.3218
710 70.2489 73.1791
711 70.2489 72.8609
712 70.2489 72.5322
713 70.2489 72.3199
714 70.2489 72.1998
715 70.2489 72.4362
716 70.2489 72.4466
717 70.2489 73.071
718 70.2489 73.1673
719 70.2489 73.9286
720 70.2489 73.3753
721 70.2489 73.7605
722 70.2489 73.4002
723 70.2489 73.6208
724 70.2489 72.3861
725 70.2489 72.6791
726 70.2489 72.9234
727 70.2489 73.1373
728 70.2489 72.8047
729 70.2489 72.943
730 70.2489 72.9822
731 70.2489 72.8289
732 70.2489 73.153
733 70.2489 73.0973
734 70.2489 73.1725
735 70.2489 73.4039
736 70.2489 73.3825
737 70.2489 73.4246
738 70.2489 73.2925
739 70.2489 73.5538
740 70.2489 72.971
741 70.2489 72.4236
742 70.2489 72.1994
743 70.2489 72.3409
744 70.2489 72.5353
745 70.2489 73.0474
746 70.2489 73.0081
747 70.2489 72.974
748 70.2489 72.6902
749 70.2489 73.6277
750 70.2489 72.6441
751 70.2489 73.1034
752 70.2489 73.5693
753 70.2489 73.8159
754 70.2489 73.3351
755 70.2489 73.1318
756 70.2489 72.4589
757 70.2489 72.7443
758 70.2489 73.0794
759 70.2489 73.0786
760 70.2489 72.9827
761 70.2489 72.5202
762 70.1319 72.1003
763 70.1319 72.1409
764 70.1319 72.2246
765 70.1319 72.7148
766 70.1319 72.7651
767 70.1319 72.5546
768 70.1319 72.9565
769 70.1319 73.2605
770 70.1319 72.9291
771 70.1319 72.1297
772 70.1319 72.8615
773 70.1319 72.5423
774 70.1319 73.3587
775 70.1319 72.8354
776 70.1319 72.5309
777 70.1319 72.751
778 70.1319 72.8773
779 70.1319 72.4822
780 70.1319 73.5822
781 70.1319 74.0771
782 70.1319 74.2514
783 70.1319 73.2663
784 70.1319 72.9332
785 70.1319 73.2811
786 70.1319 73.5122
787 70.1319 73.6912
788 70.1319 73.9002
789 70.1319 73.4657
790 70.1319 73.4556
791 70.1319 74.3525
792 70.1319 73.6672
793 70.1319 73.8725
794 70.1319 73.5244
795 70.1319 73.5076
796 70.1319 74.0028
797 70.1319 74.1174
798 70.1319 73.4935
799 70.1319 73.3133
800 70.1319 73.0939
801 70.1319 72.8109
802 70.1319 72.8102
803 70.1319 72.2707
804 70.1319 72.5416
805 70.1319 72.8934
806 70.1319 72.3238
807 70.1319 72.6556
808 70.1319 73.1304
809 70.1319 73.1496
810 70.1319 73.5916
811 70.1319 73.7721
812 70.1319 73.3182
813 70.1319 74.0054
814 70.1319 73.436
815 70.1319 73.1023
816 70.1319 73.4451
817 70.1319 73.5016
818 70.1319 72.9703
819 70.1319 72.4084
820 70.1319 72.6168
821 70.1319 72.6113
822 70.1319 72.3484
823 70.1319 72.4604
824 70.1319 73.1385
825 70.1319 72.1361
826 70.1319 72.3952
827 70.1319 72.2238
828 70.1319 72.7648
829 70.1319 73.0637
830 70.1319 72.6653
831 70.1319 72.5739
832 70.1319 72.2301
833 70.1319 72.5884
834 70.1319 72.7881
835 70.1319 73.158
836 70.1319 72.7819
837 70.1319 72.9945
838 70.1319 72.6325
839 70.1319 72.9209
840 70.1319 73.5266
841 70.1319 72.8919
842 70.1319 72.5876
843 70.1319 72.8483
844 70.1319 72.8802
845 70.1319 72.5935
846 70.1319 72.9505
847 70.1319 73.3245
848 70.1319 73.463
849 70.1319 73.2262
850 70.1319 72.9912
851 70.1319 73.5754
852 70.1319 72.916
853 70.1319 72.8279
854 70.1319 72.7382
855 70.1319 72.8543
856 70.1319 73.1682
857 70.1319 73.1474
858 70.1319 73.5726
859 70.1319 73.6463
860 70.1319 73.5451
861 70.1319 72.4871
862 70.1319 73.1558
863 70.1319 73.4305
864 70.1319 73.2742
865 70.115 73.5192
866 70.115 73.0151
867 70.115 73.482
868 70.0992 73.7238
869 70.0992 73.075
870 70.0992 73.3785
871 70.0992 73.0762
872 70.0992 73.8229
873 70.0992 72.3825
874 70.0992 72.5644
875 70.0992 73.0307
876 70.0992 72.8517
877 70.0992 73.1481
878 70.0992 72.6048
879 70.0992 72.8363
880 70.0992 72.9348
881 70.0992 73.0663
882 70.0992 72.7177
883 70.0992 72.1897
884 70.0992 72.7847
885 70.0992 72.3015
886 70.0992 72.07
887 70.0031 72.4618
888 70.0031 72.5319
889 70.0031 72.5087
890 70.0031 72.9909
891 70.0031 73.2813
892 70.0031 73.3102
893 70.0031 73.0116
894 70.0031 73.3545
895 70.0031 72.6105
896 70.0031 72.2049
897 70.0031 72.4695
898 70.0031 72.5791
899 70.0031 73.2831
900 70.0031 73.3806
901 70.0031 73.0546
902 70.0031 73.4248
903 70.0031 73.7409
904 70.0031 73.0995
905 70.0031 73.1176
906 70.0031 72.8032
907 70.0031 72.8616
908 70.0031 72.9382
909 70.0031 72.8717
910 70.0031 73.0135
911 70.0031 72.5727
912 70.0031 72.8484
913 70.0031 73.3244
914 70.0031 72.9462
915 70.0031 72.5482
916 70.0031 72.3409
917 70.0031 72.5264
918 70.0031 72.88
919 70.0031 73.1936
920 70.0031 73.2778
921 70.0031 73.3538
922 70.0031 73.0007
923 70.0031 72.2723
924 70.0031 72.6887
925 70.0031 72.5507
926 70.0031 72.3189
927 70.0031 72.7876
928 70.0031 72.5087
929 70.0031 72.5867
930 70.0031 72.7938
931 70.0031 72.9194
932 70.0031 72.6942
933 70.0031 72.5029
934 70.0031 72.5406
935 70.0031 72.2825
936 70.0031 72.4728
937 70.0031 72.9713
938 70.0031 73.7682
939 70.0031 73.8571
940 70.0031 72.6855
941 70.0031 72.5723
942 70.0031 72.3102
943 70.0031 72.537
944 70.0031 72.5333
945 70.0031 72.748
946 70.0031 73.1179
947 70.0031 72.8938
948 70.0031 72.7252
949 70.0031 72.5672
950 70.0031 72.9369
951 70.0031 72.9368
952 70.0031 72.5874
953 70.0031 73.1369
954 70.0031 73.4983
955 70.0031 73.3509
956 70.0031 73.0201
957 70.0031 72.5582
958 70.0031 72.9256
959 70.0031 73.5595
960 70.0031 72.9384
961 70.0031 72.9753
962 70.0031 73.7338
963 70.0031 73.3498
964 70.0031 73.043
965 70.0031 72.5444
966 70.0031 72.8903
967 70.0031 73.0406
968 70.0031 73.0241
969 70.0031 73.9305
970 70.0031 73.2191
971 70.0031 73.0504
972 70.0031 72.2361
973 70.0031 72.5305
974 70.0031 72.9933
975 70.0031 73.2047
976 70.0031 73.2586
977 70.0031 72.9823
978 70.0031 72.5092
979 70.0031 72.7363
980 70.0031 73.158
981 70.0031 73.2865
982 70.0031 72.8718
983 70.0031 72.6576
984 70.0031 73.2301
985 70.0031 73.1003
986 70.0031 72.9128
987 70.0031 73.2147
988 70.0031 73.3927
989 70.0031 73.3425
990 70.0031 72.5326
991 70.0031 72.9758
992 70.0031 72.7557
993 70.0031 72.7799
994 70.0031 72.6728
995 70.0031 73.1867
996 70.0031 72.9424
997 70.0031 73.3233
998 70.0031 73.3152
999 70.0031 73.707
1000 70.0031 73.8077
1001 70.0031 73.5106
1002 70.0031 73.08
1003 70.0031 72.399
1004 70.0031 72.7172
1005 70.0031 72.8552
1006 70.0031 72.9459
1007 70.0031 73.1216
1008 70.0031 73.2378
1009 70.0031 73.0056
1010 70.0031 72.8522
1011 70.0031 72.4238
1012 70.0031 72.3672
1013 70.0031 72.443
1014 70.0031 72.3612
1015 70.0031 72.2169
1016 70.0031 72.5808
1017 70.0031 72.1893
1018 70.0031 72.2847
1019 70.0031 72.4261
1020 70.0031 72.5543
1021 70.0031 72.2342
1022 70.0031 72.588
1023 70.0031 73.0109
1024 70.0031 72.8743
1025 70.0031 72.5938
1026 70.0031 73.3202
1027 70.0031 73.3668
1028 70.0031 73.4846
1029 70.0031 73.8645
1030 70.0031 73.2058
1031 70.0031 73.1517
1032 70.0031 73.2203
1033 70.0031 73.0704
1034 70.0031 72.7403
1035 70.0031 73.0003
1036 70.0031 73.4182
1037 70.0031 73.0184
1038 70.0031 72.9949
1039 70.0031 72.463
1040 70.0031 72.4576
1041 70.0031 72.651
1042 70.0031 72.889
1043 70.0031 72.8209
1044 70.0031 72.3318
1045 70.0031 71.8995
1046 70.0031 72.1667
1047 70.0031 72.7072
1048 70.0031 73.1931
1049 70.0031 72.9875
1050 70.0031 73.231
1051 70.0031 72.8115
1052 70.0031 72.6248
1053 70.0031 72.323
1054 70.0031 72.2208
1055 70.0031 73.1392
1056 70.0031 73.0491
1057 70.0031 72.7844
1058 70.0031 72.968
1059 70.0031 73.0341
1060 70.0031 73.0327
1061 70.0031 72.9636
1062 70.0031 72.7615
1063 70.0031 73.2265
1064 70.0031 72.6755
1065 70.0031 72.6905
1066 70.0031 72.7016
1067 70.0031 72.917
1068 70.0031 72.8301
1069 70.0031 73.0227
1070 70.0031 73.6699
1071 70.0031 73.6527
1072 70.0031 73.2992
1073 70.0031 72.8702
1074 70.0031 72.8964
1075 70.0031 72.1631
1076 70.0031 72.2934
1077 70.0031 71.9654
1078 70.0031 72.9184
1079 70.0031 73.3261
1080 70.0031 72.5932
1081 70.0031 72.0027
1082 70.0031 72.9187
1083 70.0031 72.2662
1084 70.0031 72.162
1085 70.0031 72.4723
1086 70.0031 72.4754
1087 70.0031 72.673
1088 70.0031 72.8315
1089 70.0031 72.675
1090 70.0031 72.7538
1091 70.0031 72.7024
1092 70.0031 72.1915
1093 70.0031 72.4815
1094 70.0031 72.8961
1095 70.0031 72.9539
1096 70.0031 72.707
1097 70.0031 72.3203
1098 70.0031 72.7282
1099 70.0031 72.1094
1100 70.0031 72.7836
1101 70.0031 72.4946
1102 70.0031 72.7048
1103 70.0031 73.1421
1104 70.0031 72.7905
1105 70.0031 73.0533
1106 70.0031 73.1587
1107 70.0031 73.5655
1108 70.0031 72.7445
1109 70.0031 72.6205
1110 70.0031 73.4848
1111 70.0031 73.3215
1112 70.0031 72.9598
1113 70.0031 73.0576
1114 70.0031 73.0229
1115 70.0031 72.8295
1116 70.0031 72.4774
1117 70.0031 72.5976
1118 70.0031 72.8244
1119 70.0031 71.9998
1120 70.0031 72.0669
1121 70.0031 71.866
1122 70.0031 72.1046
1123 70.0031 71.6913
1124 70.0031 71.9621
1125 70.0031 72.9177
1126 70.0031 72.7204
1127 70.0031 72.7808
1128 70.0031 72.6436
1129 70.0031 72.5758
1130 70.0031 72.9536
1131 70.0031 72.7303
1132 70.0031 72.9488
1133 70.0031 73.1118
1134 70.0031 72.8535
1135 70.0031 72.9944
1136 70.0031 73.1882
1137 70.0031 72.6867
1138 70.0031 72.4214
1139 70.0031 72.1726
1140 70.0031 72.2931
1141 70.0031 72.1943
1142 70.0031 72.3453
1143 70.0031 72.5961
1144 70.0031 72.8794
1145 70.0031 72.8693
1146 70.0031 72.6525
1147 70.0031 72.7858
1148 70.0031 73.1223
1149 70.0031 73.0442
1150 70.0031 72.9925
1151 70.0031 72.5776
1152 70.0031 72.3835
1153 70.0031 72.2679
1154 70.0031 72.278
1155 70.0031 72.5199
1156 70.0031 73.0022
1157 70.0031 73.9827
1158 70.0031 73.2539
1159 70.0031 74.1049
1160 70.0031 73.5449
1161 70.0031 73.2322
1162 70.0031 72.4113
1163 70.0031 72.847
1164 70.0031 72.5919
1165 70.0031 72.4584
1166 70.0031 72.7034
1167 70.0031 71.654
1168 70.0031 72.0526
1169 70.0031 72.5605
1170 70.0031 72.772
1171 70.0031 72.5336
1172 70.0031 73.1274
1173 70.0031 72.8604
1174 70.0031 72.3573
1175 70.0031 72.8821
1176 70.0031 73.0787
1177 70.0031 72.6022
1178 70.0031 72.8399
1179 70.0031 73.0536
1180 70.0031 73.3401
1181 70.0031 72.606
1182 70.0031 72.712
1183 70.0031 72.4371
1184 70.0031 71.9586
1185 70.0031 72.4421
1186 70.0031 72.3608
1187 70.0031 72.3132
1188 70.0031 72.4069
1189 70.0031 72.2049
1190 70.0031 72.3342
1191 70.0031 72.2447
1192 70.0031 72.4767
1193 70.0031 72.57
1194 70.0031 72.6548
1195 70.0031 72.4346
1196 70.0031 71.9054
1197 70.0031 72.6643
1198 70.0031 72.1146
1199 70.0031 72.4382
1200 70.0031 72.1827
1201 70.0031 72.0288
1202 70.0031 72.269
1203 70.0031 72.3611
1204 70.0031 73.1406
1205 70.0031 73.0786
1206 70.0031 72.9883
1207 70.0031 73.1179
1208 70.0031 73.2231
1209 70.0031 72.7151
1210 70.0031 72.7083
1211 70.0031 72.5561
1212 70.0031 73.3485
1213 70.0031 72.7056
1214 70.0031 73.1471
1215 70.0031 72.7792
1216 70.0031 72.0691
1217 70.0031 72.9153
1218 70.0031 72.9048
1219 70.0031 73.0531
1220 70.0031 72.7376
1221 70.0031 72.6026
1222 70.0031 72.9997
1223 70.0031 72.7464
1224 70.0031 72.4732
1225 70.0031 71.9093
1226 70.0031 72.9518
1227 70.0031 72.6879
1228 70.0031 73.0668
1229 70.0031 72.8001
1230 70.0031 73.0452
1231 70.0031 73.0995
1232 70.0031 73.2345
1233 70.0031 73.4667
1234 70.0031 73.2289
1235 70.0031 73.1456
1236 70.0031 73.1002
1237 70.0031 72.9803
1238 70.0031 73.4171
1239 70.0031 72.5199
1240 70.0031 72.3591
1241 70.0031 72.5894
1242 70.0031 73.0311
1243 70.0031 74.0811
1244 70.0031 73.7368
1245 70.0031 73.7603
1246 70.0031 73.4332
1247 70.0031 72.9349
1248 70.0031 72.3718
1249 70.0031 72.5839
1250 70.0031 72.1009
1251 70.0031 72.7441
1252 70.0031 73.0913
1253 70.0031 72.8832
1254 70.0031 73.2156
1255 70.0031 73.0108
1256 70.0031 72.4935
1257 70.0031 72.6498
1258 70.0031 72.6116
1259 70.0031 73.0119
1260 70.0031 72.4966
1261 70.0031 72.9249
1262 70.0031 72.7216
1263 70.0031 72.4645
1264 70.0031 72.602
1265 70.0031 72.7126
1266 70.0031 72.978
1267 70.0031 72.6871
1268 70.0031 72.7233
1269 70.0031 72.963
1270 70.0031 72.4676
1271 70.0031 72.1591
1272 70.0031 72.7229
1273 70.0031 73.1208
1274 70.0031 74.0405
1275 70.0031 73.7916
1276 70.0031 72.6416
1277 70.0031 72.5624
1278 70.0031 72.9917
1279 70.0031 72.4063
1280 70.0031 73.6443
1281 70.0031 73.026
1282 70.0031 73.1012
1283 70.0031 73.4236
1284 70.0031 74.1721
1285 70.0031 73.3631
1286 70.0031 73.2444
1287 70.0031 72.4988
1288 70.0031 73.0029
1289 70.0031 73.289
1290 70.0031 72.9108
1291 70.0031 73.295
1292 70.0031 73.2151
1293 70.0031 72.9662
1294 70.0031 72.9552
1295 70.0031 72.1875
1296 70.0031 72.6519
1297 70.0031 72.6653
1298 70.0031 72.9628
1299 70.0031 73.3751
1300 70.0031 72.7078
1301 70.0031 72.8787
1302 70.0031 72.8269
1303 70.0031 72.375
1304 70.0031 71.8806
1305 70.0031 71.7788
1306 70.0031 72.6182
1307 70.0031 72.155
1308 70.0031 72.5306
1309 70.0031 72.4167
1310 70.0031 72.7008
1311 70.0031 73.5313
1312 70.0031 72.9058
1313 70.0031 72.4874
1314 70.0031 72.6127
1315 70.0031 72.8377
1316 70.0031 72.7687
1317 70.0031 73.1787
1318 70.0031 72.9323
1319 70.0031 72.5927
1320 70.0031 72.5813
1321 70.0031 72.5213
1322 70.0031 72.0053
1323 70.0031 72.6871
1324 70.0031 72.8898
1325 70.0031 72.3526
1326 70.0031 72.7603
1327 70.0031 72.9779
1328 70.0031 72.7538
1329 70.0031 72.4322
1330 70.0031 72.4635
1331 70.0031 72.7836
1332 70.0031 72.3054
1333 70.0031 72.2009
1334 70.0031 72.7387
1335 70.0031 72.234
1336 70.0031 72.4978
1337 70.0031 72.4983
1338 70.0031 72.4383
1339 70.0031 71.8457
1340 70.0031 72.787
1341 70.0031 72.8083
1342 70.0031 72.5046
1343 70.0031 73.4344
1344 70.0031 72.986
1345 70.0031 73.0223
1346 70.0031 72.7952
1347 70.0031 73.6864
1348 70.0031 73.5974
1349 70.0031 73.7817
1350 70.0031 73.9292
1351 70.0031 73.108
1352 70.0031 73.123
1353 70.0031 73.1142
1354 70.0031 72.9429
1355 70.0031 72.4847
1356 70.0031 73.2397
1357 70.0031 74.0728
1358 70.0031 73.5119
1359 70.0031 72.7634
1360 70.0031 72.4675
1361 70.0031 72.8809
1362 70.0031 73.5294
1363 70.0031 72.8994
1364 70.0031 72.3937
1365 70.0031 72.0921
1366 70.0031 72.2571
1367 70.0031 72.5549
1368 70.0031 72.8925
1369 70.0031 72.4692
1370 70.0031 72.4483
1371 70.0031 72.4568
1372 70.0031 72.8019
1373 70.0031 73.2068
1374 70.0031 73.5752
1375 70.0031 73.1903
1376 70.0031 72.2937
1377 70.0031 71.8952
1378 70.0031 72.0025
1379 70.0031 72.4708
1380 70.0031 72.2523
1381 70.0031 72.0743
1382 70.0031 72.6073
1383 70.0031 72.648
1384 70.0031 72.4547
1385 70.0031 72.2344
1386 70.0031 71.6195
1387 70.0031 71.7436
1388 70.0031 72.4526
1389 70.0031 72.5607
1390 70.0031 72.8437
1391 70.0031 72.9165
1392 70.0031 73.266
1393 70.0031 72.9063
1394 70.0031 73.0886
1395 70.0031 73.5573
1396 70.0031 73.5016
1397 70.0031 73.8405
1398 70.0031 73.5233
1399 70.0031 73.2944
1400 70.0031 72.674
1401 70.0031 72.9796
1402 70.0031 73.0228
1403 70.0031 73.0468
1404 70.0031 73.6351
1405 70.0031 74.1923
1406 70.0031 73.2945
1407 70.0031 73.0752
1408 70.0031 73.4405
1409 70.0031 72.779
1410 70.0031 72.6002
1411 70.0031 72.7646
1412 70.0031 73.277
1413 70.0031 73.0271
1414 70.0031 72.3426
1415 70.0031 72.7299
1416 70.0031 72.4044
1417 70.0031 72.6771
1418 70.0031 73.4052
1419 70.0031 72.9812
1420 70.0031 73.5501
1421 70.0031 73.0168
1422 70.0031 73.3185
1423 70.0031 73.0312
1424 70.0031 73.0914
1425 70.0031 73.8099
1426 70.0031 73.3149
1427 70.0031 72.4946
1428 70.0031 72.6673
1429 70.0031 73.3165
1430 70.0031 73.393
1431 70.0031 73.5708
1432 70.0031 73.5907
1433 70.0031 73.6449
1434 70.0031 73.4844
1435 70.0031 72.5044
1436 70.0031 72.7003
1437 70.0031 72.549
1438 70.0031 72.3011
1439 70.0031 72.7609
1440 70.0031 72.639
1441 70.0031 72.9928
1442 70.0031 72.5439
1443 70.0031 72.7408
1444 70.0031 71.9876
1445 70.0031 71.7881
1446 70.0031 72.1328
1447 70.0031 71.9346
1448 70.0031 72.2688
1449 70.0031 72.5115
1450 70.0031 72.2372
1451 70.0031 72.4379
1452 70.0031 72.681
1453 70.0031 72.3338
1454 70.0031 72.2389
1455 70.0031 72.0962
1456 70.0031 72.2433
1457 70.0031 72.6134
1458 70.0031 73.1264
1459 70.0031 72.7992
1460 70.0031 72.6494
1461 70.0031 72.4863
1462 70.0031 73.4954
1463 70.0031 73.2764
1464 70.0031 73.3039
1465 70.0031 73.7711
1466 70.0031 72.9482
1467 70.0031 72.6254
1468 70.0031 73.2768
1469 70.0031 73.0753
1470 70.0031 74.0295
1471 70.0031 73.9287
1472 70.0031 73.4919
1473 70.0031 73.0329
1474 70.0031 73.3995
1475 70.0031 72.7943
1476 70.0031 72.1221
1477 70.0031 72.6207
1478 70.0031 72.7321
1479 70.0031 72.3346
1480 70.0031 72.4488
1481 70.0031 72.2168
1482 70.0031 73.2556
1483 70.0031 73.0705
1484 70.0031 73.2228
1485 70.0031 72.7542
1486 70.0031 72.861
1487 70.0031 72.334
1488 70.0031 72.7294
1489 70.0031 73.1085
1490 70.0031 72.9842
1491 70.0031 73.3727
1492 70.0031 73.0528
1493 70.0031 73.5988
1494 70.0031 73.3551
1495 70.0031 72.8445
1496 70.0031 72.31
1497 70.0031 72.2246
1498 70.0031 72.5495
1499 70.0031 72.5741
1500 70.0031 72.6445
1501 70.0031 73.3654
1502 70.0031 73.4811
1503 70.0031 73.6269
1504 70.0031 74.0424
1505 70.0031 73.5916
1506 70.0031 73.5989
1507 70.0031 73.2051
1508 70.0031 72.402
1509 70.0031 72.1872
1510 70.0031 72.3359
1511 70.0031 72.9214
1512 70.0031 72.2623
1513 70.0031 72.0714
1514 70.0031 72.6632
1515 70.0031 72.0823
1516 70.0031 72.6176
1517 70.0031 72.9546
1518 70.0031 72.72
1519 70.0031 72.6967
1520 70.0031 72.9035
1521 70.0031 72.4343
1522 70.0031 71.874
1523 70.0031 72.277
1524 70.0031 72.4766
1525 70.0031 72.7201
1526 70.0031 73.0432
1527 70.0031 73.398
1528 70.0031 72.7361
1529 70.0031 73.2499
1530 70.0031 73.0191
1531 70.0031 72.2201
1532 70.0031 73.2031
1533 70.0031 73.6941
1534 70.0031 73.4362
1535 70.0031 72.6108
1536 70.0031 72.3087
1537 70.0031 71.9624
1538 70.0031 72.67
1539 70.0031 72.4155
1540 70.0031 71.8391
1541 70.0031 71.9927
1542 70.0031 72.9076
1543 70.0031 73.7567
1544 70.0031 72.6565
1545 70.0031 72.4615
1546 70.0031 72.2986
1547 70.0031 72.7384
1548 70.0031 72.5359
1549 70.0031 72.4626
1550 70.0031 72.9121
1551 70.0031 72.4724
1552 70.0031 72.2915
1553 70.0031 72.4561
1554 70.0031 72.6697
1555 70.0031 72.3143
1556 70.0031 72.4866
1557 70.0031 72.6449
1558 70.0031 72.3973
1559 70.0031 72.7472
1560 70.0031 73.0539
1561 70.0031 72.4158
1562 70.0031 73.2224
1563 70.0031 72.7471
1564 70.0031 73.2163
1565 70.0031 73.755
1566 70.0031 73.5858
1567 70.0031 73.7949
1568 70.0031 72.9681
1569 70.0031 73.1994
1570 70.0031 73.0419
1571 70.0031 73.0152
1572 70.0031 72.4909
1573 70.0031 72.2304
1574 70.0031 72.1149
1575 70.0031 72.0308
1576 70.0031 72.0111
1577 70.0031 72.2226
1578 70.0031 72.2844
1579 70.0031 72.6203
1580 70.0031 72.1968
1581 70.0031 72.1728
1582 70.0031 72.1109
1583 70.0031 72.5821
1584 70.0031 72.9559
1585 70.0031 73.1847
1586 70.0031 72.9821
1587 70.0031 72.6299
1588 70.0031 73.1716
1589 70.0031 72.5873
1590 70.0031 73.2826
1591 70.0031 72.568
1592 70.0031 73.0178
1593 70.0031 72.9568
1594 70.0031 72.9622
1595 70.0031 72.8691
1596 70.0031 72.5834
1597 70.0031 73.0387
1598 70.0031 73.0161
1599 70.0031 73.0857
1600 70.0031 73.8309
1601 70.0031 73.4514
1602 70.0031 72.6853
1603 70.0031 72.3255
1604 70.0031 71.6851
1605 70.0031 71.8353
1606 70.0031 72.191
1607 70.0031 72.1337
1608 70.0031 72.1596
1609 70.0031 72.7524
1610 70.0031 72.5363
1611 70.0031 73.0527
1612 70.0031 72.9291
1613 70.0031 72.7067
1614 70.0031 73.3057
1615 70.0031 72.6264
1616 70.0031 73.2055
1617 70.0031 72.7275
1618 70.0031 72.7506
1619 70.0031 73.386
1620 70.0031 72.4245
1621 70.0031 72.3677
1622 70.0031 72.4396
1623 70.0031 72.5592
1624 70.0031 72.3792
1625 70.0031 71.8851
1626 70.0031 72.6001
1627 70.0031 72.48
1628 70.0031 72.3136
1629 70.0031 72.3958
1630 70.0031 72.4511
1631 70.0031 72.093
1632 70.0031 72.2074
1633 70.0031 73.2923
1634 70.0031 72.9236
1635 70.0031 72.8354
1636 70.0031 73.1467
1637 70.0031 72.5051
1638 70.0031 73.0102
1639 70.0031 72.8043
1640 70.0031 73.2698
1641 70.0031 73.2291
1642 70.0031 73.2543
1643 70.0031 72.9002
1644 70.0031 72.6842
1645 70.0031 72.2473
1646 70.0031 72.1105
1647 70.0031 72.6448
1648 70.0031 72.908
1649 70.0031 73.7222
1650 70.0031 73.1776
1651 70.0031 72.6203
1652 70.0031 72.8047
1653 70.0031 72.7268
1654 70.0031 72.6166
1655 70.0031 72.6407
1656 70.0031 73.2786
1657 70.0031 73.0318
1658 70.0031 73.9974
1659 70.0031 74.0095
1660 70.0031 73.8299
1661 70.0031 72.7997
1662 70.0031 73.2239
1663 70.0031 72.9499
1664 70.0031 72.8166
1665 70.0031 72.3018
1666 70.0031 72.7917
1667 70.0031 72.5336
1668 70.0031 72.8608
1669 70.0031 73.1607
1670 70.0031 73.1099
1671 70.0031 72.9498
1672 70.0031 72.6583
1673 70.0031 72.5409
1674 70.0031 72.3634
1675 70.0031 72.6564
1676 70.0031 72.9678
1677 70.0031 72.9246
1678 70.0031 72.5129
1679 70.0031 73.2041
1680 70.0031 72.8565
1681 70.0031 72.9737
1682 70.0031 72.5001
1683 70.0031 72.3142
1684 70.0031 72.7791
1685 70.0031 72.4523
1686 70.0031 72.3917
1687 70.0031 72.9893
1688 70.0031 73.3342
1689 70.0031 73.555
1690 70.0031 73.2398
1691 70.0031 72.9838
1692 70.0031 73.5469
1693 70.0031 72.9109
1694 70.0031 73.3262
1695 70.0031 72.2121
1696 70.0031 73.0973
1697 70.0031 72.9211
1698 70.0031 72.5662
1699 70.0031 72.5628
1700 70.0031 72.6892
1701 70.0031 73.1859
1702 70.0031 72.8325
1703 70.0031 72.8506
1704 70.0031 72.9116
1705 70.0031 73.3068
1706 70.0031 73.5372
1707 70.0031 73.7013
1708 70.0031 73.6979
1709 70.0031 73.5625
1710 70.0031 73.9452
1711 70.0031 73.4139
1712 70.0031 72.7655
1713 70.0031 73.2134
1714 70.0031 72.8472
1715 70.0031 72.8257
1716 70.0031 72.53
1717 70.0031 72.9951
1718 70.0031 73.584
1719 70.0031 73.3572
1720 70.0031 72.764
1721 70.0031 72.8553
1722 70.0031 72.1971
1723 70.0031 72.4917
1724 70.0031 72.3127
1725 70.0031 72.8827
1726 70.0031 72.3212
1727 70.0031 72.1431
1728 70.0031 72.6093
1729 70.0031 73.0328
1730 70.0031 72.7698
1731 70.0031 72.7544
1732 70.0031 73.2772
1733 70.0031 73.26
1734 70.0031 73.6072
1735 70.0031 73.9022
1736 70.0031 73.315
1737 70.0031 73.533
1738 70.0031 72.9318
1739 70.0031 73.142
1740 70.0031 73.3501
1741 70.0031 73.3662
1742 70.0031 72.7449
1743 70.0031 72.5743
1744 70.0031 72.3043
1745 70.0031 72.6072
1746 70.0031 73.0309
1747 70.0031 73.3978
1748 70.0031 73.1477
1749 70.0031 72.8642
1750 70.0031 72.5005
1751 70.0031 73.1581
1752 70.0031 72.9893
1753 70.0031 73.4178
1754 70.0031 73.1734
1755 70.0031 72.8339
1756 70.0031 73.0565
1757 70.0031 72.9256
1758 70.0031 73.3539
1759 70.0031 73.1873
1760 70.0031 73.1206
1761 70.0031 72.3787
1762 70.0031 72.6333
1763 70.0031 72.3845
1764 70.0031 72.2586
1765 70.0031 72.774
1766 70.0031 72.8969
1767 70.0031 72.1764
1768 70.0031 72.851
1769 70.0031 73.1448
1770 70.0031 73.9205
1771 70.0031 73.338
1772 70.0031 72.6911
1773 70.0031 72.5567
1774 70.0031 72.4615
1775 70.0031 72.8432
1776 70.0031 72.9715
1777 70.0031 72.9314
1778 70.0031 72.7905
1779 70.0031 73.1668
1780 70.0031 72.6634
1781 70.0031 72.7921
1782 70.0031 72.9672
1783 70.0031 72.5708
1784 70.0031 72.7049
1785 70.0031 72.1133
1786 70.0031 72.3913
1787 70.0031 72.1649
1788 70.0031 72.5039
1789 70.0031 72.6732
1790 70.0031 72.564
1791 70.0031 73.0811
1792 70.0031 73.4184
1793 70.0031 73.0667
1794 70.0031 73.3401
1795 70.0031 73.6823
1796 70.0031 73.5434
1797 70.0031 73.1394
1798 70.0031 73.0302
1799 70.0031 72.6143
1800 70.0031 72.948
1801 70.0031 72.6537
1802 70.0031 72.2533
1803 70.0031 72.1423
1804 70.0031 72.6233
1805 70.0031 72.2886
1806 70.0031 72.6546
1807 70.0031 72.4664
1808 70.0031 72.3998
1809 70.0031 72.787
1810 70.0031 72.1258
1811 70.0031 72.0324
1812 70.0031 72.4385
1813 70.0031 73.0661
1814 70.0031 72.5112
1815 70.0031 72.5067
1816 70.0031 73.1032
1817 70.0031 73.45
1818 70.0031 73.4107
1819 70.0031 73.4957
1820 70.0031 72.6502
1821 70.0031 72.5498
1822 70.0031 72.7927
1823 70.0031 72.9155
1824 70.0031 72.9456
1825 70.0031 73.1494
1826 70.0031 73.2753
1827 70.0031 73.2693
1828 70.0031 73.56
1829 70.0031 73.5029
1830 70.0031 72.9092
1831 70.0031 73.9591
1832 70.0031 74.2436
1833 70.0031 74.3544
1834 70.0031 73.7203
1835 70.0031 73.1198
1836 70.0031 72.6611
1837 70.0031 71.72
1838 70.0031 72.2408
1839 70.0031 73.0048
1840 70.0031 72.8196
1841 70.0031 73.1669
1842 70.0031 73.6373
1843 70.0031 73.5223
1844 70.0031 74.2409
1845 70.0031 74.333
1846 70.0031 73.5436
1847 70.0031 73.3232
1848 70.0031 72.9291
1849 70.0031 72.9023
1850 70.0031 73.0555
1851 70.0031 72.9245
1852 70.0031 73.0863
1853 70.0031 72.6929
1854 70.0031 72.6772
1855 70.0031 71.9683
1856 70.0031 72.5247
1857 70.0031 73.0295
1858 70.0031 73.1723
1859 70.0031 73.208
1860 70.0031 73.0901
1861 70.0031 72.6179
1862 70.0031 72.352
1863 70.0031 73.0414
1864 70.0031 73.1971
1865 70.0031 73.8121
1866 70.0031 74.1094
1867 70.0031 74.7359
1868 70.0031 74.1534
1869 70.0031 74.2823
1870 70.0031 73.472
1871 70.0031 74.0132
1872 70.0031 74.1794
1873 70.0031 74.5027
1874 70.0031 74.5937
1875 70.0031 74.6812
1876 70.0031 73.5593
1877 70.0031 73.2133
1878 70.0031 73.0909
1879 70.0031 72.8503
1880 70.0031 72.6329
1881 70.0031 71.9824
1882 70.0031 72.8139
1883 70.0031 73.0405
1884 70.0031 73.4955
1885 70.0031 73.2792
1886 70.0031 73.052
1887 70.0031 72.8246
1888 70.0031 72.4677
1889 70.0031 71.9184
1890 70.0031 72.5416
1891 70.0031 72.8102
1892 70.0031 73.0911
1893 70.0031 73.0244
1894 70.0031 72.9647
1895 70.0031 73.0042
1896 70.0031 73.0817
1897 70.0031 73.0593
1898 70.0031 72.7878
1899 70.0031 72.8126
1900 70.0031 73.5775
1901 70.0031 73.1521
1902 70.0031 72.7264
1903 70.0031 73.0632
1904 70.0031 73.4247
1905 70.0031 73.3366
1906 70.0031 72.5413
1907 70.0031 72.4443
1908 70.0031 72.2788
1909 70.0031 71.9462
1910 70.0031 71.7148
1911 70.0031 72.2647
1912 70.0031 72.7462
1913 70.0031 72.3927
1914 70.0031 71.5952
1915 70.0031 71.4757
1916 70.0031 72.4467
1917 70.0031 72.4868
1918 70.0031 72.1405
1919 70.0031 72.0595
1920 70.0031 72.0861
1921 70.0031 72.4461
1922 70.0031 73.1193
1923 70.0031 72.9562
1924 70.0031 72.5512
1925 70.0031 72.874
1926 70.0031 72.6247
1927 70.0031 72.4149
1928 70.0031 72.7438
1929 70.0031 72.7392
1930 70.0031 73.2337
1931 70.0031 73.0172
1932 70.0031 73.7506
1933 70.0031 72.8976
1934 70.0031 72.3385
1935 70.0031 72.1394
1936 70.0031 72.4764
1937 70.0031 72.3842
1938 70.0031 72.6673
1939 70.0031 72.4907
1940 70.0031 72.5478
1941 70.0031 72.9914
1942 70.0031 73.1561
1943 70.0031 73.3584
1944 70.0031 72.8082
1945 70.0031 72.1794
1946 70.0031 72.4982
1947 70.0031 72.8648
1948 70.0031 73.0977
1949 70.0031 72.4945
1950 70.0031 72.9037
1951 70.0031 72.8828
1952 70.0031 73.1199
1953 70.0031 73.3611
1954 70.0031 72.4938
1955 70.0031 71.9627
1956 70.0031 71.745
1957 70.0031 72.5024
1958 70.0031 72.5346
1959 70.0031 72.3938
1960 70.0031 72.304
1961 70.0031 72.8138
1962 70.0031 73.5366
1963 70.0031 73.4553
1964 70.0031 73.7375
1965 70.0031 72.9074
1966 70.0031 72.7844
1967 70.0031 72.5209
1968 70.0031 73.3672
1969 70.0031 72.7063
1970 70.0031 73.7172
1971 70.0031 73.9325
1972 70.0031 73.5176
1973 70.0031 73.9721
1974 70.0031 73.7016
1975 70.0031 73.8015
1976 70.0031 72.8685
1977 70.0031 73.0637
1978 70.0031 73.2796
1979 70.0031 73.069
1980 70.0031 72.2891
1981 70.0031 72.2873
1982 70.0031 71.9445
1983 70.0031 72.376
1984 70.0031 72.6162
1985 70.0031 72.3735
1986 70.0031 73.0184
1987 70.0031 72.8068
1988 70.0031 73.085
1989 70.0031 73.4127
1990 70.0031 73.3441
1991 70.0031 72.5996
1992 70.0031 72.7685
1993 70.0031 73.1681
1994 70.0031 73.6595
1995 70.0031 73.7773
1996 70.0031 73.7429
1997 70.0031 73.1223
1998 70.0031 73.0188
1999 70.0031 72.402
2000 70.0031 73.2365
