0 419.833 491.205
1 415.696 474.01
2 412.945 457.313
3 390.044 442.623
4 390.044 433.935
5 387.992 423.728
6 381.121 414.134
7 373.887 405.605
8 367.604 398.816
9 363.497 391.302
10 358.495 382.541
11 351.114 376.828
12 350.102 370.163
13 341.978 364.31
14 339.608 359.024
15 335.612 353.929
16 318.304 348.06
17 316.54 341.527
18 300.282 336.717
19 297.39 330.988
20 288.352 323.723
21 287.687 316.246
22 282.291 308.023
23 277.577 300.203
24 273.451 294.383
25 270.097 288.52
26 262.091 284.486
27 262.091 280.195
28 258.911 276.936
29 255.557 273.747
30 249.07 270.144
31 247.776 266.758
32 242.443 263.462
33 239.626 259.413
34 234.859 254.903
35 233.242 251.575
36 231.723 247.637
37 227.419 243.302
38 227.152 240.494
39 225.616 238.452
40 222.996 235.844
41 218.746 234.581
42 218.148 233.287
43 216.909 231.581
44 215.398 228.352
45 214.256 226.252
46 205.604 224.428
47 203.908 221.035
48 201.781 217.963
49 199.843 214.706
50 197.74 211.492
51 195.299 208.69
52 190.055 205.163
53 190.055 202.523
54 189.125 200.629
55 186.495 198.615
56 183.168 196.167
57 180.519 194.293
58 178.338 192.021
59 176.838 189.37
60 175.95 187.414
61 175.95 185.354
62 175.95 184.289
63 174.905 182.793
64 174.017 180.777
65 171.273 179.701
66 170.478 178.474
67 167.745 177.615
68 164.34 175.932
69 164.121 174.13
70 159.771 172.139
71 156.911 170.279
72 156.207 168.209
73 154.679 166.678
74 154.679 164.725
75 153.567 162.845
76 151.641 161.734
77 151.641 160.162
78 151.267 159.087
79 149.428 157.366
80 148.483 157.387
81 145.896 157.133
82 145.488 155.808
83 143.19 153.879
84 142.016 152.127
85 142.016 150.257
86 138.903 148.667
87 138.903 147.163
88 137.259 145.519
89 137.19 144.617
90 135.485 143.478
91 135.396 143.685
92 134.242 143.228
93 133.706 142.595
94 133.106 142.964
95 133.106 142.611
96 133.106 142.842
97 132.733 141.275
98 132.133 139.321
99 130.741 138.286
100 130.275 136.871
101 130.097 136.114
102 129.619 135.212
103 129.619 135.11
104 129.446 136.363
105 128.704 135.792
106 128.704 135.588
107 127.313 135.621
108 126.079 135.546
109 126.079 134.413
110 126.079 133.311
111 125.603 132.678
112 125.59 131.613
113 123.242 130.44
114 123.242 129.638
115 122.766 128.985
116 122.191 128.856
117 121.435 128.483
118 121.176 128.179
119 121.176 128.079
120 121.176 127.024
121 121.176 125.87
122 121.023 124.837
123 120.42 124.567
124 120.42 125.676
125 120.42 125.7
126 119.767 127.104
127 119.525 127.404
128 117.34 127.984
129 117.228 128.231
130 116.928 127.636
131 116.928 126.892
132 116.827 126.188
133 116.312 125.282
134 116.133 125.222
135 116.133 124.499
136 115.841 123.619
137 115.419 123.121
138 114.772 122.889
139 114.772 122.303
140 114.751 122.145
141 114.751 121.487
142 114.374 120.906
143 113.963 120.117
144 113.7 119.686
145 113.233 119.508
146 111.193 119.169
147 111.193 117.922
148 111.193 117.59
149 111.173 118.502
150 111.173 118.775
151 111.173 119.56
152 111.064 119.115
153 110.662 118.51
154 110.183 118.125
155 109.672 116.97
156 109.069 116.081
157 109.069 115.018
158 108.558 114.491
159 108.15 114.945
160 108.15 115.367
161 108.15 114.56
162 107.637 114.907
163 107.637 114.765
164 107.637 114.243
165 107.489 113.184
166 107.014 112.355
167 106.401 111.837
168 106.401 111.239
169 106.199 110.818
170 106.074 110.534
171 105.915 110.749
172 105.915 111.574
173 104.975 111.523
174 104.975 112.392
175 104.975 112.815
176 104.764 112.824
177 104.756 111.618
178 104.01 111.762
179 103.107 111.805
180 103.107 110.877
181 102.831 110.141
182 102.62 108.874
183 102.201 107.31
184 101.925 106.334
185 101.88 106.426
186 101.664 106.474
187 100.974 106.108
188 100.714 105.075
189 99.8079 104.116
190 99.8079 104.807
191 99.7939 103.985
192 99.4441 103.628
193 99.1001 103.998
194 98.8234 103.903
195 98.8234 103.124
196 98.6528 103.558
197 98.6528 103.146
198 97.2334 104.032
199 97.2334 105.361
200 97.2334 105.009
201 97.2334 104.443
202 96.8036 103.413
203 96.6542 103.226
204 96.2352 102.802
205 95.2802 102.078
206 95.2802 102.457
207 95.2802 102.823
208 95.2802 103.006
209 95.2802 102.862
210 95.2802 103.856
211 95.2271 104.518
212 95.2271 103.645
213 94.5697 103.363
214 94.5167 102.573
215 94.5167 101.681
216 94.3245 100.547
217 94.0591 99.5774
218 93.9916 98.6665
219 93.9916 98.5539
220 93.2958 98.5721
221 93.2958 98.602
222 93.2958 98.578
223 93.1714 98.3902
224 92.7274 97.224
225 92.7274 96.7116
226 92.1303 96.3778
227 92.1303 96.4573
228 91.6822 95.8986
229 91.0966 95.9486
230 91.0966 95.2944
231 90.9461 94.8618
232 90.7828 95.0658
233 90.7828 94.3546
234 90.6568 95.9362
235 90.5062 96.753
236 90.5062 97.7881
237 90.5062 98.2963
238 90.259 96.3379
239 90.259 96.022
240 90.0111 94.8796
241 89.8098 93.8864
242 89.2254 92.7772
243 88.9775 93.7311
244 88.9582 93.7937
245 88.0458 92.9339
246 87.9214 92.6011
247 87.9214 92.7733
248 87.734 93.2199
249 87.734 93.6354
250 87.734 94.3077
251 87.702 94.3839
252 87.702 94.754
253 86.7157 96.6888
254 86.7157 97.3478
255 86.7157 97.1588
256 86.5491 98.0772
257 86.5491 98.5568
258 86.5491 98.4972
259 85.7306 98.5552
260 85.7306 98.1851
261 85.7306 97.7264
262 85.7306 97.5952
263 85.7306 95.9015
264 85.6841 94.9396
265 85.6841 93.8919
266 85.3028 93.9031
267 85.3028 93.4337
268 84.9635 93.7263
269 84.9635 93.1554
270 84.9635 92.4465
271 84.9635 91.8092
272 84.9635 92.2888
273 84.9635 92.3279
274 84.9421 91.5162
275 84.9421 91.9184
276 84.9421 92.2665
277 84.7144 93.1716
278 84.7144 94.0016
279 84.7144 93.8209
280 84.5571 94.9224
281 84.3817 94.6438
282 84.3817 94.4454
283 84.3817 94.8843
284 84.3817 94.8328
285 84.3817 96.4778
286 84.3817 97.5331
287 84.248 98.118
288 84.2095 97.4568
289 84.2095 96.0868
290 84.2095 96.503
291 84.2095 96.4638
292 84.2095 96.0239
293 84.2095 96.1058
294 84.2095 95.8226
295 84.2095 95.8832
296 84.2095 95.4206
297 84.2095 94.7769
298 84.2095 94.7952
299 84.2095 93.5568
300 84.2095 92.15
301 84.2095 90.1662
302 83.8946 89.8206
303 83.8946 89.7002
304 83.8765 89.217
305 83.7788 88.7456
306 83.7788 87.7964
307 83.7607 87.4612
308 83.7472 86.833
309 83.6658 87.1845
310 83.3509 87.8001
311 83.3328 87.153
312 83.3328 86.7168
313 83.3328 86.9194
314 83.157 86.4689
315 83.1389 85.7162
316 83.1389 85.9446
317 83.1389 86.0169
318 82.9096 86.2968
319 82.9096 86.397
320 82.9096 87.3812
321 82.4983 87.9266
322 82.4983 89.615
323 82.4983 91.009
324 82.4983 91.2542
325 82.4983 91.0897
326 82.4983 90.4444
327 82.4983 89.397
328 82.4983 88.9326
329 82.3676 87.838
330 82.3676 86.3873
331 82.3676 86.9293
332 82.3676 86.559
333 82.3676 86.4822
334 82.3676 87.0587
335 81.4762 86.206
336 81.4762 85.5757
337 81.4762 85.6852
338 81.419 85.1743
339 81.419 84.6477
340 81.419 84.5855
341 81.419 84.7773
342 81.419 84.4215
343 81.2435 84.4024
344 81.1863 85.0497
345 81.1863 84.4176
346 81.1863 84.3437
347 81.1863 84.47
348 81.1863 84.4922
349 81.1649 84.7308
350 81.1649 85.0598
351 80.8132 85.9254
352 80.8132 86.8531
353 80.8132 87.4775
354 80.6244 87.617
355 80.2513 87.3909
356 80.2513 86.311
357 80.2513 86.671
358 80.2513 85.4709
359 80.2513 85.0315
360 80.2513 84.7156
361 80.2513 84.6461
362 80.1285 84.1779
363 79.8621 84.4958
364 79.8621 83.8464
365 79.7744 83.3956
366 79.7744 83.8023
367 79.7744 84.62
368 79.7744 84.493
369 79.7157 84.9155
370 79.7157 85.0577
371 79.7121 85.3411
372 79.6533 85.5018
373 79.6533 86.8388
374 79.6533 87.1539
375 79.6314 87.6784
376 79.2933 87.4763
377 79.2933 86.5645
378 79.2878 85.674
379 78.982 85.067
380 78.982 84.7191
381 78.4674 83.9954
382 78.4674 84.1733
383 78.4674 83.561
384 78.1989 82.7828
385 78.1989 81.9768
386 78.1989 81.5623
387 78.1989 81.4584
388 78.1989 81.0264
389 78.1989 81.2098
390 78.1989 80.8846
391 77.8973 80.9065
392 77.8973 81.0075
393 77.8973 81.3061
394 77.7708 81.6963
395 77.5289 81.1933
396 77.5289 81.8935
397 77.5289 81.9003
398 77.4025 81.3927
399 77.4025 81.3948
400 77.3491 81.3753
401 77.3491 80.739
402 77.3491 80.1857
403 77.2227 80.7997
404 77.2227 80.7299
405 77.2227 80.3335
406 77.0717 80.2664
407 77.0717 80.4122
408 77.0717 81.075
409 77.0717 81.1717
410 77.0717 82.1048
411 77.0717 83.761
412 77.0717 84.5112
413 77.0717 86.4511
414 76.7023 85.9229
415 76.5502 86.9937
416 76.5502 87.7669
417 76.5502 87.1608
418 76.5502 86.675
419 76.5502 85.1385
420 76.5502 83.3429
421 76.5502 82.2678
422 75.9543 81.3633
423 75.9543 80.7009
424 75.9543 80.4375
425 75.9543 81.5974
426 75.9543 82.0962
427 75.9543 81.752
428 75.9543 80.5694
429 75.9543 80.2647
430 75.9543 79.9351
431 75.9376 79.9628
432 75.9376 79.7317
433 75.9376 80.1704
434 75.9376 79.4225
435 75.9376 79.0015
436 75.9376 79.2166
437 75.9376 78.9335
438 75.0746 78.9289
439 75.0746 79.3306
440 75.0746 79.7958
441 75.0746 80.2546
442 75.0746 80.0259
443 75.0746 79.6358
444 75.0746 79.2174
445 75.0746 79.0223
446 75.0746 78.5258
447 75.0746 78.8228
448 75.0746 77.946
449 74.8675 78.2321
450 74.8675 79.1435
451 74.7451 79.5389
452 74.7451 79.0353
453 74.538 78.76
454 74.538 78.9365
455 74.538 78.9821
456 74.4656 78.7349
457 74.4656 78.6851
458 74.4656 78.8865
459 74.4656 78.1026
460 74.4656 77.9763
461 74.4656 78.5514
462 74.4656 79.3743
463 74.1953 80.6891
464 74.1953 81.7424
465 74.1953 81.8401
466 74.1953 82.2011
467 74.1953 82.1987
468 74.1953 81.5662
469 74.1953 79.9979
470 74.1953 78.6853
471 74.1953 78.7718
472 74.1953 79.0208
473 74.1953 78.6595
474 74.1953 78.0706
475 74.1953 76.9295
476 74.1953 76.8544
477 74.1953 77.1349
478 74.1953 76.9656
479 73.6203 76.5545
480 73.6203 77.0034
481 73.6203 77.0588
482 73.6203 76.6659
483 73.6203 76.3456
484 73.6203 76.5354
485 73.6203 76.9987
486 73.6203 77.957
487 73.6203 79.265
488 73.6203 80.4085
489 73.6203 81.5142
490 73.6203 82.8424
491 73.6203 82.4973
492 73.6203 82.1202
493 73.6203 81.9197
494 73.6203 81.7683
495 73.6203 80.1349
496 73.6203 78.9282
497 73.6203 78.0399
498 73.6203 77.6541
499 73.6203 78.2041
500 73.6203 78.1477
501 73.6203 77.4741
502 73.6203 78.1404
503 73.6203 78.5953
504 73.457 77.5269
505 73.457 77.9611
506 73.457 78.0808
507 73.457 79.3542
508 73.457 79.748
509 73.457 81.8222
510 73.457 81.8979
511 73.457 82.2317
512 73.457 82.2345
513 73.457 80.5291
514 73.457 79.8479
515 73.457 79.3248
516 73.457 78.8111
517 73.457 77.8238
518 73.457 77.3243
519 73.4023 77.4577
520 73.4023 76.7063
521 73.4023 76.7902
522 72.9853 76.0579
523 72.9853 76.2876
524 72.9664 76.4161
525 72.9664 76.4871
526 72.9664 76.5201
527 72.9664 76.2373
528 72.9664 76.1399
529 72.9664 75.623
530 72.8436 75.9643
531 72.8436 76.4316
532 72.8436 75.9938
533 72.8436 75.959
534 72.8436 75.7751
535 72.8436 75.6353
536 72.8436 75.2323
537 72.8436 75.4552
538 72.8436 75.6167
539 72.8436 75.2623
540 72.8436 74.4456
541 72.8436 74.4527
542 72.8436 74.6025
543 72.8436 75.3264
544 72.8436 75.4469
545 72.8436 76.7007
546 72.8436 76.5455
547 72.8436 76.5842
548 72.8436 75.2335
549 72.8336 75.486
550 72.8336 75.883
551 72.8336 76.1985
552 72.8336 75.6304
553 72.8336 75.219
554 72.4668 75.7338
555 72.4668 76.5652
556 72.4668 76.1398
557 72.4668 76.1914
558 72.4668 75.5575
559 72.4668 75.7102
560 72.4668 75.5055
561 72.4668 75.7761
562 72.4668 76.0075
563 72.4668 76.3569
564 72.4668 75.7307
565 72.4668 76.0679
566 72.4668 75.437
567 72.4668 74.2953
568 72.4668 74.2517
569 72.4668 74.5049
570 72.4668 74.4194
571 72.4668 74.7938
572 72.4668 75.0812
573 72.4668 75.2783
574 72.4668 75.3868
575 72.4668 75.1918
576 72.4668 75.2107
577 72.4668 74.4777
578 72.4668 74.5908
579 72.4668 73.9897
580 72.4668 74.4159
581 72.4668 74.8566
582 72.4668 75.2622
583 72.4668 75.3215
584 72.4668 75.7787
585 72.4668 76.5829
586 72.4668 76.6815
587 72.4668 76.7716
588 72.4668 77.2225
589 72.298 76.9389
590 72.298 76.928
591 72.298 76.8551
592 72.298 76.1574
593 72.298 75.5258
594 72.298 75.848
595 72.2618 75.5036
596 72.2618 76.2713
597 72.2618 76.8109
598 72.2618 78.19
599 72.2071 80.5097
600 72.2071 81.7733
601 72.2071 83.0576
602 72.2071 83.5581
603 72.2071 83.801
604 72.2071 83.3748
605 72.2071 83.1352
606 72.2071 83.0454
607 72.2071 83.7904
608 72.2071 83.9807
609 72.2071 83.8233
610 72.2071 83.816
611 72.2071 82.1006
612 72.2071 80.7256
613 72.2071 79.9983
614 72.2071 78.5745
615 72.2071 77.3403
616 72.2071 76.5811
617 72.2071 76.1232
618 72.2071 75.4753
619 72.2071 75.886
620 72.2071 74.7684
621 72.2071 75.0942
622 72.2071 74.9873
623 72.2071 75.057
624 72.2071 75.2266
625 72.2071 74.6373
626 72.2071 75.1481
627 72.2071 75.8049
628 72.2071 75.5696
629 72.2071 75.6274
630 72.2071 75.747
631 72.2071 75.4741
632 72.2071 75.2874
633 72.2071 75.5235
634 72.2071 75.7318
635 72.2071 76.1663
636 72.2071 76.0081
637 72.2071 75.9075
638 72.2071 75.5326
639 72.2071 76.2061
640 72.2071 75.8014
641 72.2071 75.8327
642 72.2071 76.3296
643 72.2071 75.7069
644 72.2071 75.3984
645 72.2071 75.3479
646 72.2071 75.763
647 72.2071 75.9779
648 72.2071 76.3949
649 72.2071 75.6138
650 72.2071 75.2429
651 72.2071 75.5655
652 72.2071 75.6108
653 72.2071 75.483
654 72.2071 75.0357
655 72.2071 74.9499
656 72.2071 75.8793
657 72.2071 75.8628
658 72.2071 75.4769
659 72.2071 75.8331
660 72.2071 75.0849
661 72.2071 75.4342
662 72.2071 75.561
663 72.2071 75.9886
664 72.2071 75.407
665 72.2071 75.9978
666 72.2071 75.5913
667 72.2071 76.0277
668 72.2071 75.6729
669 72.2071 76.0515
670 72.2071 75.2778
671 72.2071 75.7416
672 72.2071 75.2875
673 72.2071 74.5931
674 72.2071 74.9344
675 72.2071 74.9333
676 72.2071 75.39
677 72.2071 75.6013
678 72.2071 75.658
679 72.2071 76.0208
680 72.2071 76.3106
681 72.2071 75.955
682 72.2071 75.9363
683 72.2071 75.7442
684 72.2071 75.7306
685 72.2071 75.5018
686 72.2071 76.3802
687 72.2071 76.3306
688 72.2071 75.8994
689 72.2071 75.8863
690 72.2071 75.8483
691 72.2071 76.3222
692 72.2071 76.1868
693 72.0498 75.8676
694 72.0498 75.4454
695 72.0498 75.3078
696 72.0498 74.9249
697 72.0498 74.9521
698 72.0498 75.3283
699 72.0498 74.8496
700 72.0498 75.1981
701 72.0498 74.9646
702 72.0498 76.1942
703 72.0498 76.1014
704 72.0498 75.6572
705 72.0498 75.8527
706 72.0498 75.5488
707 72.0498 75.491
708 72.0498 75.0587
709 72.0498 75.487
710 72.0498 75.5585
711 72.0498 76.12
712 72.0498 76.0445
713 72.0498 75.5161
714 72.0498 76.5977
715 72.0498 75.3906
716 72.0498 75.0714
717 72.0498 75.005
718 72.0498 75.5741
719 72.0498 75.954
720 72.0498 76.2099
721 72.0498 76.3087
722 72.0498 75.7958
723 72.0498 75.9474
724 72.0498 76.1955
725 72.0498 75.863
726 72.0498 75.4765
727 72.0498 75.769
728 72.0498 75.3308
729 72.0498 75.5543
730 72.0498 75.2854
731 72.0498 75.6022
732 72.0498 75.5707
733 72.0498 75.1498
734 72.0498 75.2486
735 72.0498 74.9986
736 72.0498 75.6198
737 72.0498 75.9793
738 72.0498 76.1127
739 72.0498 75.842
740 72.0498 76.5474
741 72.0498 76.1175
742 72.0498 75.9617
743 72.0498 75.4073
744 72.0498 74.6045
745 72.0498 75.4905
746 72.0498 75.0503
747 72.0498 74.9916
748 72.0498 75.0056
749 72.0498 75.1748
750 71.9472 74.8622
751 71.9472 75.8931
752 71.9472 75.7549
753 71.9472 75.5487
754 71.9472 75.0767
755 71.9472 74.1863
756 71.9472 74.4269
757 71.9472 74.2824
758 71.9472 74.1399
759 71.9472 74.3512
760 71.9472 74.5245
761 71.9472 74.5976
762 71.9472 74.3001
763 71.9472 74.3729
764 71.9472 74.3329
765 71.9472 74.9134
766 71.7579 74.3874
767 71.7579 74.1254
768 71.7579 74.2187
769 71.7579 74.9794
770 71.7579 74.9139
771 71.7579 74.7988
772 71.7579 74.4932
773 71.7579 75.2265
774 71.7579 75.0768
775 71.7579 75.2052
776 71.7579 75.2711
777 71.7579 75.9973
778 71.7579 75.4163
779 71.7579 74.8558
780 71.7579 75.3989
781 71.7579 75.6519
782 71.7579 75.0337
783 71.7579 75.4109
784 71.7579 76.0844
785 71.7579 75.6754
786 71.7579 75.1438
787 71.7579 75.1122
788 71.7579 74.5143
789 71.7579 74.336
790 71.7579 74.6963
791 71.7579 74.7542
792 71.7579 75.0473
793 71.7579 74.8908
794 71.7579 75.1664
795 71.7579 75.1202
796 71.7579 74.3891
797 71.7579 74.1954
798 71.7579 74.3634
799 71.7579 74.8757
800 71.7579 74.6919
801 71.7579 73.8011
802 71.7579 73.8267
803 71.7579 73.6843
804 71.7579 73.4682
805 71.7579 73.8734
806 71.7579 74.6716
807 71.7579 74.1378
808 71.7579 74.3465
809 71.7579 75.076
810 71.7579 75.4888
811 71.7579 75.069
812 71.7579 74.7491
813 71.7579 74.8188
814 71.7579 74.9514
815 71.7579 74.6128
816 71.7579 74.8708
817 71.7579 76.3297
818 71.7579 76.2121
819 71.7579 75.9764
820 71.7579 75.0748
821 71.7579 74.7716
822 71.7579 74.4958
823 71.7579 74.0864
824 71.7579 73.9243
825 71.7579 74.392
826 71.7579 73.7672
827 71.7579 74.0357
828 71.7579 74.01
829 71.7579 74.8621
830 71.7579 75.1959
831 71.7579 75.6301
832 71.7579 75.3081
833 71.7579 75.2416
834 71.7579 75.0837
835 71.7579 74.7381
836 71.7579 75.119
837 71.7579 76.0757
838 71.5176 75.5649
839 71.5176 75.8892
840 71.5176 75.6375
841 71.5176 74.8469
842 71.5176 74.997
843 71.5176 75.3332
844 71.5176 76.0474
845 71.5176 75.6975
846 71.5176 75.2394
847 71.5176 75.7046
848 71.5176 76.911
849 71.5176 77.5311
850 71.5176 78.4536
851 71.5176 80.0737
852 71.5176 80.7428
853 71.5176 82.1047
854 71.5176 81.5821
855 71.5176 81.3133
856 71.5176 80.7234
857 71.5176 79.3291
858 71.5176 77.5898
859 71.5176 77.4045
860 71.5176 76.4354
861 71.5176 75.2559
862 71.5176 74.9576
863 71.5176 74.8679
864 71.5176 74.1922
865 71.5176 73.8031
866 71.5176 73.6871
867 71.5176 73.795
868 71.5176 73.927
869 71.5176 73.966
870 71.5176 74.1382
871 71.3534 73.448
872 71.3534 73.5446
873 71.3534 74.2207
874 71.3534 73.4833
875 71.3534 73.5291
876 71.3534 73.5073
877 71.3534 73.6519
878 71.3534 73.224
879 71.3534 74.0551
880 71.3534 73.9841
881 71.3534 74.0493
882 71.3534 74.5164
883 71.3534 74.3461
884 71.3534 73.7721
885 71.3534 73.8947
886 71.3534 73.2395
887 71.3534 73.6367
888 71.3534 73.8595
889 71.3534 73.7975
890 71.3534 74.5496
891 71.3534 74.6897
892 71.3534 75.0105
893 71.3534 74.0533
894 71.3534 74.4944
895 71.3534 74.6525
896 71.3534 74.6544
897 71.3534 74.8493
898 71.3534 75.0447
899 71.3534 74.9466
900 71.3534 74.3527
901 71.3534 75.0132
902 70.9179 74.2925
903 70.9179 74.3897
904 70.9179 73.853
905 70.9179 73.7784
906 70.9179 74.8908
907 70.8274 75.1457
908 70.8274 74.5477
909 70.8274 74.1327
910 70.8274 74.2581
911 70.8274 73.1754
912 70.8274 73.8305
913 70.8274 73.7899
914 70.8274 73.7875
915 70.8274 73.2164
916 70.8274 73.2104
917 70.8274 73.4784
918 70.8274 74.0534
919 70.8274 74.0035
920 70.8274 74.4311
921 70.8274 74.4092
922 70.8274 73.7742
923 70.8274 73.3164
924 70.8274 73.1134
925 70.8274 72.8943
926 70.8274 72.7199
927 70.8274 73.3262
928 70.8274 72.9452
929 70.8274 72.901
930 70.8274 72.7431
931 70.8274 73.1758
932 70.8274 73.3978
933 70.8274 73.5964
934 70.8274 73.6613
935 70.8274 73.9645
936 70.8274 74.1541
937 70.8274 74.1975
938 70.8274 73.6706
939 70.8274 73.6745
940 70.8274 73.3307
941 70.8274 73.5566
942 70.8274 73.405
943 70.8274 74.1943
944 70.8274 74.308
945 70.8274 74.6358
946 70.8274 74.115
947 70.8274 74.2729
948 70.8274 74.276
949 70.8274 74.3237
950 70.8274 74.0759
951 70.8274 74.1266
952 70.8274 74.16
953 70.8274 74.1008
954 70.8274 73.9558
955 70.8274 73.4372
956 70.8274 73.2155
957 70.8274 73.224
958 70.8274 73.2248
959 70.8274 73.553
960 70.8274 74.2413
961 70.8274 74.0611
962 70.8274 73.8242
963 70.8274 73.6046
964 70.8274 73.3709
965 70.8274 73.84
966 70.8274 73.6328
967 70.8274 73.7171
968 70.8274 73.8789
969 70.8274 73.0609
970 70.8274 73.4455
971 70.8274 73.4936
972 70.8274 73.7671
973 70.8274 73.2619
974 70.8274 72.6687
975 70.8274 72.9842
976 70.8274 73.419
977 70.8274 73.3574
978 70.8274 73.7659
979 70.8274 74.1931
980 70.8274 73.7453
981 70.8274 73.7765
982 70.8274 73.6983
983 70.8274 74.2975
984 70.8274 74.2671
985 70.8274 73.8784
986 70.8274 74.107
987 70.8274 73.4959
988 70.8274 74.3187
989 70.8274 74.389
990 70.8274 74.5853
991 70.8274 75.5823
992 70.8274 75.189
993 70.8274 74.7782
994 70.8274 74.6158
995 70.8274 74.2304
996 70.8274 73.9684
997 70.8274 74.3975
998 70.8274 74.3858
999 70.8274 73.9215
1000 70.8274 73.1008
1001 70.8274 73.6834
1002 70.8274 73.8327
1003 70.8274 74.1494
1004 70.8274 74.3002
1005 70.8274 74.4303
1006 70.8274 74.0826
1007 70.8274 74.0636
1008 70.8274 73.8519
1009 70.8274 73.4342
1010 70.8274 73.7246
1011 70.8274 73.7999
1012 70.8274 73.9885
1013 70.8274 74.056
1014 70.8274 73.7779
1015 70.8274 74.007
1016 70.8274 74.1205
1017 70.8274 73.5134
1018 70.8274 73.2739
1019 70.8274 73.3688
1020 70.8274 73.3485
1021 70.8274 73.3163
1022 70.8274 73.3079
1023 70.8274 74.4631
1024 70.8274 74.1407
1025 70.8274 73.706
1026 70.8274 73.6486
1027 70.8274 74.0064
1028 70.8274 74.1247
1029 70.8274 73.4037
1030 70.8274 73.393
1031 70.8274 73.3535
1032 70.8274 74.7389
1033 70.8274 74.5673
1034 70.8274 74.4952
1035 70.8274 73.5669
1036 70.8274 73.1872
1037 70.8274 73.6652
1038 70.8274 74.8208
1039 70.8274 74.5812
1040 70.8274 74.1939
1041 70.8274 73.4836
1042 70.8274 73.346
1043 70.8274 73.8295
1044 70.8274 73.4389
1045 70.8274 72.9409
1046 70.8274 73.0921
1047 70.8274 73.0413
1048 70.8274 73.3527
1049 70.8274 73.5933
1050 70.8274 73.1286
1051 70.8274 73.499
1052 70.8274 73.2146
1053 70.8274 73.5532
1054 70.8274 73.4421
1055 70.8274 73.3338
1056 70.8274 73.9464
1057 70.8274 74.1071
1058 70.8274 73.7575
1059 70.8274 73.6326
1060 70.8274 73.2938
1061 70.8274 73.4789
1062 70.8274 73.3585
1063 70.8274 73.5603
1064 70.4164 73.7487
1065 70.4164 74.0628
1066 70.4164 73.6914
1067 70.4164 74.6867
1068 70.4164 75.3431
1069 70.4164 75.0485
1070 70.4164 74.4047
1071 70.4164 74.3131
1072 70.4164 73.7595
1073 70.4164 73.2365
1074 70.4164 73.7673
1075 70.4164 73.0215
1076 70.4164 72.5904
1077 70.4164 72.4932
1078 70.4164 72.8117
1079 70.4164 72.1352
1080 70.4164 72.4497
1081 70.4164 72.7551
1082 70.4164 73.1773
1083 70.4164 73.3804
1084 70.4164 73.521
1085 70.4164 73.9102
1086 70.4164 74.1078
1087 70.4164 73.7948
1088 70.4164 73.6103
1089 70.4164 73.8747
1090 70.4164 73.492
1091 70.4164 73.2399
1092 70.4164 73.4815
1093 70.4164 73.4894
1094 70.4164 73.1834
1095 70.4164 72.8886
1096 70.4164 73.7652
1097 70.4164 73.5821
1098 70.4164 73.1585
1099 70.4164 73.6972
1100 70.4164 73.7939
1101 70.4164 74.2484
1102 70.4164 73.4477
1103 70.4164 73.1575
1104 70.4164 73.1417
1105 70.4164 72.8181
1106 70.4164 72.3875
1107 70.4164 72.981
1108 70.4164 73.0629
1109 70.4164 72.5176
1110 70.4164 72.7823
1111 70.4164 73.0998
1112 70.4164 73.202
1113 70.4164 72.9742
1114 70.4164 72.7885
1115 70.4164 73.1565
1116 70.4164 73.1344
1117 70.4164 72.986
1118 70.4164 72.6544
1119 70.4164 73.1814
1120 70.4164 72.852
1121 70.4164 72.8114
1122 70.4164 73.2445
1123 70.4164 73.6427
1124 70.4164 74.0023
1125 70.4164 74.2001
1126 70.4164 74.4836
1127 70.4164 74.8849
1128 70.4164 74.5377
1129 70.4164 74.504
1130 70.4164 74.1621
1131 70.4164 74.217
1132 70.4164 73.8705
1133 70.4164 73.6785
1134 70.4164 73.1819
1135 70.4164 73.0776
1136 70.4164 73.6589
1137 70.4164 73.5214
1138 70.4164 73.6408
1139 70.4164 73.8738
1140 70.4164 73.2923
1141 70.4164 73.6514
1142 70.4164 73.9846
1143 70.4164 74.0053
1144 70.4164 73.6343
1145 70.4164 74.3647
1146 70.4164 74.1927
1147 70.4164 74.1861
1148 70.4164 73.7378
1149 70.4164 72.9907
1150 70.4164 73.4456
1151 70.4164 73.8534
1152 70.4164 74.4702
1153 70.4164 74.0908
1154 70.4164 73.7726
1155 70.4164 73.4387
1156 70.4164 73.5525
1157 70.4164 73.6187
1158 70.4164 74.1448
1159 70.4164 74.2059
1160 70.4164 74.1845
1161 70.4164 73.7806
1162 70.4164 73.5944
1163 70.4164 73.1987
1164 70.4164 73.1633
1165 70.4164 73.3428
1166 70.4164 73.5529
1167 70.4164 73.5895
1168 70.4164 73.7885
1169 70.4164 73.9642
1170 70.4164 73.5306
1171 70.4164 74.0236
1172 70.4164 73.6504
1173 70.4164 73.7772
1174 70.4164 73.3594
1175 70.4164 73.1911
1176 70.4164 73.8118
1177 70.4164 74.2353
1178 70.4164 73.7461
1179 70.4164 73.3516
1180 70.4164 73.3788
1181 70.4164 74.1246
1182 70.4164 73.2629
1183 70.4164 74.1926
1184 70.4164 74.3177
1185 70.4164 73.2068
1186 70.4164 73.3945
1187 70.4164 73.4293
1188 70.4164 73.3435
1189 70.4164 73.1774
1190 70.4164 73.2374
1191 70.4164 72.9856
1192 70.4164 72.8308
1193 70.4164 72.342
1194 70.4164 73.1805
1195 70.4164 73.0831
1196 70.4164 73.6057
1197 70.4164 73.6236
1198 70.4164 73.6717
1199 70.4164 73.9496
1200 70.4164 73.9522
1201 70.4164 74.7017
1202 70.4164 74.1785
1203 70.4164 73.5779
1204 70.4164 73.3662
1205 70.4164 73.6431
1206 70.4164 73.2406
1207 70.4164 72.7808
1208 70.4164 73.1579
1209 70.4164 73.6367
1210 70.4164 73.1236
1211 70.4164 72.8041
1212 70.4164 72.5108
1213 70.4164 74.0276
1214 70.4164 73.0414
1215 70.4164 72.8854
1216 70.4164 72.7391
1217 70.4164 72.5867
1218 70.4164 72.7218
1219 70.4164 72.9723
1220 70.4164 72.5547
1221 70.4164 72.3258
1222 70.4164 73.3057
1223 70.4164 72.7498
1224 70.4164 73.507
1225 70.4164 73.7732
1226 70.4164 73.7075
1227 70.4164 73.9003
1228 70.4164 74.1091
1229 70.4164 73.8983
1230 70.4164 73.5002
1231 70.4164 73.2266
1232 70.4164 73.0403
1233 70.4164 73.1515
1234 70.4164 73.1574
1235 70.4164 73.3672
1236 70.4164 72.8383
1237 70.4164 72.2424
1238 70.4164 72.0133
1239 70.4164 72.8447
1240 70.4164 72.7438
1241 70.4164 72.8298
1242 70.4164 73.8348
1243 70.4164 73.846
1244 70.4164 73.2167
1245 70.4164 73.5986
1246 70.4164 73.3452
1247 70.4164 73.1605
1248 70.4164 73.3029
1249 70.4164 74.1701
1250 70.4164 74.3193
1251 70.4164 74.1144
1252 70.4164 74.078
1253 70.4164 74.0033
1254 70.4164 73.9167
1255 70.4164 73.9106
1256 70.4164 73.9156
1257 70.4164 73.5424
1258 70.4164 72.9962
1259 70.4164 73.3616
1260 70.4164 73.4496
1261 70.4164 73.4021
1262 70.4164 73.7201
1263 70.4164 72.6215
1264 70.4164 72.7936
1265 70.4164 72.7583
1266 70.4164 72.7205
1267 70.4164 73.2464
1268 70.4164 73.0393
1269 70.4164 73.4606
1270 70.4164 74.3685
1271 70.4164 73.472
1272 70.4164 73.8601
1273 70.4164 73.8737
1274 70.4164 73.819
1275 70.4164 73.397
1276 70.4164 73.396
1277 70.4164 73.4502
1278 70.4164 73.6307
1279 70.4164 73.7722
1280 70.4164 73.2625
1281 70.4164 73.3592
1282 70.4164 73.5805
1283 70.4164 72.9061
1284 70.4164 72.9352
1285 70.4164 72.9549
1286 70.4164 72.8561
1287 70.4164 73.3194
1288 70.4164 73.1506
1289 70.4164 72.3112
1290 70.4164 74.105
1291 70.4164 73.9774
1292 70.4164 73.4243
1293 70.4164 73.0704
1294 70.4164 73.019
1295 70.4164 72.8674
1296 70.4164 72.7746
1297 70.4164 72.7881
1298 70.4164 72.4823
1299 70.4164 72.3693
1300 70.4164 72.8789
1301 70.4164 73.2245
1302 70.4164 73.2272
1303 70.4164 73.0794
1304 70.4164 72.8022
1305 70.4164 73.213
1306 70.4164 73.1085
1307 70.4164 73.2947
1308 70.4164 73.3052
1309 70.4164 73.5101
1310 70.4164 72.6634
1311 70.4164 73.2185
1312 70.4164 72.915
1313 70.4164 72.7786
1314 70.4164 72.541
1315 70.4164 73.2546
1316 70.4164 73.9663
1317 70.4164 74.1004
1318 70.4164 73.4289
1319 70.4164 73.1543
1320 70.4164 72.7707
1321 70.4164 73.5266
1322 70.4164 73.0371
1323 70.4164 73.0348
1324 70.4164 72.4859
1325 70.4164 72.7435
1326 70.4164 72.2719
1327 70.4164 72.6221
1328 70.4164 72.7862
1329 70.4164 72.5011
1330 70.4164 73.222
1331 70.4164 72.7515
1332 70.4164 72.689
1333 70.4164 71.9931
1334 70.4164 72.2963
1335 70.4164 72.1649
1336 70.4164 72.5703
1337 70.4164 72.4475
1338 70.4164 72.3997
1339 70.4164 72.6123
1340 70.4164 72.7078
1341 70.4164 73.002
1342 70.4164 73.3089
1343 70.4164 73.6918
1344 70.4164 73.1648
1345 70.4164 73.3858
1346 70.4164 73.9057
1347 70.4164 73.9591
1348 70.4164 73.9681
1349 70.4164 73.9665
1350 70.4164 73.9084
1351 70.4164 74.2666
1352 70.4164 74.2883
1353 70.4164 73.8706
1354 70.4164 73.6535
1355 70.4164 73.5874
1356 70.4164 73.0968
1357 70.4164 73.2995
1358 70.4164 72.8164
1359 70.4164 72.7983
1360 70.4164 72.6016
1361 70.4164 73.1201
1362 70.4164 72.5952
1363 70.4164 72.5778
1364 70.4164 72.695
1365 70.4164 73.0048
1366 70.4164 73.8766
1367 70.4164 73.691
1368 70.4164 73.4181
1369 70.4164 73.1824
1370 70.4164 72.6956
1371 70.4164 73.3325
1372 70.4164 73.0032
1373 70.4164 72.5824
1374 70.4164 72.5819
1375 70.4164 73.5808
1376 70.4164 73.1664
1377 70.4164 73.4737
1378 70.4164 73.4267
1379 70.4164 73.3032
1380 70.4164 74.0679
1381 70.4164 73.18
1382 70.4164 73.683
1383 70.4164 73.4178
1384 70.4164 73.2857
1385 70.4164 73.6199
1386 70.4164 73.574
1387 70.4164 73.775
1388 70.4164 73.1942
1389 70.4164 73.6771
1390 70.4164 73.8126
1391 70.4164 73.3465
1392 70.4164 73.6476
1393 70.4164 73.9288
1394 70.4164 73.501
1395 70.4164 73.989
1396 70.4164 73.1923
1397 70.4164 73.2356
1398 70.4164 73.3528
1399 70.4164 73.1511
1400 70.4164 72.9851
1401 70.4164 73.3365
1402 70.4164 73.4503
1403 70.4164 72.9624
1404 70.4164 72.3837
1405 70.4164 72.49
1406 70.4164 73.3316
1407 70.4164 73.2744
1408 70.4164 72.4928
1409 70.4164 73.0486
1410 70.4164 72.623
1411 70.4164 72.5022
1412 70.4164 72.5845
1413 70.4164 72.4699
1414 70.4164 72.7076
1415 70.4164 73.1372
1416 70.4164 72.9473
1417 70.4164 72.8497
1418 70.4164 72.3525
1419 70.4164 72.9576
1420 70.4164 72.7585
1421 70.4164 73.2131
1422 70.4164 73.2895
1423 70.4164 73.2516
1424 70.4164 73.1643
1425 70.4164 73.2606
1426 70.4164 73.3077
1427 70.4164 73.8264
1428 70.4164 73.1699
1429 70.4164 73.2302
1430 70.4164 73.8887
1431 70.4164 73.676
1432 70.4164 73.9472
1433 70.4164 73.3158
1434 70.4164 72.9975
1435 70.4164 72.7884
1436 70.4164 73.0694
1437 70.3139 73.4407
1438 70.3139 73.687
1439 70.3139 74.126
1440 70.3139 73.7274
1441 70.3139 73.3306
1442 70.3139 73.1898
1443 70.3139 72.9927
1444 70.3139 73.223
1445 70.3139 73.3675
1446 70.3139 74.0071
1447 70.3139 74.1998
1448 70.3139 73.7783
1449 70.3139 73.8806
1450 70.3139 73.597
1451 70.3139 73.4397
1452 70.3139 73.12
1453 70.3139 73.2102
1454 70.3139 73.277
1455 70.3139 73.1194
1456 70.3139 73.3014
1457 70.3139 73.1965
1458 70.3139 73.4536
1459 70.3139 72.9104
1460 70.3139 73.0965
1461 70.3139 72.9268
1462 70.3139 73.5458
1463 70.3139 73.6822
1464 70.3139 73.7064
1465 70.3139 73.6814
1466 70.3139 73.5249
1467 70.3139 73.2607
1468 70.3139 73.1555
1469 70.3139 73.5972
1470 70.3139 73.7229
1471 70.3139 72.939
1472 70.3139 72.2786
1473 70.3139 72.8894
1474 70.3139 73.547
1475 70.3139 73.6744
1476 70.3139 73.5378
1477 70.3139 72.6572
1478 70.3139 72.6007
1479 70.3139 72.9433
1480 70.3139 73.4534
1481 70.3139 73.0615
1482 70.3139 73.3489
1483 70.3139 73.458
1484 70.3139 73.2241
1485 70.3139 73.7359
1486 70.3139 73.3351
1487 70.3139 72.653
1488 70.3139 72.8654
1489 70.3139 72.9394
1490 70.3139 73.2319
1491 70.3139 72.7538
1492 70.3139 73.0276
1493 70.3139 73.4437
1494 70.3139 72.6615
1495 70.3139 73.2712
1496 70.3139 73.4596
1497 70.3139 73.0785
1498 70.3139 73.1472
1499 70.3139 73.661
1500 70.3139 73.6265
1501 70.3139 74.1827
1502 70.3139 73.6984
1503 70.3139 73.9426
1504 70.3139 73.8702
1505 70.3139 73.778
1506 70.3139 74.122
1507 70.3139 74.2525
1508 70.3139 74.237
1509 70.3139 73.8299
1510 70.3139 73.6102
1511 70.3139 72.6722
1512 70.3139 73.314
1513 70.3139 73.4339
1514 70.3139 73.7526
1515 70.3139 73.4341
1516 70.3139 73.6429
1517 70.3139 73.826
1518 70.3139 73.5051
1519 70.3139 73.4476
1520 70.3139 72.8318
1521 70.3139 73.1547
1522 70.3139 73.0237
1523 70.3139 73.2908
1524 70.3139 72.7408
1525 70.3139 72.7763
1526 70.3139 73.0165
1527 70.3139 72.8149
1528 70.3139 73.0687
1529 70.3139 72.6254
1530 70.3139 72.7615
1531 70.3139 72.6227
1532 70.3139 73.4533
1533 70.3139 73.0204
1534 70.3139 73.5855
1535 70.3139 73.7418
1536 70.3139 73.9772
1537 70.3139 73.8469
1538 70.3139 74.0542
1539 70.3139 73.1236
1540 70.3139 73.1074
1541 70.3139 73.6658
1542 70.3139 73.2032
1543 70.3139 73.03
1544 70.3139 73.4945
1545 70.3139 73.6228
1546 70.3139 74.0128
1547 70.3139 73.5198
1548 70.3139 73.9776
1549 70.3139 74.0372
1550 70.3139 73.4134
1551 70.3139 73.6226
1552 70.3139 73.5267
1553 70.3139 73.3264
1554 70.3139 73.4999
1555 70.3139 73.39
1556 70.3139 73.1911
1557 70.3139 73.695
1558 70.3139 73.8196
1559 70.3139 74.0164
1560 70.3139 73.4888
1561 70.3139 73.1694
1562 70.3139 73.5336
1563 70.3139 73.8919
1564 70.3139 73.7008
1565 70.3139 73.0851
1566 70.3139 72.7931
1567 70.3139 72.8892
1568 70.3139 72.6982
1569 70.3139 73.1413
1570 70.3139 73.5844
1571 70.3139 73.8834
1572 70.3139 73.4674
1573 70.3139 73.6475
1574 70.3139 73.7654
1575 70.3139 73.5129
1576 70.3139 73.5915
1577 70.3139 73.2353
1578 70.3139 72.8942
1579 70.3139 73.4635
1580 70.3139 73.6511
1581 70.3139 74.2756
1582 70.3139 74.3404
1583 70.3139 74.0297
1584 70.3139 73.3362
1585 70.3139 72.8281
1586 70.3139 73.0171
1587 70.3139 72.8538
1588 70.3139 73.4457
1589 70.3139 73.3122
1590 70.3139 73.0753
1591 70.3139 73.2252
1592 70.3139 72.9915
1593 70.3139 72.3564
1594 70.3139 72.7536
1595 70.3139 72.2281
1596 70.3139 73.1143
1597 70.3139 72.518
1598 70.3139 72.5353
1599 70.3139 73.1553
1600 70.3139 73.8295
1601 70.3139 73.7018
1602 70.3139 74.1721
1603 70.3139 74.2876
1604 70.3139 73.5523
1605 70.3139 73.3804
1606 70.3139 74.0083
1607 70.3139 73.4598
1608 70.3139 74.0938
1609 70.3139 74.5166
1610 70.3139 73.1854
1611 70.3139 73.2597
1612 70.3139 73.3634
1613 70.3139 73.0064
1614 70.3139 73.2636
1615 70.3139 73.3324
1616 70.3139 72.8666
1617 70.3139 72.9274
1618 70.3139 73.6697
1619 70.3139 73.5809
1620 70.3139 73.522
1621 70.3139 72.8358
1622 70.3139 73.4625
1623 70.3139 72.9623
1624 70.3139 72.4831
1625 70.3139 72.2934
1626 70.3139 72.6948
1627 70.3139 72.3406
1628 70.3139 72.4173
1629 70.3139 72.5129
1630 70.3139 72.4881
1631 70.3139 73.0116
1632 70.3139 72.7925
1633 70.3139 72.7521
1634 70.3139 72.5787
1635 70.3139 73.4651
1636 70.3139 73.0725
1637 70.3139 72.928
1638 70.3139 72.7322
1639 70.3139 73.06
1640 70.3139 72.8423
1641 70.3139 73.1189
1642 70.3139 73.5627
1643 70.3139 73.9753
1644 70.3139 73.6673
1645 70.3139 73.2371
1646 70.3139 73.5248
1647 70.3139 73.4235
1648 70.3139 73.5956
1649 70.3139 73.7641
1650 70.3139 73.4708
1651 70.3139 73.0778
1652 70.3139 72.9116
1653 70.3139 72.9644
1654 70.3139 72.832
1655 70.3139 72.9325
1656 70.3139 72.9786
1657 70.3139 73.2992
1658 70.3139 73.5342
1659 70.3139 73.719
1660 70.3139 73.7566
1661 70.3139 74.4663
1662 70.3139 73.8837
1663 70.3139 72.99
1664 70.3139 73.4564
1665 70.3139 72.944
1666 70.3139 72.8414
1667 70.3139 72.6926
1668 70.3139 72.9592
1669 70.3139 72.9028
1670 70.3139 73.3427
1671 70.3139 72.6584
1672 70.3139 72.8042
1673 70.3139 73.2129
1674 70.3139 73.1536
1675 70.3139 73.2894
1676 70.3139 74.1198
1677 70.3139 73.947
1678 70.3139 73.5516
1679 70.3139 73.5847
1680 70.3139 74.0636
1681 70.3139 74.0578
1682 70.3139 73.7345
1683 70.3139 73.7748
1684 70.3139 74.3428
1685 70.3139 73.9808
1686 70.3139 73.4534
1687 70.3139 73.3405
1688 70.3139 73.4836
1689 70.3139 73.2114
1690 70.3139 72.98
1691 70.3139 72.8534
1692 70.3139 73.4526
1693 70.3139 73.7961
1694 70.3139 73.979
1695 70.3139 72.7394
1696 70.3139 73.2088
1697 70.3139 73.3146
1698 70.3139 72.9131
1699 70.2912 73.1724
1700 70.2912 73.3764
1701 70.2912 72.868
1702 70.2912 72.6553
1703 70.2912 72.8946
1704 70.2912 72.5308
1705 70.2912 72.8932
1706 70.2912 72.5332
1707 70.2912 72.607
1708 70.2912 72.6248
1709 70.2912 72.3823
1710 70.2912 72.5873
1711 70.2912 72.1303
1712 70.2912 72.5365
1713 70.2912 73.3812
1714 70.2912 72.8542
1715 70.2912 73.0275
1716 70.2912 73.3168
1717 70.2912 73.0256
1718 70.2912 72.5971
1719 70.2912 73.2715
1720 70.2912 73.708
1721 70.2912 73.2268
1722 70.2912 72.836
1723 70.2912 72.5528
1724 70.2912 72.6065
1725 70.2912 72.7606
1726 70.2912 73.5506
1727 70.2912 72.8323
1728 70.2912 72.6622
1729 70.2912 72.7381
1730 70.2912 72.486
1731 70.2912 73.493
1732 70.2912 73.3341
1733 70.2912 73.4719
1734 70.2912 73.2344
1735 70.2912 74.2057
1736 70.2912 74.6675
1737 70.2912 75.8391
1738 70.2912 75.0603
1739 70.2912 74.6029
1740 70.2912 74.1699
1741 70.2912 74.0122
1742 70.2912 74.5283
1743 70.2912 74.4391
1744 70.2912 73.5235
1745 70.2912 73.6418
1746 70.2912 73.6171
1747 70.2912 74.1889
1748 70.2912 74.2476
1749 70.2912 73.8591
1750 70.2912 73.7428
1751 70.2912 72.8777
1752 70.2912 73.1889
1753 70.2912 72.8377
1754 70.2912 73.1699
1755 70.2912 73.0862
1756 70.2912 72.9316
1757 70.2912 72.019
1758 70.2912 72.0815
1759 70.2912 72.3872
1760 70.2912 72.685
1761 70.2912 72.5806
1762 70.2912 72.6074
1763 70.2912 72.5913
1764 70.2912 72.5889
1765 70.2912 72.8546
1766 70.2912 73.1482
1767 70.2912 73.1046
1768 70.2912 73.1674
1769 70.2912 73.652
1770 70.2912 73.8068
1771 70.2912 73.2339
1772 70.2912 72.7356
1773 70.2912 72.6876
1774 70.2912 72.8155
1775 70.2912 72.5618
1776 70.2912 72.7603
1777 70.2912 72.7445
1778 70.2912 72.7198
1779 70.2912 73.4871
1780 70.2912 73.7016
1781 70.2912 73.3277
1782 70.2912 73.5072
1783 70.2912 73.1767
1784 70.2912 73.1003
1785 70.2912 73.343
1786 70.2912 73.0955
1787 70.2912 73.8902
1788 70.2912 74.4491
1789 70.2912 73.835
1790 70.2912 73.426
1791 70.2912 73.4156
1792 70.2912 73.4608
1793 70.2912 73.9795
1794 70.2912 73.0305
1795 70.2912 73.7356
1796 70.2912 73.4068
1797 70.2912 73.2736
1798 70.2912 72.7349
1799 70.2912 72.5049
1800 70.2912 73.0394
1801 70.2912 72.8071
1802 70.2912 72.6319
1803 70.2912 73.1379
1804 70.2912 72.8251
1805 70.2912 71.6867
1806 70.2912 72.6928
1807 70.2912 72.7468
1808 70.2912 73.1412
1809 70.2912 72.6154
1810 70.2912 72.8636
1811 70.2912 73.0699
1812 70.2912 72.418
1813 70.2912 72.9466
1814 70.2912 72.8627
1815 70.2912 72.8064
1816 70.2912 72.801
1817 70.2912 72.6809
1818 70.2912 73.0565
1819 70.2912 73.5757
1820 70.2912 73.5994
1821 70.2912 73.8576
1822 70.2912 73.6086
1823 70.2912 73.4375
1824 70.2912 73.5217
1825 70.2912 74.0105
1826 70.2912 73.1278
1827 70.2912 73.0701
1828 70.2912 74.1956
1829 70.2912 73.4926
1830 70.2912 73.8043
1831 70.2912 73.5181
1832 70.2912 73.6469
1833 70.2912 73.8108
1834 70.2912 74.1458
1835 70.2912 73.415
1836 70.2912 72.7197
1837 70.2912 72.6688
1838 70.2912 73.3786
1839 70.2912 73.2687
1840 70.2912 73.3973
1841 70.2912 72.7155
1842 70.2912 72.9145
1843 70.2912 72.9633
1844 70.2912 73.0797
1845 70.2912 72.9903
1846 70.2912 73.339
1847 70.2912 74.1315
1848 70.2912 73.9854
1849 70.2912 73.9717
1850 70.2912 73.7865
1851 70.2912 73.6192
1852 70.2912 73.3009
1853 70.2912 72.9652
1854 70.2912 73.6228
1855 70.2912 73.2834
1856 70.2912 73.5124
1857 70.2912 72.8644
1858 70.2912 72.6127
1859 70.2912 73.3945
1860 70.2912 73.584
1861 70.2912 74.097
1862 70.2912 73.5996
1863 70.2912 73.8072
1864 70.2912 73.2317
1865 70.2912 72.9548
1866 70.2912 73.0067
1867 70.2912 72.6342
1868 70.2912 72.933
1869 70.2912 73.8117
1870 70.2912 73.7411
1871 70.2912 73.0738
1872 70.2912 73.3642
1873 70.2912 73.5088
1874 70.2912 73.5635
1875 70.2912 72.9743
1876 70.2912 73.1383
1877 70.2912 73.7479
1878 70.2912 73.4427
1879 70.2912 72.8086
1880 70.2912 72.888
1881 70.2912 73.261
1882 70.2912 74.1308
1883 70.2912 73.3222
1884 70.2912 74.0491
1885 70.2912 73.9583
1886 70.2912 74.7019
1887 70.2912 74.0775
1888 70.2912 74.9308
1889 70.2912 73.8533
1890 70.2912 73.8171
1891 70.2912 73.0633
1892 70.2912 73.2291
1893 70.2912 73.5802
1894 70.2912 73.6872
1895 70.2912 74.4252
1896 70.2912 74.0243
1897 70.2912 73.5031
1898 70.2912 72.9308
1899 70.2912 73.1775
1900 70.2912 73.6765
1901 70.2912 73.475
1902 70.2912 72.6997
1903 70.2912 73.0133
1904 70.2912 73.3048
1905 70.2912 74.0422
1906 70.2912 74.0675
1907 70.2912 73.2869
1908 70.2912 73.5576
1909 70.2912 72.5443
1910 70.2912 72.7523
1911 70.2912 72.858
1912 70.2912 72.7611
1913 70.2912 72.9688
1914 70.2912 73.0559
1915 70.2912 72.9713
1916 70.2912 72.8922
1917 70.2912 73.639
1918 70.2912 73.5738
1919 70.2912 73.8253
1920 70.2912 73.1759
1921 70.2912 73.1061
1922 70.2912 72.4917
1923 70.2912 72.5716
1924 70.2912 72.839
1925 70.2912 72.9886
1926 70.2912 73.286
1927 70.2912 72.8488
1928 70.2912 72.7121
1929 70.2912 73.0259
1930 70.2912 72.4531
1931 70.2912 72.3944
1932 70.2912 72.6882
1933 70.2912 72.6897
1934 70.2912 72.8777
1935 70.2912 73.2332
1936 70.2912 73.091
1937 70.2912 73.1155
1938 70.2912 72.8123
1939 70.2912 73.008
1940 70.2912 73.4635
1941 70.2912 72.9623
1942 70.2912 72.4717
1943 70.2912 73.3631
1944 70.2912 73.7658
1945 70.2912 74.2467
1946 70.2912 73.6014
1947 70.2912 73.763
1948 70.2912 73.5378
1949 70.2912 73.7654
1950 70.2912 74.7273
1951 70.2912 75.2246
1952 70.2912 74.5049
1953 70.2912 73.9652
1954 70.2912 73.3105
1955 70.2912 73.4857
1956 70.2912 73.65
1957 70.2912 74.134
1958 70.2912 73.6306
1959 70.2912 72.8194
1960 70.2912 72.152
1961 70.2912 73.0699
1962 70.2912 73.4595
1963 70.2912 73.6635
1964 70.2912 73.1722
1965 70.2912 73.5146
1966 70.2912 73.6625
1967 70.2912 73.4753
1968 70.2912 72.301
1969 70.2912 72.7813
1970 70.2912 72.378
1971 70.2912 72.7688
1972 70.2912 73.2364
1973 70.2912 73.542
1974 70.2912 73.2156
1975 70.2912 73.4829
1976 70.2912 73.7205
1977 70.2912 73.5997
1978 70.2912 73.6837
1979 70.2912 74.5666
1980 70.2912 73.7652
1981 70.2912 73.5681
1982 70.2912 73.0404
1983 70.2912 73.4615
1984 70.2912 73.2133
1985 70.2912 73.1026
1986 70.2912 72.9006
1987 70.2912 73.273
1988 70.2912 72.5989
1989 70.2912 72.684
1990 70.2912 72.6197
1991 70.2912 72.6833
1992 70.2912 72.9482
1993 70.2912 73.0441
1994 70.2912 72.4997
1995 70.2912 72.5624
1996 70.2912 72.6785
1997 70.2912 73.1775
1998 70.2912 73.6939
1999 70.2912 73.6859
2000 70.2912 73.5322
