0 427.192 491.113
1 413.165 476.228
2 400.844 459.198
3 388.843 442.273
4 377.784 428.385
5 368.461 414.891
6 363.677 403.396
7 349.053 389.45
8 343.069 377.674
9 335.578 366.531
10 331.126 357.356
11 327.317 349.499
12 322.273 343.979
13 314.635 339.602
14 312.45 335.102
15 304.674 330.104
16 304.033 325.244
17 299.499 319.865
18 292.034 314.235
19 290.166 310.002
20 286.612 305.642
21 283.267 302.01
22 281.878 298.726
23 274.267 296.223
24 269.016 292.793
25 269.016 289.43
26 262.806 285.64
27 261.204 280.971
28 258.258 275.765
29 255.085 271.292
30 253.764 268.082
31 249.289 264.973
32 246.5 262.615
33 243.107 260.423
34 241.226 257.571
35 240.066 254.661
36 228.397 252.348
37 227.232 250.373
38 223.308 247.219
39 223.225 242.758
40 222.143 237.766
41 220.859 233.123
42 217.291 229.403
43 216.068 226.912
44 213.753 224.964
45 212.778 224.027
46 211.725 222.313
47 210.009 221.307
48 208.375 219.641
49 207.752 218.209
50 204.87 214.99
51 202.924 213.197
52 200.696 212.497
53 198.755 210.356
54 195.327 208.596
55 193.798 206.323
56 193.798 203.52
57 192.405 201.706
58 191.375 200.67
59 191.062 200.26
60 189.689 200.024
61 186.153 199.379
62 184.468 198.815
63 180.231 198.246
64 178.197 195.178
65 178.197 192.278
66 177.335 188.966
67 175.716 186.969
68 174.879 184.693
69 174.133 183.017
70 173.338 180.951
71 172.779 179.709
72 171.995 179.063
73 171.639 178.137
74 170.371 176.531
75 170.197 175.577
76 168.793 175.198
77 167.375 174.694
78 166.163 174.116
79 165.105 173.581
80 163.578 172.681
81 163.327 171.434
82 162.305 169.981
83 161.379 167.959
84 159.558 166.876
85 155.818 165.426
86 155.818 164.718
87 154.423 163.538
88 152.52 162.282
89 152.52 161.857
90 152.52 160.58
91 150.252 158.804
92 148.556 157.999
93 148.556 156.708
94 148.556 155.832
95 148.05 154.441
96 147.399 153.361
97 146.668 153.211
98 146.666 152.939
99 146.085 152.766
100 145.292 152.919
101 144.196 153.059
102 142.977 152.871
103 142.977 152.076
104 141.593 151.294
105 140.552 151.049
106 140.552 150.126
107 140.338 149.291
108 139.552 147.345
109 139.446 146.113
110 138.439 145.044
111 137.992 143.802
112 136.75 143.276
113 136.75 142.346
114 136.296 141.804
115 135.951 141.514
116 135.472 141.573
117 134.421 141.374
118 133.869 140.897
119 131.923 140.423
120 131.923 139.625
121 131.666 138.273
122 130.615 137.95
123 130.023 136.908
124 127.707 136.293
125 126.997 134.778
126 126.625 134.72
127 126.625 133.926
128 125.568 133.002
129 123.362 133.091
130 122.57 132.796
131 122.57 131.161
132 121.308 130.918
133 121.179 129.396
134 121.179 128.855
135 121.179 128.061
136 121.179 126.842
137 120.351 125.437
138 118.433 125.523
139 118.433 124.646
140 118.062 123.653
141 116.284 123.085
142 116.079 122.012
143 115.192 121.629
144 113.626 120.27
145 113.626 119.928
146 113.443 119.998
147 113.443 119.138
148 112.296 118.779
149 112.219 118.354
150 111.911 117.453
151 111.841 117.875
152 110.919 116.526
153 110.919 115.371
154 110.34 115.14
155 109.441 114.778
156 108.989 113.799
157 107.209 113.651
158 106.553 113.463
159 106.553 112.994
160 106.473 111.834
161 105.817 111.309
162 105.421 111.021
163 104.965 110.571
164 104.965 109.779
165 104.574 109.221
166 104.359 108.885
167 104.359 108.745
168 103.698 107.829
169 103.484 107.861
170 103.484 107.359
171 102.828 106.815
172 102.779 106.828
173 102.775 106.556
174 102.185 106.29
175 101.86 105.958
176 101.762 106.459
177 101.265 106.057
178 100.843 105.54
179 100.843 105.345
180 100.687 104.931
181 100.642 104.681
182 100.374 104.337
183 100.374 103.888
184 100.18 104.612
185 99.8668 104.129
186 99.7549 103.457
187 99.7395 103.274
188 99.7395 103.163
189 99.2153 103.205
190 99.2153 102.801
191 97.3821 102.687
192 97.2589 102.424
193 96.766 102.584
194 96.6428 101.689
195 96.6388 101.571
196 96.561 101.103
197 96.3533 100.763
198 95.9358 100.007
199 95.877 99.4413
200 95.877 99.4622
201 95.5135 99.0288
202 95.5135 98.701
203 95.5135 99.0422
204 93.6426 98.9663
205 93.6426 98.4695
206 93.1727 98.3871
207 92.9663 98.5364
208 92.9134 98.2287
209 92.3526 97.6987
210 92.2371 97.5513
211 92.0982 96.6908
212 91.4218 96.202
213 91.3522 95.9804
214 91.3522 96.0246
215 91.3522 95.4376
216 91.0078 95.3254
217 90.9381 95.8279
218 90.6944 94.9736
219 90.6247 95.2429
220 90.6247 94.1445
221 90.1446 93.8295
222 90.1446 93.7414
223 89.8312 93.9559
224 89.8265 94.2142
225 89.8265 95.3013
226 89.8265 95.362
227 89.4249 95.0512
228 89.3553 95.1649
229 89.3553 93.8648
230 88.9786 93.7655
231 88.6605 93.8818
232 88.5908 94.4111
233 88.5908 93.1865
234 88.5908 92.6095
235 88.5908 92.3903
236 88.5908 92.3615
237 88.341 91.9737
238 88.0496 92.4727
239 88.0496 92.2161
240 88.0496 91.9742
241 87.8335 91.7295
242 87.1419 90.9224
243 87.1419 89.9316
244 86.8852 89.7536
245 86.128 89.9675
246 86.128 90.3181
247 85.9828 89.5386
248 85.9828 88.4609
249 85.9828 88.4929
250 85.9828 88.5034
251 85.9828 88.7555
252 85.9001 88.6729
253 85.9001 88.6274
254 85.9001 88.935
255 85.9001 88.6793
256 85.6133 89.5775
257 85.5306 89.614
258 85.5306 89.267
259 85.5306 88.6347
260 84.8643 89.3019
261 84.8058 88.5608
262 84.8058 87.9908
263 84.5527 88.1276
264 84.478 87.4239
265 83.8864 86.8375
266 83.8864 87.5064
267 83.7952 87.4309
268 83.3806 86.9763
269 83.1289 87.0666
270 82.6978 86.9347
271 82.6978 86.5051
272 82.6978 86.6558
273 81.9395 85.6104
274 81.9395 86.0342
275 81.9395 85.8014
276 81.7613 85.6566
277 81.511 84.5562
278 81.3866 84.5872
279 80.7286 84.6835
280 80.6749 84.0604
281 80.5505 84.0468
282 80.5326 83.3889
283 79.9377 83.8027
284 79.9377 83.4517
285 79.8712 82.7127
286 79.0874 83.1058
287 78.963 82.7066
288 78.7542 82.0553
289 78.4563 81.1649
290 78.3319 81.3185
291 78.3319 81.5837
292 78.3319 81.1368
293 78.3319 81.2832
294 78.3319 81.9232
295 78.3319 82.0311
296 78.2999 81.6341
297 78.1755 81.5183
298 78.1755 81.7314
299 77.8379 81.4809
300 77.8379 82.5054
301 77.8379 82.2378
302 77.8379 81.6248
303 77.8379 81.4265
304 77.7806 80.5715
305 77.7806 80.5766
306 77.7806 80.8121
307 77.7806 80.7634
308 77.7806 81.3065
309 77.7806 80.7336
310 77.7806 80.4644
311 77.7806 80.5316
312 77.7806 80.3681
313 77.7806 80.4218
314 77.6157 80.2909
315 77.6157 80.6889
316 77.6157 80.1157
317 77.6157 79.8956
318 77.6157 80.1948
319 77.6157 79.9659
320 77.6157 80.2286
321 77.6157 80.6346
322 77.6157 80.5336
323 77.6157 79.9567
324 77.6157 79.8126
325 77.1175 80.0482
326 77.1175 80.4812
327 77.1175 80.1386
328 77.1175 79.8078
329 77.1175 79.462
330 77.1175 79.6391
331 76.7155 79.1592
332 76.7155 79.191
333 76.7155 79.0455
334 75.5359 78.65
335 75.5359 78.8579
336 75.5359 78.5475
337 75.5359 78.7236
338 75.5359 78.212
339 75.5359 77.9725
340 75.5359 78.4751
341 75.5359 78.2619
342 75.5359 77.9829
343 75.5359 78.7195
344 75.5359 78.989
345 75.5359 78.8504
346 75.5359 78.0732
347 75.5359 78.7411
348 75.5359 78.8481
349 75.5359 78.4738
350 75.5359 78.0829
351 75.5359 78.033
352 75.5359 77.8638
353 75.5359 78.4084
354 74.8158 78.3619
355 74.8158 78.2656
356 74.8158 78.2732
357 74.8158 78.1846
358 74.8158 78.6106
359 74.8158 78.175
360 74.8158 77.6695
361 74.8158 78.3894
362 74.8158 78.8229
363 74.8158 78.4204
364 74.8158 78.2367
365 74.8158 77.5649
366 74.8158 78.2356
367 74.8158 78.5742
368 74.8158 78.3473
369 74.8158 77.6376
370 74.8158 77.3639
371 74.8158 77.504
372 74.8158 77.4838
373 74.8158 77.2693
374 74.8158 77.4971
375 74.8158 77.1714
376 74.8158 77.4938
377 74.8158 78.1769
378 74.8158 78.1628
379 74.8158 77.836
380 74.6167 77.686
381 74.6167 77.6593
382 74.6167 77.9606
383 74.6167 77.8185
384 74.6167 77.82
385 74.5367 77.785
386 74.5367 77.606
387 74.5367 77.8579
388 74.5367 77.3951
389 74.5367 77.667
390 74.5367 77.6673
391 74.5367 77.1849
392 73.8304 76.3193
393 73.7504 76.7496
394 73.7504 76.308
395 73.7504 76.7112
396 73.7504 76.2223
397 73.7504 76.2699
398 73.7504 76.4121
399 73.7504 76.4621
400 73.7504 76.5849
401 73.7504 76.4849
402 73.7504 76.0448
403 73.7504 76.3683
404 73.7504 75.3432
405 73.7504 75.5892
406 73.7504 75.9329
407 73.7504 76.3677
408 73.7504 76.3397
409 73.7504 76.4831
410 73.7504 76.2322
411 73.7504 76.0575
412 73.7504 76.4134
413 73.7504 77.1434
414 73.7504 77.0729
415 73.7504 76.5391
416 73.7504 75.923
417 73.7504 75.8111
418 73.7504 75.7135
419 73.7504 75.9105
420 73.7504 76.1394
421 73.7504 76.6181
422 73.7504 77.2648
423 73.7504 76.4911
424 73.7504 76.851
425 73.7504 76.7295
426 73.7504 77.0751
427 73.7504 76.8429
428 73.7385 76.4714
429 73.7385 77.2555
430 73.7385 77.212
431 73.7385 76.6996
432 73.7385 76.8066
433 73.7385 76.4111
434 73.7385 77.5286
435 73.7385 76.8255
436 73.7385 77.254
437 73.7385 77.1621
438 73.7385 76.8899
439 73.7385 76.2815
440 73.7385 75.9262
441 73.7385 75.8148
442 73.7385 76.1048
443 73.7385 76.6532
444 73.4796 76.7118
445 73.4796 77.1592
446 73.4796 76.8864
447 73.4796 76.3828
448 73.4796 76.1647
449 73.4796 76.1511
450 72.7906 76.5387
451 72.7906 76.097
452 72.7906 75.9933
453 72.7906 76.399
454 72.7906 76.3437
455 72.7906 76.7628
456 72.7906 76.5775
457 72.7906 76.8154
458 72.7906 76.3183
459 72.7906 75.9777
460 72.7906 76.5002
461 72.7906 75.8705
462 72.7906 75.6712
463 72.7906 76.1503
464 72.7906 76.2946
465 72.7906 76.1764
466 72.7906 76.2493
467 72.7906 76.0601
468 72.7906 75.9445
469 72.7906 75.8291
470 72.7906 76.0472
471 72.7906 76.3783
472 72.7906 76.3138
473 72.7906 76.9157
474 72.7906 76.1822
475 72.7906 75.5101
476 72.7906 76.0481
477 72.7906 75.8334
478 72.7906 75.8325
479 72.7906 75.374
480 72.7906 74.9733
481 72.7906 74.9333
482 72.7906 75.1477
483 72.7906 74.7435
484 72.7906 75.078
485 72.7906 75.3423
486 72.7906 75.8524
487 72.7906 75.928
488 72.7906 75.3849
489 72.7906 75.2447
490 72.7906 76.127
491 72.7906 75.9435
492 72.7906 75.8852
493 72.7906 75.1585
494 72.7906 75.6351
495 72.7906 75.733
496 72.7906 75.6952
497 72.7906 75.9236
498 72.7906 75.806
499 72.7906 76.7765
500 72.7906 77.0442
501 72.7906 76.2994
502 72.7906 76.0168
503 72.7906 76.559
504 72.7906 76.3962
505 72.7906 76.4244
506 72.7906 75.1065
507 72.7906 75.3819
508 72.7906 74.9883
509 72.7906 75.2995
510 72.7906 75.0398
511 72.7906 75.9595
512 72.7906 76.0986
513 72.7906 75.963
514 72.7906 75.6711
515 72.7906 75.9588
516 72.7906 75.9565
517 72.7906 75.9046
518 72.7906 75.4092
519 72.7906 75.6381
520 72.7906 75.6775
521 72.6489 75.7429
522 72.6489 75.2109
523 72.1223 75.7556
524 72.1223 76.4732
525 72.1223 76.7733
526 72.1223 76.5648
527 72.1223 76.6333
528 72.1223 76.1868
529 72.1223 75.9124
530 72.1223 75.689
531 72.1223 75.4731
532 72.1223 75.3141
533 72.1223 75.2711
534 72.1223 74.755
535 72.1223 75.6856
536 72.0083 75.1796
537 71.457 75.0345
538 71.457 75.655
539 71.457 75.7893
540 71.457 75.515
541 71.457 75.2772
542 71.457 75.612
543 71.457 75.1845
544 71.457 74.6428
545 71.457 74.7682
546 71.457 74.332
547 71.457 74.1625
548 71.457 74.3551
549 71.457 74.5267
550 71.457 74.1616
551 71.4009 73.7873
552 70.9199 74.2497
553 70.9199 74.1134
554 70.9199 74.2206
555 70.9199 73.7548
556 70.9199 73.6457
557 70.9199 73.3657
558 70.9199 73.7129
559 70.9199 73.8657
560 70.9199 73.8526
561 70.9199 74.3709
562 70.9199 73.9031
563 70.9199 73.4651
564 70.9199 73.6679
565 70.9199 73.7983
566 70.9199 74.5859
567 70.9199 73.9157
568 70.9199 73.9701
569 70.9199 73.5988
570 70.9199 73.8732
571 70.7593 73.6263
572 70.7593 73.5099
573 70.7593 73.8069
574 70.7593 74.1726
575 70.7593 75.1255
576 70.7593 74.5801
577 70.7593 74.3828
578 70.7593 74.7943
579 70.7593 74.3912
580 70.7593 73.8427
581 70.7593 73.3163
582 70.7593 73.5762
583 70.7593 73.1921
584 70.7593 73.9528
585 70.7593 73.7138
586 70.7593 73.7678
587 70.7593 74.1302
588 70.7593 73.9185
589 70.7593 73.7427
590 70.7593 73.8593
591 70.7593 73.0675
592 70.5008 72.8059
593 70.5008 73.195
594 69.6517 72.7904
595 69.6517 73.4574
596 69.6517 73.2801
597 69.6517 73.0013
598 69.6517 73.0941
599 69.6517 73.8427
600 69.6517 74.3475
601 69.6517 74.6919
602 69.6517 73.2031
603 69.6517 72.6988
604 69.6517 72.6256
605 69.6517 72.0892
606 69.6517 71.7887
607 69.6517 72.506
608 69.6517 72.4319
609 69.6517 72.0083
610 69.6517 71.9138
611 69.6517 72.4683
612 69.6517 72.2591
613 69.6517 72.0588
614 69.6517 71.7285
615 69.6517 71.9257
616 69.6517 71.3068
617 69.6517 71.4522
618 69.6517 71.9113
619 69.6517 72.1717
620 69.6517 72.0288
621 69.6517 72.2921
622 69.6517 72.5551
623 69.6517 72.5609
624 69.6517 72.5098
625 69.6517 72.0886
626 69.6517 71.773
627 69.6517 72.2697
628 69.6517 72.3465
629 69.6517 72.8073
630 69.6517 72.318
631 69.6517 72.6519
632 69.6517 72.7964
633 69.6517 72.2609
634 69.6517 72.9431
635 69.6517 73.4167
636 69.6517 73.4904
637 69.6517 72.8288
638 69.6517 72.1291
639 69.6517 71.9044
640 69.6517 71.9983
641 69.6517 72.2665
642 69.6517 72.1502
643 69.6517 72.6545
644 69.6517 73.6456
645 69.6517 73.2679
646 69.6517 73.167
647 69.6517 72.3672
648 69.6517 72.5038
649 69.6517 72.381
650 69.6517 72.2504
651 69.6517 72.7666
652 69.6517 72.9733
653 69.6517 73.0511
654 69.6517 73.1202
655 69.6517 72.2409
656 69.6517 71.9812
657 69.6517 71.8985
658 69.6517 72.2726
659 69.6517 72.4864
660 69.6517 72.61
661 69.6517 72.1852
662 69.6517 72.127
663 69.6517 72.0594
664 69.6517 72.2567
665 69.6517 72.1792
666 69.6517 72.5625
667 69.6517 72.4174
668 69.6517 72.3068
669 69.6517 72.0681
670 69.6517 72.3531
671 69.6517 73.4228
672 69.6517 72.6064
673 69.6404 72.3176
674 69.6404 73.517
675 69.6404 74.6941
676 69.6404 73.5368
677 69.6404 73.4592
678 69.6404 73.1637
679 69.6404 72.6213
680 69.6404 72.6285
681 69.6404 72.3048
682 69.6404 72.6264
683 69.6404 72.5324
684 69.6404 72.8328
685 69.6404 72.1912
686 69.6404 72.2546
687 69.6404 72.6655
688 69.6404 72.9381
689 69.6262 72.7466
690 69.6262 72.5983
691 69.6262 73.0565
692 69.6262 72.1621
693 69.6262 71.7383
694 69.6262 71.5129
695 69.6262 72.0888
696 69.6262 72.5756
697 69.6262 72.8395
698 69.6262 72.7615
699 69.6262 72.8608
700 69.6262 72.7644
701 69.6262 72.3201
702 69.6262 72.2626
703 69.6262 72.6171
704 69.6262 72.5315
705 69.6262 72.6439
706 69.6262 72.6453
707 69.6262 73.1362
708 69.6262 72.6746
709 69.6262 72.1054
710 69.6262 71.8156
711 69.6262 72.4534
712 69.6262 72.6892
713 69.6262 72.578
714 69.6262 72.1622
715 69.6262 72.4339
716 69.6262 72.6545
717 69.6262 72.4773
718 69.6262 72.2833
719 69.6262 72.5016
720 69.6262 72.4676
721 69.6262 72.5654
722 69.6262 72.3311
723 69.6262 72.6913
724 69.4821 73.3283
725 69.4821 72.7172
726 69.4821 72.8224
727 69.2309 72.3986
728 69.2309 72.4148
729 69.0868 72.1949
730 69.0868 72.2594
731 69.0868 72.3673
732 69.0868 72.6682
733 69.0868 72.6139
734 69.0868 72.0607
735 69.0868 71.968
736 69.0868 71.6826
737 69.0868 72.1023
738 69.0868 72.3581
739 69.0868 72.5376
740 69.0868 72.7843
741 68.8965 72.639
742 68.8965 73.2169
743 68.8965 72.3736
744 68.8965 72.6557
745 68.8965 72.3668
746 68.8965 72.7828
747 68.8965 71.6598
748 68.8965 72.2156
749 68.8965 72.7449
750 68.8965 72.6103
751 68.8965 72.2259
752 68.8965 72.3707
753 68.8965 72.0084
754 68.8965 71.6341
755 68.8965 71.5681
756 68.8965 71.8082
757 68.8965 71.5013
758 68.8965 71.6052
759 68.8965 71.4604
760 68.8965 71.2431
761 68.8965 71.5768
762 68.8965 72.067
763 68.8965 72.0266
764 68.8965 71.1411
765 68.8965 71.4128
766 68.8965 70.8095
767 68.8965 70.7606
768 68.8965 70.5995
769 68.8965 71.2775
770 68.8965 71.5161
771 68.8965 71.6909
772 68.8965 71.3106
773 68.8965 72.2869
774 68.8965 72.2891
775 68.8965 72.6529
776 68.8965 72.2925
777 68.8965 71.8982
778 68.8965 71.6969
779 68.8965 72.533
780 68.8965 72.3233
781 68.8965 72.168
782 68.8965 72.7692
783 68.8965 72.7445
784 68.8965 73.1267
785 68.8965 72.9083
786 68.8965 72.42
787 68.8965 72.198
788 68.8965 72.4358
789 68.8965 72.6451
790 68.8965 72.6032
791 68.8965 73.1949
792 68.8965 73.5038
793 68.8965 72.2049
794 68.8965 72.8984
795 68.8965 72.2601
796 68.8965 72.1243
797 68.8965 71.9172
798 68.8965 71.958
799 68.8965 72.1193
800 68.8965 71.919
801 68.8965 71.792
802 68.8965 71.192
803 68.8965 71.9023
804 68.8965 72.4
805 68.8965 72.3287
806 68.8202 71.8581
807 68.8202 71.3129
808 68.8202 71.2165
809 68.8202 71.3621
810 68.8202 71.2587
811 68.8202 70.8534
812 68.8202 70.5152
813 68.8202 70.7236
814 68.8202 70.917
815 68.8202 70.8912
816 68.8202 70.2652
817 68.8202 70.5582
818 68.8202 71.2898
819 68.8202 72.0973
820 68.8202 72.1179
821 68.8202 72.1939
822 68.8202 71.5503
823 68.8202 72.113
824 68.8202 72.1981
825 68.8202 72.1996
826 68.8202 72.0097
827 68.8202 71.9654
828 68.8202 71.9498
829 68.8202 71.9348
830 68.8202 72.4283
831 68.8202 72.2423
832 68.8202 71.3564
833 68.8202 71.4298
834 68.8202 71.2401
835 68.8202 71.2273
836 68.8202 71.1224
837 68.8202 70.8784
838 68.8202 70.9838
839 68.8202 70.8292
840 68.8202 71.0113
841 68.8202 71.289
842 68.8202 71.7202
843 68.8202 71.5398
844 68.8202 71.6804
845 68.8202 71.5743
846 68.8202 71.2762
847 68.8202 71.2463
848 68.8202 70.9424
849 68.8202 71.0337
850 68.8202 71.1977
851 68.8202 71.1406
852 68.8202 71.0614
853 68.8202 71.3273
854 68.8202 71.1571
855 68.8202 71.2388
856 68.8202 71.1461
857 68.8202 71.2097
858 68.8202 70.4903
859 68.8202 70.3574
860 68.8202 70.5236
861 68.8202 70.8951
862 68.8202 71.2796
863 68.8202 71.5514
864 68.8202 71.9837
865 68.8202 71.2365
866 68.8202 71.1369
867 68.8202 71.4223
868 68.8202 72.5674
869 68.8202 72.0848
870 68.8202 71.9277
871 68.8202 71.5317
872 68.8202 71.7527
873 68.8202 72.0178
874 68.8202 71.4963
875 68.8202 71.3821
876 68.8202 72.1258
877 68.8202 71.7738
878 68.8202 72.3095
879 68.8202 71.6507
880 68.8202 72.0011
881 68.8202 72.3999
882 68.8202 72.6468
883 68.8202 72.1564
884 68.8202 72.3772
885 68.8202 72.2442
886 68.8202 72.6771
887 68.8202 71.4568
888 68.8202 71.7686
889 68.8202 71.6435
890 68.8202 71.8331
891 68.8202 72.0288
892 68.8202 71.6294
893 68.8202 71.8952
894 68.8202 72.4417
895 68.8202 72.2395
896 68.8202 72.0579
897 68.8202 71.4753
898 68.8202 71.6994
899 68.8202 71.6236
900 68.8202 71.5724
901 68.8202 71.9791
902 68.8202 72.7134
903 68.8202 72.5049
904 68.8202 72.9953
905 68.8202 72.2612
906 68.8202 72.5379
907 68.8202 72.3264
908 68.8202 73.0155
909 68.8202 72.6739
910 68.8202 72.3592
911 68.8202 71.7664
912 68.8202 71.6012
913 68.8202 71.4231
914 68.8202 72.2008
915 68.8202 72.2117
916 68.8202 71.9774
917 68.8202 72.5361
918 68.8202 72.4929
919 68.8202 72.0883
920 68.8202 71.7047
921 68.8202 71.7242
922 68.8202 71.672
923 68.8202 71.3957
924 68.8202 71.3886
925 68.8202 71.6772
926 68.8202 71.4913
927 68.8202 71.9482
928 68.8202 71.3423
929 68.8202 71.2014
930 68.8202 71.1185
931 68.8202 71.4116
932 68.8202 71.495
933 68.8202 71.7406
934 68.8202 71.8784
935 68.8202 71.6503
936 68.8202 71.2051
937 68.8202 71.5812
938 68.8202 71.2508
939 68.8202 70.9298
940 68.8202 71.1901
941 68.8202 71.3213
942 68.8202 71.0217
943 68.8202 71.2094
944 68.8202 71.0893
945 68.8202 71.6224
946 68.8202 71.3344
947 68.8202 71.9981
948 68.8202 72.2275
949 68.8202 72.0858
950 68.8202 72.3725
951 68.8202 71.6107
952 68.8202 71.9106
953 68.8202 71.5712
954 68.8202 71.0996
955 68.8202 71.0964
956 68.8202 71.2649
957 68.8202 71.8873
958 68.8202 72.2836
959 68.8202 72.0174
960 68.8202 71.9198
961 68.8202 71.8507
962 68.8202 71.381
963 68.8202 71.0632
964 68.8202 71.1171
965 68.8202 70.7808
966 68.8202 71.0834
967 68.8202 71.248
968 68.8202 71.0518
969 68.8202 72.0123
970 68.8202 71.8659
971 68.8202 72.1761
972 68.8202 71.7873
973 68.8202 71.3438
974 68.8202 72.2286
975 68.8202 72.4996
976 68.8202 72.5714
977 68.8202 72.3684
978 68.8202 71.6999
979 68.8202 71.3543
980 68.8202 71.166
981 68.8202 71.5403
982 68.8202 71.4448
983 68.8202 71.4081
984 68.8202 71.7083
985 68.8202 71.0174
986 68.8202 71.2321
987 68.8202 70.8849
988 68.8202 70.7525
989 68.8202 71.0543
990 68.8202 71.0526
991 68.8202 70.9098
992 68.8202 70.8494
993 68.8202 70.6472
994 68.8202 70.9585
995 68.8202 71.3341
996 68.8202 71.7162
997 68.8202 71.8229
998 68.8202 71.5402
999 68.8202 71.5659
1000 68.8202 71.7286
1001 68.8202 71.0752
1002 68.8202 72.0356
1003 68.8202 71.4655
1004 68.8202 71.1279
1005 68.8202 71.2002
1006 68.8202 71.5212
1007 68.8202 71.4807
1008 68.8202 70.8049
1009 68.8202 70.9619
1010 68.8202 71.2143
1011 68.8202 71.2539
1012 68.8202 71.5285
1013 68.8202 71.8769
1014 68.8202 71.0776
1015 68.8202 71.0609
1016 68.8202 71.3503
1017 68.8202 71.5054
1018 68.8202 72.0802
1019 68.8202 72.0385
1020 68.8202 72.0812
1021 68.8202 72.367
1022 68.8202 72.2276
1023 68.8202 72.1436
1024 68.8202 71.7034
1025 68.8202 71.9484
1026 68.8202 71.899
1027 68.8202 72.1986
1028 68.8202 72.1686
1029 68.8202 72.9243
1030 68.8202 72.0891
1031 68.8202 72.2175
1032 68.8202 71.4102
1033 68.8202 71.4662
1034 68.8202 71.7733
1035 68.8202 71.3008
1036 68.8202 72.2474
1037 68.8202 71.5476
1038 68.8202 71.5092
1039 68.8202 71.601
1040 68.8202 72.135
1041 68.8202 71.816
1042 68.8202 71.3088
1043 68.8202 71.9815
1044 68.8202 72.1161
1045 68.8202 71.6072
1046 68.8202 71.4471
1047 68.8202 71.2858
1048 68.8202 71.5909
1049 68.8202 72.3108
1050 68.8202 72.3075
1051 68.8202 71.3869
1052 68.8202 71.1416
1053 68.8202 71.2248
1054 68.8202 71.4533
1055 68.8202 71.4007
1056 68.8202 71.719
1057 68.8202 71.7161
1058 68.8202 72.0278
1059 68.8202 71.452
1060 68.8202 71.1571
1061 68.8202 71.9715
1062 68.8202 71.9767
1063 68.8202 71.7501
1064 68.8202 72.0937
1065 68.8202 72.0059
1066 68.8202 72.0976
1067 68.8202 71.8293
1068 68.8202 71.9664
1069 68.8202 71.7106
1070 68.8202 71.8046
1071 68.8202 71.7603
1072 68.8202 71.4353
1073 68.8202 71.969
1074 68.8202 71.8253
1075 68.8202 71.1813
1076 68.8202 71.4916
1077 68.8202 71.5095
1078 68.8202 71.3775
1079 68.8202 71.2568
1080 68.8202 71.711
1081 68.8202 71.7702
1082 68.8202 71.9019
1083 68.8202 71.6954
1084 68.8202 71.3352
1085 68.8202 71.2731
1086 68.8202 72.0027
1087 68.8202 72.0922
1088 68.8202 72.7716
1089 68.8202 72.1141
1090 68.8202 72.2391
1091 68.8202 71.7959
1092 68.8202 72.3396
1093 68.8202 72.5352
1094 68.8202 71.3036
1095 68.8202 71.2354
1096 68.8202 71.7475
1097 68.8202 71.7268
1098 68.8202 72.1144
1099 68.8202 71.4904
1100 68.8202 71.2907
1101 68.8202 71.501
1102 68.4553 71.3283
1103 68.4553 71.6459
1104 68.4553 71.2448
1105 68.4553 71.171
1106 68.4553 70.9619
1107 68.4553 72.0712
1108 68.4553 71.0369
1109 68.4553 71.5057
1110 68.4553 70.8838
1111 68.4553 71.1406
1112 68.4553 71.7766
1113 68.4553 72.3287
1114 68.4553 72.1329
1115 68.4553 72.427
1116 68.4553 71.809
1117 68.4553 71.8128
1118 68.4553 71.5509
1119 68.4553 71.8502
1120 68.4553 72.3803
1121 68.4553 72.059
1122 68.4553 71.3392
1123 68.4553 71.4583
1124 68.4553 71.5326
1125 68.4553 71.1035
1126 68.4553 71.5559
1127 68.4553 71.7672
1128 68.4553 71.8051
1129 68.4553 71.1061
1130 68.4553 70.8861
1131 68.4553 71.1595
1132 68.4553 70.6998
1133 68.4553 70.4812
1134 68.4553 70.8316
1135 68.4553 70.4589
1136 68.4553 70.8864
1137 68.4553 70.9561
1138 68.4553 70.9429
1139 68.4553 70.9199
1140 68.4553 70.8719
1141 68.4553 70.2382
1142 68.4553 71.0635
1143 68.4553 70.9781
1144 68.4553 71.0048
1145 68.4553 70.8291
1146 68.4553 70.1459
1147 68.4553 70.1976
1148 68.4553 70.7147
1149 68.4553 70.3177
1150 68.4553 70.291
1151 68.4553 71.101
1152 68.4553 70.7924
1153 68.4553 71.56
1154 68.4553 71.0804
1155 68.4553 70.9423
1156 68.4553 70.5512
1157 68.4553 70.6965
1158 68.4553 70.9415
1159 68.4553 70.6413
1160 68.4553 71.2912
1161 68.4553 70.8168
1162 68.4553 71.8277
1163 68.4553 71.4954
1164 68.3107 71.3341
1165 68.3107 71.5083
1166 68.3107 70.8051
1167 68.3107 70.8547
1168 68.3107 71.1191
1169 68.3107 71.2438
1170 68.3107 71.4893
1171 68.3107 71.1551
1172 68.3107 71.176
1173 68.3107 70.6183
1174 68.3107 71.236
1175 68.3107 71.6992
1176 68.3107 71.7179
1177 68.3107 71.4986
1178 68.3107 71.0753
1179 68.3107 70.8952
1180 68.3107 70.3913
1181 68.3107 70.2999
1182 68.3107 70.8114
1183 68.3107 70.7884
1184 68.3107 71.4021
1185 68.3107 71.0884
1186 68.3107 70.9724
1187 68.3107 70.3968
1188 68.3107 70.7561
1189 68.3107 71.078
1190 68.3107 71.7507
1191 68.3107 71.1185
1192 68.3107 71.4859
1193 68.3107 71.6196
1194 68.3107 71.9603
1195 68.3107 71.3565
1196 68.3107 71.3719
1197 68.3107 71.1144
1198 68.3107 70.9932
1199 68.3107 71.0167
1200 68.3107 71.132
1201 68.3107 71.5578
1202 68.3107 71.501
1203 68.3107 71.4031
1204 68.3107 71.1946
1205 68.2642 71.0855
1206 68.2642 71.495
1207 68.2642 71.6777
1208 68.2642 71.8812
1209 68.2642 71.2422
1210 68.2642 71.4768
1211 68.2642 71.462
1212 68.2642 71.986
1213 68.2642 71.3952
1214 68.2642 71.7153
1215 68.2642 71.4434
1216 68.2642 71.538
1217 68.2642 71.4903
1218 68.2642 71.3308
1219 68.2642 71.0258
1220 68.2642 71.047
1221 68.2642 70.6206
1222 68.2642 71.3011
1223 68.2642 71.4939
1224 68.2642 71.5132
1225 68.2642 71.9894
1226 68.2642 71.3989
1227 68.2642 71.7977
1228 68.2642 71.5139
1229 68.2642 71.455
1230 68.2642 71.2286
1231 68.2642 71.444
1232 68.2642 71.0903
1233 68.2642 71.0932
1234 68.2642 71.2282
1235 68.2642 71.1773
1236 68.2642 71.0436
1237 68.2642 70.5428
1238 68.2642 70.0477
1239 68.2642 70.7939
1240 68.2642 70.844
1241 68.2642 71.9359
1242 68.2642 71.5813
1243 68.2642 71.609
1244 68.2642 71.5982
1245 68.2642 71.0877
1246 68.2642 71.5774
1247 68.2642 70.975
1248 68.2642 71.6056
1249 68.2642 71.349
1250 68.2642 71.2276
1251 68.2642 71.3097
1252 68.2642 71.2503
1253 68.2642 71.1282
1254 68.2642 71.0657
1255 68.2642 71.2547
1256 68.2642 71.518
1257 68.2642 71.5348
1258 68.2642 71.5608
1259 68.2642 71.3718
1260 68.2642 71.4754
1261 68.2642 71.2586
1262 68.2642 71.2975
1263 68.2642 71.2923
1264 68.2642 70.9597
1265 68.2642 70.9834
1266 68.2642 71.3059
1267 68.2642 70.8288
1268 68.2642 71.9204
1269 68.2642 71.6675
1270 68.2642 71.3434
1271 68.2642 70.8735
1272 68.2642 71.1568
1273 68.2642 71.0876
1274 68.2642 71.3133
1275 68.2642 71.3433
1276 68.2642 71.5736
1277 68.2642 70.9818
1278 68.2642 71.1849
1279 68.2642 70.6906
1280 68.2642 70.5945
1281 68.2642 71.2796
1282 68.2642 70.4458
1283 68.2642 70.5583
1284 68.2642 70.5332
1285 68.2642 70.699
1286 68.2642 71.4438
1287 68.2642 71.435
1288 68.2642 71.4126
1289 68.2642 71.5803
1290 68.2642 70.6313
1291 68.2642 71.2676
1292 68.2642 71.3044
1293 68.2642 71.2379
1294 68.2642 71.2856
1295 68.2642 71.618
1296 68.2642 71.3318
1297 68.2642 71.1186
1298 68.2642 71.4375
1299 68.2642 71.3898
1300 68.2642 71.4161
1301 68.2642 71.3302
1302 68.2642 70.7685
1303 68.2642 70.6295
1304 68.2642 70.6356
1305 68.2642 70.7062
1306 68.2642 70.9794
1307 68.2642 71.0491
1308 68.2642 70.8409
1309 68.2642 70.3105
1310 68.2642 70.3503
1311 68.2642 71.1322
1312 68.2642 70.8851
1313 68.2642 71.0597
1314 68.2642 70.9243
1315 68.2642 71.0433
1316 68.2642 71.0529
1317 68.2642 71.0525
1318 68.2642 70.7209
1319 68.2642 70.5364
1320 68.2642 70.3794
1321 68.2642 71.1687
1322 68.2642 71.1152
1323 68.2642 71.566
1324 68.2642 71.6405
1325 68.2642 71.3761
1326 68.2642 71.0307
1327 68.2642 71.6158
1328 68.2642 71.2425
1329 68.2642 70.8576
1330 68.2642 70.6629
1331 68.2642 70.4886
1332 68.2642 70.7154
1333 68.2642 72.1697
1334 68.2642 72.2487
1335 68.2642 71.9158
1336 68.2642 71.8915
1337 68.2642 71.5087
1338 68.2642 71.6741
1339 68.2642 71.342
1340 68.2642 71.6436
1341 68.2642 71.0413
1342 68.2642 70.5526
1343 68.2642 71.148
1344 68.2642 71.0163
1345 68.2642 71.4354
1346 68.2642 71.7299
1347 68.2642 71.8483
1348 68.2642 72.0566
1349 68.2642 72.2035
1350 68.2642 71.9073
1351 68.2642 71.7637
1352 68.2642 71.2483
1353 68.2642 71.2721
1354 68.2642 70.9687
1355 68.2642 71.0251
1356 68.2642 71.064
1357 68.2642 70.3911
1358 68.2642 70.5658
1359 68.2642 71.0857
1360 68.2642 71.9606
1361 68.2642 72.2261
1362 68.2642 72.1315
1363 68.2642 71.8534
1364 68.2642 72.2345
1365 68.2642 71.021
1366 68.2642 71.7227
1367 68.2642 71.5397
1368 68.2642 71.9709
1369 68.2642 72.1149
1370 68.2642 72.1222
1371 68.2642 71.8806
1372 68.2642 71.5959
1373 68.2642 71.9409
1374 68.2642 72.032
1375 68.2642 71.4049
1376 68.2642 71.0239
1377 68.2642 70.7621
1378 68.2642 71.1126
1379 68.2642 71.1436
1380 68.2642 71.6883
1381 68.2642 72.1114
1382 68.2642 71.3603
1383 68.2642 71.3894
1384 68.2642 71.2351
1385 68.2642 70.9673
1386 68.2642 71.0371
1387 68.2642 71.0392
1388 68.2642 70.76
1389 68.2642 71.2732
1390 68.2642 71.7497
1391 68.2642 71.2807
1392 68.2642 71.0544
1393 68.2642 71.1401
1394 68.2642 71.3112
1395 68.2642 71.4917
1396 68.2642 71.4211
1397 68.2642 71.2683
1398 68.2642 71.2517
1399 68.2642 71.3976
1400 68.2642 72.0098
1401 68.2642 71.7028
1402 68.2642 71.6205
1403 68.2642 71.6649
1404 68.2642 70.9126
1405 68.2642 71.0147
1406 68.2642 71.1578
1407 68.2642 71
1408 68.2642 70.258
1409 68.2642 70.4809
1410 68.2642 71.3068
1411 68.2642 71.3758
1412 68.2642 70.574
1413 68.2642 70.321
1414 68.2642 70.6271
1415 68.2642 71.2472
1416 68.2642 70.9666
1417 68.2642 71.057
1418 68.2642 71.1338
1419 68.2642 71.4592
1420 68.2642 71.5158
1421 68.2642 71.3793
1422 68.2642 71.0055
1423 68.2642 71.0657
1424 68.2642 70.5155
1425 68.2642 71.1884
1426 68.2642 70.4169
1427 68.2642 70.8078
1428 68.2642 71.389
1429 68.2642 70.8362
1430 68.2642 71.0531
1431 68.2642 71.7986
1432 68.2642 72.2154
1433 68.2642 71.9659
1434 68.2642 70.7805
1435 68.2642 71.1944
1436 68.2642 71.3846
1437 68.2642 72.0754
1438 68.2642 71.9829
1439 68.2642 71.0686
1440 68.2642 71.0277
1441 68.2642 71.3683
1442 68.2642 71.1046
1443 68.2642 71.0848
1444 68.2642 70.9742
1445 68.2642 71.1123
1446 68.2642 72.4376
1447 68.2642 72.4354
1448 68.2642 72.6046
1449 68.2642 71.2
1450 68.2642 70.5457
1451 68.2642 70.2349
1452 68.2642 70.6737
1453 68.2642 70.4151
1454 68.2642 70.9707
1455 68.2642 70.9072
1456 68.2642 70.8296
1457 68.2642 70.3691
1458 68.2642 70.2192
1459 68.2642 70.5647
1460 68.2642 70.9077
1461 68.2642 70.9298
1462 68.2642 70.5879
1463 68.2642 70.7334
1464 68.2642 71.2088
1465 68.2642 71.0548
1466 68.2642 71.0623
1467 68.2642 71.0952
1468 68.2642 70.8494
1469 68.2642 71.1212
1470 68.2642 71.1099
1471 68.2642 71.2822
1472 68.2642 71.2176
1473 68.2642 71.1215
1474 68.2642 70.9128
1475 68.2642 71.5036
1476 68.2642 70.8473
1477 68.2642 71.2298
1478 68.2642 71.5377
1479 67.89 71.6472
1480 67.89 70.9918
1481 67.89 71.0262
1482 67.89 72.035
1483 67.89 71.8226
1484 67.89 71.4067
1485 67.89 71.8274
1486 67.89 72.1647
1487 67.89 71.4124
1488 67.89 71.0005
1489 67.89 70.0295
1490 67.89 70.4889
1491 67.89 70.7995
1492 67.89 70.6045
1493 67.89 70.5463
1494 67.89 71.0532
1495 67.89 71.6943
1496 67.7186 71.4371
1497 67.7186 70.6147
1498 67.7186 70.9708
1499 67.7186 70.4582
1500 67.7186 70.7395
1501 67.7186 70.6789
1502 67.7186 71.2072
1503 67.7186 71.2759
1504 67.7186 70.6505
1505 67.7186 70.6751
1506 67.7186 70.8843
1507 67.7186 70.8192
1508 67.7186 70.5895
1509 67.7186 69.8269
1510 67.7186 69.4727
1511 67.7186 69.7503
1512 67.7186 69.9444
1513 67.7186 70.4629
1514 67.7186 70.1077
1515 67.7186 70.7589
1516 67.7186 70.2836
1517 67.7186 70.62
1518 67.7186 70.5725
1519 67.7186 70.7925
1520 67.7186 70.4264
1521 67.7186 70.3361
1522 67.7186 70.1565
1523 67.7186 70.6524
1524 67.7186 69.9996
1525 67.7186 69.782
1526 67.7186 69.4205
1527 67.7186 70.0995
1528 67.7186 70.5311
1529 67.7186 70.3037
1530 67.7186 69.5047
1531 67.7186 70.0464
1532 67.7186 69.2579
1533 67.7186 69.3632
1534 67.7186 69.7405
1535 67.7186 70.0329
1536 67.7186 70.1551
1537 67.7186 69.9941
1538 67.7186 70.0523
1539 67.7186 70.3181
1540 67.7186 70.3685
1541 67.7186 70.564
1542 67.7186 70.2856
1543 67.7186 70.4876
1544 67.7186 71.6989
1545 67.7186 71.2341
1546 67.7186 71.3702
1547 67.6569 70.5512
1548 67.6569 70.7928
1549 67.6569 70.2366
1550 67.6569 70.1267
1551 67.6569 70.6392
1552 67.6569 70.3004
1553 67.6569 70.5419
1554 67.6569 70.5839
1555 67.6569 70.4701
1556 67.6569 70.2973
1557 67.6569 70.6441
1558 67.6569 71.0965
1559 67.6569 71.3833
1560 67.6569 70.902
1561 67.6569 70.4321
1562 67.6569 70.0243
1563 67.6569 70.0452
1564 67.6569 70.2866
1565 67.6569 70.3339
1566 67.6569 70.8832
1567 67.6569 70.3076
1568 67.6569 70.1188
1569 67.6569 70.9151
1570 67.6569 70.962
1571 67.6569 71.0832
1572 67.6569 70.2287
1573 67.6569 70.0205
1574 67.6569 70.7435
1575 67.6569 70.8821
1576 67.6569 71.4083
1577 67.6569 71.139
1578 67.6569 71.2327
1579 67.6569 71.2915
1580 67.6569 70.672
1581 67.6569 70.7845
1582 67.6569 70.7333
1583 67.6569 70.9168
1584 67.6569 70.7506
1585 67.6569 71.0286
1586 67.6569 70.3146
1587 67.6569 69.693
1588 67.6569 69.8775
1589 67.6569 70.464
1590 67.6569 71.0359
1591 67.6569 70.7782
1592 67.6569 70.3165
1593 67.6569 70.9545
1594 67.6569 70.8797
1595 67.6569 70.8622
1596 67.6569 70.8273
1597 67.6569 70.5141
1598 67.6569 70.2854
1599 67.6569 70.8579
1600 67.6569 71.1856
1601 67.6569 70.6293
1602 67.6569 70.1324
1603 67.6569 70.1699
1604 67.6569 70.0343
1605 67.6569 70.4619
1606 67.6569 70.0972
1607 67.6569 70.3878
1608 67.6569 70.4203
1609 67.6569 70.0572
1610 67.6569 69.797
1611 67.6569 69.9604
1612 67.6569 71.1648
1613 67.6569 70.982
1614 67.6569 71.3344
1615 67.6569 70.9218
1616 67.6569 70.3883
1617 67.6569 70.665
1618 67.6569 70.3113
1619 67.6569 70.1955
1620 67.6569 69.8736
1621 67.6569 69.5429
1622 67.6569 69.9918
1623 67.6569 70.0498
1624 67.6569 70.6617
1625 67.6569 70.0742
1626 67.6569 70.7411
1627 67.6569 70.9289
1628 67.6569 70.8098
1629 67.6569 70.7215
1630 67.6569 70.7542
1631 67.6569 71.3622
1632 67.6569 71.1246
1633 67.6569 70.6982
1634 67.6569 71.3697
1635 67.6569 71.4672
1636 67.6569 71.6205
1637 67.6569 71.2077
1638 67.6569 71.0992
1639 67.6569 71.0606
1640 67.6569 71.5937
1641 67.6569 71.6414
1642 67.6569 70.1868
1643 67.6569 70.5106
1644 67.6569 70.6166
1645 67.6569 70.7652
1646 67.6569 70.4711
1647 67.6569 70.2246
1648 67.6569 70.725
1649 67.6569 70.9093
1650 67.6569 70.4823
1651 67.6569 70.4552
1652 67.6569 70.499
1653 67.6569 71.2639
1654 67.6569 71.6901
1655 67.6569 71.6185
1656 67.6569 71.458
1657 67.6569 70.9299
1658 67.6569 71.4035
1659 67.6569 71.1439
1660 67.6569 69.9724
1661 67.6569 70.6942
1662 67.6569 70.2576
1663 67.6569 69.9394
1664 67.6569 69.2955
1665 67.6569 69.8945
1666 67.6569 70.0301
1667 67.6569 69.956
1668 67.6569 69.824
1669 67.6569 69.4612
1670 67.6569 69.9212
1671 67.6569 69.7476
1672 67.6569 69.7094
1673 67.6569 70.73
1674 67.6569 70.1176
1675 67.6569 71.0221
1676 67.6569 70.7073
1677 67.6569 70.7315
1678 67.6569 71.2771
1679 67.6569 70.6819
1680 67.6569 71.109
1681 67.6569 71.2531
1682 67.6569 71.3215
1683 67.6569 71.7054
1684 67.6569 71.0203
1685 67.6569 71.6454
1686 67.6569 70.6152
1687 67.6569 71.0207
1688 67.6569 70.9056
1689 67.6569 71.5812
1690 67.6569 71.7675
1691 67.6569 71.0534
1692 67.6569 71.7588
1693 67.6569 71.0296
1694 67.6569 70.2773
1695 67.6569 70.6728
1696 67.6569 70.4655
1697 67.6569 71.2036
1698 67.6569 70.6694
1699 67.6569 71.2799
1700 67.6569 70.7515
1701 67.6569 70.9162
1702 67.6569 70.3881
1703 67.6569 70.6152
1704 67.6569 71.1238
1705 67.6569 71.3333
1706 67.6569 71.8131
1707 67.6569 71.5895
1708 67.6569 71.34
1709 67.6569 70.7887
1710 67.6569 70.732
1711 67.6569 70.2082
1712 67.6569 70.1589
1713 67.6569 70.3711
1714 67.6569 70.2678
1715 67.6569 70.48
1716 67.6569 70.8737
1717 67.6569 71.0787
1718 67.6569 70.6024
1719 67.6569 70.1011
1720 67.6569 70.7415
1721 67.6569 71.3775
1722 67.6569 71.1057
1723 67.6569 70.7589
1724 67.6569 70.5468
1725 67.6569 70.1991
1726 67.6569 70.0387
1727 67.6569 69.7515
1728 67.6569 69.6151
1729 67.6569 70.2383
1730 67.6569 69.886
1731 67.6569 69.8975
1732 67.6569 70.3185
1733 67.6569 70.6597
1734 67.6569 70.899
1735 67.6569 70.7282
1736 67.6569 71.2313
1737 67.6569 72.1894
1738 67.6569 72.137
1739 67.6569 71.701
1740 67.6569 71.1179
1741 67.6569 71.7433
1742 67.6569 72.1563
1743 67.6569 71.9692
1744 67.6569 71.4379
1745 67.6569 71.5771
1746 67.6569 71.9252
1747 67.6569 71.8862
1748 67.6569 72.3965
1749 67.6569 71.2247
1750 67.6569 71.3469
1751 67.6569 72.1056
1752 67.6569 72.6652
1753 67.6569 71.7364
1754 67.6569 72.0913
1755 67.6569 72.5583
1756 67.6569 71.9532
1757 67.6569 71.9176
1758 67.6569 71.1941
1759 67.6569 71.3444
1760 67.6569 71.6309
1761 67.6569 71.0642
1762 67.6569 71.0299
1763 67.6569 70.5134
1764 67.6569 70.6726
1765 67.6569 70.3913
1766 67.6569 70.1498
1767 67.6569 70.1905
1768 67.6569 70.0512
1769 67.6569 70.5364
1770 67.6569 70.3814
1771 67.6569 69.775
1772 67.6569 69.7973
1773 67.6569 70.4818
1774 67.6569 70.5489
1775 67.6569 70.3686
1776 67.6569 70.691
1777 67.6569 70.7197
1778 67.6569 71.1283
1779 67.6569 70.6942
1780 67.6569 70.9694
1781 67.6569 70.8389
1782 67.6569 70.8683
1783 67.6569 70.1345
1784 67.6569 70.8984
1785 67.6569 70.1081
1786 67.6569 69.9085
1787 67.6569 70.9148
1788 67.6569 71.4134
1789 67.6569 71.1934
1790 67.6569 71.3244
1791 67.6569 71.1126
1792 67.6569 71.1097
1793 67.6569 70.618
1794 67.6569 70.8965
1795 67.6569 71.2772
1796 67.6569 71.5075
1797 67.6569 71.3116
1798 67.6569 70.9035
1799 67.6569 70.941
1800 67.6569 70.5204
1801 67.6569 69.8406
1802 67.6569 70.2341
1803 67.6569 70.5976
1804 67.6569 69.9836
1805 67.6569 70.2128
1806 67.6569 69.9783
1807 67.6569 70.132
1808 67.6569 69.762
1809 67.6569 70.3011
1810 67.6569 70.6342
1811 67.6569 70.2925
1812 67.6569 69.5583
1813 67.6569 70.1016
1814 67.6569 70.0523
1815 67.6569 70.4985
1816 67.6569 70.645
1817 67.6569 70.7841
1818 67.6569 70.2193
1819 67.6569 70.0116
1820 67.6569 70.2706
1821 67.6569 70.7245
1822 67.6569 71.5658
1823 67.6569 70.7829
1824 67.6569 70.528
1825 67.6569 70.2518
1826 67.6569 70.2451
1827 67.6569 70.5205
1828 67.6569 71.1804
1829 67.6569 70.6517
1830 67.6569 70.7761
1831 67.6569 70.5527
1832 67.6569 70.8073
1833 67.6569 70.7873
1834 67.6569 70.3698
1835 67.6569 70.7154
1836 67.6569 71.6024
1837 67.6569 71.3491
1838 67.6569 70.7648
1839 67.6569 70.4484
1840 67.6569 70.5263
1841 67.6569 70.5828
1842 67.6569 70.228
1843 67.6569 70.1637
1844 67.6569 70.2727
1845 67.6569 69.9753
1846 67.6569 69.7662
1847 67.6569 69.3173
1848 67.6569 69.8675
1849 67.6569 70.1044
1850 67.6569 69.9356
1851 67.6569 70.1114
1852 67.6569 69.8805
1853 67.6569 70.2754
1854 67.6569 70.3252
1855 67.6569 70.0658
1856 67.6569 70.3502
1857 67.6569 69.9654
1858 67.6569 69.6462
1859 67.6569 70.1945
1860 67.6569 70.5346
1861 67.6569 70.7822
1862 67.6569 70.5933
1863 67.6569 70.142
1864 67.6569 69.7787
1865 67.6569 69.9986
1866 67.6569 70.1868
1867 67.6569 70.2702
1868 67.6569 70.0575
1869 67.6569 70.2489
1870 67.6569 69.8735
1871 67.6569 70.4632
1872 67.6569 70.2062
1873 67.6569 70.6936
1874 67.6569 70.7459
1875 67.6569 70.4511
1876 67.6569 70.748
1877 67.6569 71.2696
1878 67.6569 71.2183
1879 67.6569 70.7074
1880 67.6569 70.7605
1881 67.6569 70.7414
1882 67.6569 70.0814
1883 67.6569 70.2608
1884 67.6569 70.2158
1885 67.6569 70.4248
1886 67.6569 70.7082
1887 67.6569 71.4393
1888 67.6569 70.7796
1889 67.6569 70.2451
1890 67.6569 69.8737
1891 67.6569 70.3168
1892 67.6569 70.3348
1893 67.6569 70.7352
1894 67.6569 71.3699
1895 67.6569 70.9486
1896 67.6569 70.6441
1897 67.6569 70.1663
1898 67.6569 70.699
1899 67.6569 71.4589
1900 67.6569 71.2998
1901 67.6569 70.9798
1902 67.6569 70.8277
1903 67.6569 70.8574
1904 67.6569 70.6154
1905 67.6569 70.6752
1906 67.6569 70.2002
1907 67.6569 70.1462
1908 67.6569 70.6884
1909 67.6569 71.2674
1910 67.6569 71.0788
1911 67.6569 69.9455
1912 67.6569 70.5482
1913 67.6569 70.9682
1914 67.6569 69.9355
1915 67.6569 70.1258
1916 67.6569 70.2435
1917 67.6569 70.1141
1918 67.6569 70.3978
1919 67.6569 70.1847
1920 67.6569 70.3909
1921 67.6569 70.5909
1922 67.6569 70.2559
1923 67.6569 70.5924
1924 67.6569 70.5777
1925 67.6569 70.3087
1926 67.6569 69.8993
1927 67.6569 70.6299
1928 67.6569 70.5907
1929 67.6569 70.1385
1930 67.6569 70.4678
1931 67.6569 70.6402
1932 67.6569 70.5937
1933 67.6569 70.7163
1934 67.6569 69.9555
1935 67.6569 69.6872
1936 67.6569 70.7252
1937 67.6569 70.8365
1938 67.6569 71.1789
1939 67.6569 71.0626
1940 67.6569 70.4012
1941 67.6569 70.2096
1942 67.6569 69.6484
1943 67.6569 69.8523
1944 67.6569 70.3602
1945 67.6569 70.4447
1946 67.6569 70.5791
1947 67.6569 70.7222
1948 67.6569 70.838
1949 67.6569 69.696
1950 67.6569 69.6225
1951 67.6569 69.9779
1952 67.6569 69.3656
1953 67.6569 69.9813
1954 67.6569 70.2166
1955 67.6569 70.464
1956 67.6569 70.4376
1957 67.6569 70.9757
1958 67.6569 71.6897
1959 67.6569 71.5842
1960 67.6569 71.7867
1961 67.6569 71.8275
1962 67.6569 71.7813
1963 67.6569 71.3837
1964 67.6569 71.1231
1965 67.6569 70.9542
1966 67.6569 70.5061
1967 67.6569 70.81
1968 67.6569 70.8729
1969 67.6569 71.0218
1970 67.6569 71.2002
1971 67.6569 70.85
1972 67.6569 70.8535
1973 67.6569 70.5317
1974 67.6569 70.3299
1975 67.6569 70.3308
1976 67.6569 70.2559
1977 67.6569 70.6305
1978 67.6569 70.3685
1979 67.6569 70.2444
1980 67.6569 70.1914
1981 67.6569 70.1878
1982 67.6569 70.8388
1983 67.6569 70.7321
1984 67.6569 70.6774
1985 67.6569 70.9825
1986 67.6569 71.1202
1987 67.6569 71.1548
1988 67.6569 70.687
1989 67.6569 71.0024
1990 67.6569 70.852
1991 67.6569 70.8177
1992 67.6569 70.4123
1993 67.6569 70.182
1994 67.6569 70.7465
1995 67.6569 70.7638
1996 67.6569 70.849
1997 67.6569 70.4679
1998 67.6569 70.6238
1999 67.6569 70.4584
2000 67.6569 70.5667
