0 440.575 492.969
1 432.53 475.875
2 403.998 460.806
3 403.998 447.161
4 389.796 434.69
5 381.743 421.104
6 379.243 409.705
7 367.613 399.656
8 362.54 390.923
9 351.814 383.56
10 344.869 376.607
11 338.295 368.396
12 333.398 360.667
13 327.447 353.991
14 314.794 348.356
15 314.733 343.322
16 308.907 338.161
17 305.122 332.366
18 299.608 324.675
19 298.279 319.042
20 294.853 314.382
21 287.978 310.325
22 282.963 306.157
23 277.625 301.387
24 268.83 295.309
25 267.603 289.969
26 264.066 284.172
27 258.351 278.903
28 255.009 274.027
29 252.331 269.357
30 252.331 266.063
31 248.755 263.458
32 244.432 261.821
33 243.837 260.11
34 238.667 257.351
35 238.016 255.114
36 235.346 252.545
37 230.339 249.101
38 230.116 246.213
39 228.749 243.686
40 225.523 239.564
41 220.398 236.385
42 219.906 233.105
43 218.484 229.541
44 214.91 227.979
45 214.91 225.967
46 212.995 223.548
47 211.512 221.326
48 210.776 218.769
49 206.027 217.451
50 200.871 216.389
51 200.871 215.015
52 200.574 213.89
53 199.889 211.876
54 189.557 210.067
55 189.557 207.817
56 189.557 204.698
57 187.208 201.522
58 187.208 198.167
59 185.863 196.714
60 185.863 196.607
61 185.863 196.908
62 184.234 196.36
63 183.416 196.706
64 183.416 196.01
65 180.76 194.689
66 178.699 192.547
67 178.699 191.394
68 178.558 189.104
69 177.24 187.01
70 175.03 185.149
71 172.731 183.223
72 172.731 181.782
73 172.316 180.801
74 171.205 180.249
75 170.5 178.838
76 169.742 177.505
77 167.614 176.673
78 166.189 175.468
79 166.189 175.276
80 166.189 175.561
81 162.372 174.877
82 162.312 174.072
83 159.911 173.384
84 159.543 172.836
85 159.343 172.503
86 157.917 171.264
87 155.989 170.67
88 155.989 168.635
89 155.256 168.392
90 155.256 165.748
91 153.071 163.474
92 153.071 160.884
93 151.859 160.138
94 151.859 159.388
95 150.269 159.25
96 148.767 158.63
97 148.538 158.233
98 148.328 157.728
99 147.909 156.928
100 147.909 156.957
101 146.598 155.948
102 146.598 154.481
103 145.994 153.461
104 144.874 152.446
105 144.27 152.229
106 143.525 151.033
107 142.921 151.268
108 142.921 148.93
109 140.698 147.965
110 140.698 147.508
111 140.197 146.563
112 138.941 145.723
113 138.441 145.282
114 137.996 144.14
115 137.223 143.299
116 136.63 142.747
117 133.953 142.268
118 133.008 141.092
119 132.962 139.619
120 132.962 139.195
121 132.855 137.753
122 132.047 136.924
123 130.933 136.105
124 130.781 135.189
125 130.552 134.506
126 129.928 134.736
127 128.838 134.101
128 128.55 133.512
129 126.956 132.659
130 126.181 131.697
131 125.731 132.409
132 125.522 131.755
133 124.858 131.846
134 124.199 131.63
135 123.18 131.785
136 120.647 131.848
137 119.924 130.746
138 119.771 129.731
139 119.771 127.729
140 119.47 126.012
141 118.448 125.177
142 118.294 124.5
143 116.971 124.317
144 116.971 124.028
145 116.971 123.251
146 116.028 122.826
147 116.028 122.408
148 115.787 121.2
149 115.286 120.589
150 115.044 119.369
151 114.764 119.616
152 114.452 119.409
153 114.452 119.215
154 114.108 118.535
155 113.774 118.902
156 113.774 118.546
157 112.68 118.538
158 112.647 118.033
159 112.132 118.805
160 112.132 119.386
161 112.132 120.5
162 112.132 120.493
163 111.31 120.086
164 111.087 120.401
165 110.937 120.958
166 110.265 120.254
167 109.418 119.072
168 108.648 118.707
169 108.648 118.295
170 108.648 117.644
171 108.641 117.634
172 108.641 116.985
173 108.523 116.539
174 107.472 115.845
175 107.204 115.19
176 106.882 115.032
177 106.882 113.951
178 106.331 113.091
179 106.331 112.245
180 106.331 111.338
181 106.331 111.02
182 105.14 110.861
183 104.982 110.552
184 104.982 109.948
185 104.982 109.804
186 104.982 109.383
187 104.982 108.713
188 104.339 108.432
189 104.136 108.301
190 103.977 108.033
191 103.536 107.808
192 103.383 107.468
193 103.383 106.993
194 102.573 106.26
195 101.448 106.296
196 100.638 106.283
197 100.638 105.862
198 100.275 105.413
199 99.8993 104.39
200 99.8993 103.503
201 99.5545 103.048
202 99.1786 102.7
203 98.9387 102.727
204 98.9387 102.22
205 98.9387 102.065
206 98.9387 102.151
207 98.4611 102.253
208 97.7831 101.439
209 97.7831 101.121
210 97.3054 101.236
211 97.2361 101.225
212 97.2361 102.258
213 97.1309 102.495
214 96.8447 102.209
215 96.8447 103.041
216 96.8447 102.957
217 96.8447 102.188
218 96.7381 102.109
219 96.7324 101.653
220 96.7324 102.317
221 96.7324 101.902
222 96.7324 101.696
223 96.4003 102.293
224 96.4003 103.077
225 95.7247 103.161
226 95.7247 102.596
227 95.6343 101.765
228 95.6343 100.944
229 95.6343 100.915
230 95.6343 100.275
231 95.2763 99.7153
232 95.2763 99.4607
233 94.9624 99.1315
234 94.9624 98.9905
235 94.6044 98.8741
236 94.6044 98.2771
237 94.6044 98.1086
238 94.1674 97.6586
239 93.742 97.8774
240 93.742 97.6976
241 93.4487 97.4929
242 93.4487 97.4137
243 93.4487 97.632
244 93.203 97.4687
245 92.8221 97.634
246 92.8221 98.5252
247 92.4708 98.2408
248 92.4708 98.5502
249 91.8441 97.8525
250 91.8441 97.1949
251 91.5117 97.2925
252 91.5117 96.8536
253 91.5117 96.7908
254 91.5117 96.3513
255 91.266 95.9516
256 91.266 96.3649
257 91.266 96.8107
258 91.266 96.9915
259 91.266 98.1672
260 91.2658 98.2294
261 91.2658 98.3497
262 91.2658 98.6414
263 91.2658 98.5026
264 91.0589 98.2067
265 91.0589 97.7432
266 90.3485 98.0046
267 90.3485 97.0628
268 90.3485 97.1912
269 90.1416 96.3198
270 89.7605 95.2812
271 89.7605 94.688
272 89.4972 94.1537
273 89.4972 93.5338
274 89.2483 93.1629
275 89.2291 93.667
276 88.7168 93.086
277 88.7168 92.0734
278 88.7168 91.9836
279 88.7168 91.6795
280 88.5156 91.1262
281 88.5156 91.6443
282 88.4919 92.244
283 88.4919 92.0684
284 88.4919 91.4575
285 88.4387 91.7119
286 88.2506 91.5412
287 88.2506 91.9436
288 87.8933 91.6576
289 87.8456 91.5047
290 87.4718 90.7107
291 87.4186 90.8862
292 86.8255 90.9508
293 86.8255 91.0176
294 86.8085 90.4357
295 86.8085 90.1599
296 86.8085 90.0635
297 86.0501 89.5867
298 86.0501 89.9961
299 86.0501 89.807
300 85.9811 89.5493
301 85.9811 89.0588
302 85.352 88.7367
303 85.352 89.162
304 85.352 89.2226
305 85.352 89.2596
306 85.352 88.5186
307 84.6856 88.8386
308 84.6856 89.0367
309 84.4039 88.4134
310 84.4039 87.8413
311 84.4039 87.2547
312 83.8199 87.2347
313 83.8093 87.3684
314 83.8093 87.849
315 83.699 88.622
316 82.923 88.6617
317 82.923 88.8174
318 82.9123 88.6458
319 82.7189 88.8535
320 82.7189 89.4358
321 82.6399 88.4962
322 81.8237 88.6
323 81.813 87.3553
324 81.6012 86.6621
325 81.6012 85.9179
326 81.6012 85.1876
327 80.7454 84.7392
328 80.7454 84.523
329 80.7454 84.8344
330 80.1137 84.6975
331 79.6257 84.1816
332 79.6257 83.2613
333 78.9941 82.8802
334 78.3999 82.7492
335 78.3999 82.3442
336 78.2518 82.0923
337 78.1945 81.9492
338 77.6576 81.6573
339 77.6003 81.7969
340 77.6003 82.7213
341 77.6003 82.1503
342 76.4244 81.3098
343 76.3671 80.9333
344 76.3671 80.8498
345 75.8945 80.4464
346 75.8371 80.2342
347 75.5457 79.9697
348 75.4423 78.8064
349 75.2594 78.6949
350 75.2594 78.6837
351 75.2594 78.3718
352 75.2594 78.6281
353 75.2594 78.7656
354 75.2594 79.7678
355 75.2594 80.8298
356 75.2594 81.5488
357 75.2594 83.0776
358 74.5034 84.4462
359 74.5034 85.1635
360 74.5034 85.4793
361 74.5034 85.4658
362 74.5034 85.7627
363 74.1015 85.4446
364 74.1015 84.0218
365 74.1015 82.7749
366 74.1015 81.652
367 74.1015 80.7399
368 74.1015 81.5273
369 74.1015 82.4773
370 74.1015 82.6944
371 74.1015 83.4677
372 74.1015 83.6458
373 74.1015 84.8742
374 74.1015 84.7607
375 74.1015 84.8972
376 74.1015 84.3479
377 74.1015 82.8318
378 73.6596 81.7865
379 73.6596 81.128
380 73.6596 80.2448
381 73.6596 78.5547
382 73.6596 78.3743
383 73.6596 78.1154
384 73.6596 78.9662
385 73.6596 77.893
386 73.6596 78.1266
387 73.6596 77.0964
388 73.6596 77.1013
389 72.4221 76.5374
390 72.4221 76.6786
391 72.3126 76.3007
392 72.1498 76.1505
393 72.1498 76.0311
394 72.1491 75.5184
395 71.9862 75.4769
396 71.7384 74.9937
397 71.5748 74.775
398 71.4982 74.6752
399 71.4982 74.4953
400 71.3723 74.5521
401 71.132 74.4297
402 71.132 74.365
403 71.132 74.6371
404 71.132 74.0135
405 71.132 73.8909
406 71.132 74.6975
407 71.132 75.9184
408 71.132 77.5394
409 71.0576 79.2611
410 71.0576 79.5374
411 71.0576 81.424
412 71.0576 81.1229
413 71.0576 82.2861
414 71.0576 83.7303
415 71.0576 82.9331
416 71.0576 82.3005
417 71.0576 81.6848
418 71.0058 79.8907
419 71.0058 77.6642
420 71.0058 77.3019
421 71.0058 76.5903
422 71.0058 75.4567
423 70.8159 75.7553
424 70.8159 76.004
425 70.8159 75.7351
426 70.8159 75.2007
427 70.7654 74.6818
428 70.6525 74.8322
429 70.6525 74.6847
430 70.602 74.1385
431 70.602 73.9798
432 70.602 73.5882
433 70.602 73.4899
434 70.602 73.4417
435 70.602 73.5258
436 70.602 73.7857
437 70.602 73.3812
438 70.602 73.5177
439 70.602 73.6619
440 70.602 73.8443
441 70.602 73.2973
442 70.602 72.832
443 70.602 72.4827
444 70.602 72.5904
445 70.602 72.7466
446 70.602 73.0017
447 70.602 72.6725
448 70.602 72.3846
449 70.602 72.8747
450 70.602 73.7126
451 70.5256 73.3264
452 70.5256 74.3039
453 70.5256 74.531
454 70.5256 73.8835
455 70.5256 73.509
456 70.0283 73.4351
457 69.952 72.5353
458 69.952 73.1397
459 69.4779 72.8641
460 69.4015 72.9724
461 69.4015 73.1478
462 69.4015 72.6596
463 69.4015 72.6177
464 69.4015 71.8586
465 69.4015 72.5795
466 69.4015 72.1802
467 69.4015 72.6318
468 69.0795 72.6247
469 69.0795 72.2983
470 69.0795 71.6083
471 69.0795 72.1133
472 69.0795 71.3235
473 69.0795 71.158
474 69.0795 71.315
475 69.0795 70.989
476 69.0795 71.4943
477 69.0795 71.9762
478 68.3505 71.5516
479 68.3505 71.546
480 68.3505 71.8088
481 68.3505 71.761
482 68.3505 71.6112
483 68.3505 70.823
484 68.3505 70.9816
485 68.3505 70.8685
486 68.3505 71.1833
487 68.3505 70.8749
488 68.3505 70.1564
489 68.3505 71.108
490 68.3505 70.5537
491 68.3505 71.121
492 68.3505 70.9916
493 68.3505 70.5978
494 68.3505 70.5678
495 68.3505 70.8497
496 68.3505 70.9135
497 68.3505 70.6463
498 68.3505 70.9341
499 68.3505 70.2362
500 68.3505 71.0089
501 68.3505 70.9558
502 68.3505 71.4183
503 68.3505 71.6802
504 68.3505 72.277
505 68.3505 71.4583
506 68.3505 71.222
507 68.3505 71.4259
508 68.3505 71.2304
509 68.3505 71.7396
510 68.3505 71.0413
511 68.1233 70.7032
512 68.1233 71.3192
513 68.1233 71.5373
514 68.1233 71.6753
515 68.1233 71.2737
516 68.1233 71.4031
517 68.1233 70.9537
518 68.1233 71.3446
519 68.1233 70.9053
520 68.1233 70.6912
521 68.1233 70.1682
522 68.1233 69.9024
523 68.1233 70.9273
524 68.1233 71.2627
525 68.1233 71.5606
526 68.1233 71.3065
527 68.1233 71.1047
528 68.1233 71.3158
529 68.1233 70.8997
530 68.1233 71.765
531 68.1233 71.059
532 68.1233 70.0911
533 68.1233 70.7979
534 68.1233 70.9845
535 68.1233 71.2082
536 68.1233 71.1902
537 68.1233 71.4369
538 68.0701 71.3025
539 68.0701 71.5257
540 68.0701 71.9762
541 68.0701 71.222
542 68.0701 70.405
543 68.0701 70.2727
544 68.0701 70.5269
545 68.0701 70.8118
546 68.0701 71.0102
547 68.0701 71.1828
548 68.0701 71.2875
549 68.0701 71.7228
550 68.0701 71.9471
551 68.0701 71.7455
552 68.0701 71.59
553 68.0701 70.852
554 68.0701 70.9557
555 68.0701 70.4195
556 68.0701 70.9911
557 68.0701 71.0492
558 68.0701 71.0016
559 68.0701 71.4711
560 68.0701 71.6003
561 68.0701 71.7793
562 68.0701 71.8592
563 68.0701 70.9538
564 68.0035 72.2155
565 68.0035 71.4786
566 68.0035 72.1095
567 68.0035 71.2081
568 68.0035 71.2152
569 68.0035 70.9529
570 68.0035 71.2202
571 68.0035 71.1557
572 68.0035 71.4044
573 68.0035 71.4598
574 68.0035 71.9526
575 68.0035 70.9391
576 68.0035 70.6987
577 68.0035 70.9666
578 68.0035 70.7911
579 68.0035 70.6748
580 68.0035 70.4602
581 68.0035 71.533
582 68.0035 70.7921
583 68.0035 69.9916
584 68.0035 70.2574
585 68.0035 71.133
586 68.0035 71.3517
587 68.0035 71.2202
588 68.0035 71.2411
589 68.0035 71.3841
590 68.0035 71.2661
591 68.0035 71.5333
592 68.0035 71.3664
593 68.0035 70.8387
594 68.0035 70.7628
595 68.0035 70.6376
596 68.0035 70.4629
597 68.0035 70.4371
598 68.0035 71.1603
599 68.0035 71.4287
600 68.0035 71.4559
601 68.0035 70.9194
602 68.0035 70.9948
603 68.0035 71.311
604 68.0035 70.7851
605 68.0035 70.7828
606 68.0035 70.3718
607 68.0035 71.1721
608 68.0035 71.2299
609 68.0035 70.9729
610 68.0035 70.5345
611 68.0035 70.9483
612 68.0035 71.1328
613 68.0035 70.9755
614 68.0035 70.9601
615 68.0035 71.161
616 68.0035 70.8835
617 68.0035 70.5309
618 68.0035 70.7861
619 68.0035 70.548
620 68.0035 70.8377
621 68.0035 70.9365
622 68.0035 71.2904
623 68.0035 70.6825
624 68.0035 70.7117
625 68.0035 71.1269
626 68.0035 71.4451
627 68.0035 71.1123
628 68.0035 70.6722
629 68.0035 70.896
630 68.0035 71.256
631 68.0035 71.2037
632 68.0035 71.2565
633 68.0035 71.3547
634 68.0035 70.8436
635 68.0035 70.525
636 68.0035 70.7911
637 68.0035 70.6521
638 67.9005 70.7763
639 67.9005 71.0606
640 67.9005 71.1154
641 67.9005 70.82
642 67.9005 70.5632
643 67.9005 70.729
644 67.7835 71.193
645 67.7835 70.5746
646 67.7835 70.3132
647 67.7534 70.3332
648 67.7534 70.1321
649 67.7534 70.2866
650 67.7534 70.2606
651 67.7534 70.6485
652 67.7534 70.9733
653 67.7534 70.9965
654 67.7534 70.6502
655 67.7534 70.7779
656 67.7534 70.9083
657 67.7534 70.871
658 67.7534 70.7712
659 67.7534 70.4702
660 67.7534 71.0109
661 67.7534 71.1407
662 67.7534 70.6709
663 67.7534 71.1147
664 67.7534 70.8231
665 67.7534 71.2059
666 67.7534 71.4616
667 67.7534 71.0386
668 67.7534 71.3578
669 67.7534 70.9529
670 67.7534 70.9058
671 67.7534 70.8413
672 67.7534 71.1614
673 67.7534 70.8711
674 67.7534 71.5932
675 67.7534 71.5575
676 67.7534 71.1672
677 67.7534 71.2053
678 67.7534 70.4614
679 67.7534 70.5492
680 67.7534 70.035
681 67.7534 70.5073
682 67.7534 70.226
683 67.7534 70.5708
684 67.7534 69.8102
685 67.7534 69.9142
686 67.7534 70.3267
687 67.7534 71.0587
688 67.7534 70.4087
689 67.7534 70.4737
690 67.7534 70.4523
691 67.7534 71.0909
692 67.7534 70.6835
693 67.7534 70.7234
694 67.7534 70.1419
695 67.7534 70.5503
696 67.7534 70.5846
697 67.7534 70.8318
698 67.7534 70.6113
699 67.7534 70.4574
700 67.7534 70.8132
701 67.7534 70.2893
702 67.7534 70.2255
703 67.7534 69.9227
704 67.7534 69.8174
705 67.7534 69.933
706 67.7534 70.257
707 67.7534 70.3587
708 67.7534 69.8691
709 67.7534 70.3666
710 67.7534 71.152
711 67.7534 70.6228
712 67.7534 70.7619
713 67.7534 70.7032
714 67.7534 69.9937
715 67.7534 70.5377
716 67.7534 70.577
717 67.7534 71.2621
718 67.7534 70.8924
719 67.7534 71.3679
720 67.7534 70.8115
721 67.7534 70.932
722 67.7534 71.1017
723 67.7534 70.79
724 67.7534 70.9899
725 67.7534 70.0714
726 67.7534 70.6916
727 67.7534 71.1411
728 67.7534 71.3304
729 67.7534 71.3336
730 67.7534 71.1805
731 67.7534 70.9203
732 67.7534 70.6509
733 67.7534 71.3427
734 67.7534 71.2266
735 67.7534 71.5395
736 67.7534 70.8868
737 67.7534 71.1923
738 67.7534 70.8305
739 67.7534 70.9024
740 67.7534 70.7687
741 67.7534 70.4929
742 67.7534 70.9384
743 67.7534 71.2171
744 67.7534 71.3186
745 67.7534 70.878
746 67.7534 70.4028
747 67.7534 70.337
748 67.7534 70.7833
749 67.7534 70.4786
750 67.7534 70.961
751 67.7534 69.5267
752 67.7534 69.4083
753 67.7534 69.9223
754 67.7534 69.9573
755 67.7534 69.7228
756 67.7534 69.9618
757 67.7534 70.0127
758 67.7534 70.1589
759 67.7534 70.4488
760 67.7534 70.4963
761 67.7534 70.391
762 67.7534 71.1487
763 67.7534 71.3258
764 67.7534 70.8601
765 67.7534 70.7386
766 67.7534 70.7799
767 67.7534 70.5631
768 67.7534 70.1089
769 67.7534 70.3912
770 67.7534 70.6328
771 67.7534 70.1567
772 67.7534 70.106
773 67.7534 70.2635
774 67.7534 70.8615
775 67.7534 70.6031
776 67.7534 71.0777
777 67.7534 70.0859
778 67.7534 70.5711
779 67.7534 69.5871
780 67.7534 69.9463
781 67.7534 70.128
782 67.7534 70.6183
783 67.7534 70.5105
784 67.7534 70.2336
785 67.7534 70.0039
786 67.7534 70.6316
787 67.7534 70.8226
788 67.7534 70.4335
789 67.7534 70.8902
790 67.7534 71.17
791 67.7534 70.5427
792 67.7534 70.6473
793 67.7534 70.4431
794 67.7534 70.126
795 67.7534 70.2361
796 67.6509 69.962
797 67.6509 69.648
798 67.6509 70.2937
799 67.6509 69.9889
800 67.6509 70.0997
801 67.6509 69.9638
802 67.6509 70.3921
803 67.6509 70.2232
804 67.6509 70.638
805 67.6509 70.677
806 67.6509 70.1785
807 67.6509 69.8973
808 67.6509 69.8334
809 67.6509 70.5701
810 67.6509 70.3401
811 67.6509 69.9329
812 67.6509 69.6798
813 67.6509 70.3473
814 67.6509 70.867
815 67.6509 70.8188
816 67.6509 70.4238
817 67.6509 70.5211
818 67.6509 70.5386
819 67.6509 70.4063
820 67.6509 70.7404
821 67.6509 70.0999
822 67.6509 69.984
823 67.6509 69.9526
824 67.6509 69.8128
825 67.6509 70.4832
826 67.6509 69.9769
827 67.6509 70.1367
828 67.6509 70.3144
829 67.6509 70.7587
830 67.6509 71.5668
831 67.6509 70.8576
832 67.6509 70.2582
833 67.6509 69.9118
834 67.6509 70.3602
835 67.6509 70.7343
836 67.6509 70.7957
837 67.6509 70.754
838 67.6509 70.5657
839 67.6509 70.4581
840 67.6509 70.8778
841 67.6509 70.3254
842 67.6509 70.3793
843 67.6509 71.158
844 67.6509 71.0959
845 67.6509 71.1566
846 67.6509 71.0752
847 67.6509 71.5807
848 67.6509 71.6063
849 67.6509 71.0679
850 67.6509 70.7557
851 67.6509 70.8926
852 67.6509 70.705
853 67.6509 70.1399
854 67.6509 70.4772
855 67.6509 70.5453
856 67.6509 70.359
857 67.6509 70.7585
858 67.6509 70.728
859 67.6509 71.0929
860 67.6509 70.9168
861 67.6509 70.5401
862 67.6509 70.2957
863 67.6509 70.2084
864 67.6509 69.7408
865 67.6509 70.473
866 67.6509 70.7647
867 67.6509 70.5179
868 67.6509 70.5323
869 67.6509 70.0563
870 67.6509 70.5229
871 67.6509 70.5413
872 67.6509 70.9147
873 67.6509 71.8519
874 67.6509 70.9611
875 67.6509 70.6824
876 67.6509 71.1553
877 67.6509 70.5065
878 67.6509 70.3877
879 67.6509 70.758
880 67.6509 71.1526
881 67.6509 70.6773
882 67.6509 70.9697
883 67.6509 71.2832
884 67.6509 70.1832
885 67.6509 70.2706
886 67.6509 70.0589
887 67.6509 69.67
888 67.6509 70.2193
889 67.6509 70.4923
890 67.6509 70.4357
891 67.6509 70.9518
892 67.6509 70.9482
893 67.6509 70.7115
894 67.6509 70.7324
895 67.6509 70.7372
896 67.6509 70.5052
897 67.6509 70.6408
898 67.6509 70.4862
899 67.6509 71.0032
900 67.6509 70.877
901 67.6509 70.8943
902 67.6509 69.9857
903 67.6509 70.0793
904 67.6509 70.6299
905 67.6509 71.0039
906 67.6509 70.9231
907 67.6509 70.7346
908 67.6509 70.9855
909 67.6509 71.278
910 67.6509 70.9797
911 67.6509 70.2691
912 67.6509 70.7715
913 67.6509 70.3302
914 67.6509 70.3177
915 67.6509 70.6929
916 67.6509 70.4559
917 67.6509 70.793
918 67.6509 70.1704
919 67.6509 69.7781
920 67.6509 70.2888
921 67.6509 70.1516
922 67.6509 70.6613
923 67.6509 70.8064
924 67.6509 69.7547
925 67.6509 69.4896
926 67.6509 69.337
927 67.6509 69.7589
928 67.6509 70.0062
929 67.6509 70.0261
930 67.6509 71.1227
931 67.6509 71.5207
932 67.6509 71.2905
933 67.6509 70.5167
934 67.6509 70.9502
935 67.6509 70.9895
936 67.6509 70.3621
937 67.6509 70.342
938 67.6509 70.0018
939 67.6509 70.2349
940 67.6509 70.0079
941 67.6509 70.3151
942 67.6509 70.3403
943 67.6509 70.7189
944 67.6509 70.8756
945 67.6509 71.3949
946 67.6509 71.2575
947 67.6509 70.2598
948 67.6509 71.0315
949 67.6509 69.872
950 67.6509 70.5579
951 67.6509 70.5703
952 67.6509 70.9269
953 67.6509 71.0022
954 67.6509 71.0723
955 67.6509 70.9818
956 67.6509 71.494
957 67.6509 71.3608
958 67.6509 71.3792
959 67.6509 71.2303
960 67.6509 70.7368
961 67.6509 70.3827
962 67.6509 70.7254
963 67.6509 70.5597
964 67.6509 70.4638
965 67.6509 70.8368
966 67.6509 70.7029
967 67.6509 70.2141
968 67.6509 69.8551
969 67.6509 70.8495
970 67.6509 70.5278
971 67.6509 70.9437
972 67.6509 70.1732
973 67.6509 70.4331
974 67.6509 70.9473
975 67.6509 70.8072
976 67.6509 70.8118
977 67.6509 70.6444
978 67.6509 70.1504
979 67.6509 70.7931
980 67.6509 71.1067
981 67.6509 71.1889
982 67.6509 71.3869
983 67.6509 71.1037
984 67.6509 70.6275
985 67.6509 70.6202
986 67.6509 71.0442
987 67.6509 71.1118
988 67.6509 70.6988
989 67.6509 70.3112
990 67.6509 69.7799
991 67.6509 69.967
992 67.6509 70.5639
993 67.6509 70.6862
994 67.6509 71.02
995 67.6509 70.8074
996 67.6509 69.6361
997 67.6509 69.7194
998 67.6509 70.1479
999 67.6509 70.1315
1000 67.6509 70.2887
1001 67.6509 69.7367
1002 67.6509 70.2135
1003 67.6509 69.7546
1004 67.6509 69.8606
1005 67.6509 69.6791
1006 67.6509 70.5321
1007 67.6509 69.8358
1008 67.6509 70.933
1009 67.6509 70.6648
1010 67.6509 71.176
1011 67.6509 70.8739
1012 67.6509 70.4119
1013 67.6509 69.9807
1014 67.6509 69.5148
1015 67.6509 70.4929
1016 67.6509 70.1526
1017 67.6509 70.7818
1018 67.6509 70.4791
1019 67.6509 70.1419
1020 67.6509 70.4765
1021 67.6509 70.0758
1022 67.6509 70.1085
1023 67.6509 70.494
1024 67.6509 71.0906
1025 67.6509 70.5458
1026 67.6509 71.5709
1027 67.6509 71.1615
1028 67.6509 70.69
1029 67.6509 70.3839
1030 67.6509 69.8367
1031 67.6509 70.3852
1032 67.6509 70.0637
1033 67.6509 70.0022
1034 67.6509 69.8846
1035 67.6509 70.2635
1036 67.6509 70.2273
1037 67.6509 70.1327
1038 67.6509 70.5067
1039 67.6509 70.496
1040 67.6509 71.2093
1041 67.6509 70.638
1042 67.6509 70.0947
1043 67.6509 70.0258
1044 67.6509 70.2782
1045 67.6509 69.8478
1046 67.6509 70.2185
1047 67.6509 70.03
1048 67.6509 70.3366
1049 67.6509 70.5149
1050 67.6509 70.2212
1051 67.6509 70.4215
1052 67.6509 70.7418
1053 67.6509 70.3055
1054 67.6509 70.2169
1055 67.6509 70.368
1056 67.6509 70.8079
1057 67.6509 70.5385
1058 67.6509 70.1795
1059 67.6509 70.4523
1060 67.6509 70.3842
1061 67.6509 70.0924
1062 67.6509 69.8457
1063 67.6509 70.05
1064 67.6509 69.4653
1065 67.6509 69.8011
1066 67.6509 69.5185
1067 67.6509 69.5402
1068 67.6509 70.1085
1069 67.6509 70.095
1070 67.6509 70.3965
1071 67.6509 70.8589
1072 67.6509 70.7999
1073 67.6509 71.1706
1074 67.6509 71.6546
1075 67.6509 71.492
1076 67.6509 70.7086
1077 67.6509 70.4401
1078 67.6509 70.4224
1079 67.6509 70.2264
1080 67.6509 70.5665
1081 67.6509 70.5844
1082 67.6509 70.6999
1083 67.6509 70.2212
1084 67.6509 70.1144
1085 67.6509 69.8137
1086 67.6509 70.2676
1087 67.6509 69.9812
1088 67.6509 69.936
1089 67.6509 70.2761
1090 67.6509 70.2464
1091 67.6509 70.6049
1092 67.6509 70.4486
1093 67.6509 71.0339
1094 67.6509 70.5919
1095 67.6509 70.8568
1096 67.6509 70.8258
1097 67.6509 71.0325
1098 67.6509 70.188
1099 67.6509 70.0815
1100 67.6509 70.5485
1101 67.6509 70.6198
1102 67.6509 70.5144
1103 67.6509 70.501
1104 67.6509 70.6291
1105 67.6509 70.5427
1106 67.6509 70.602
1107 67.6509 70.948
1108 67.6509 70.4476
1109 67.6509 70.8465
1110 67.6509 70.8665
1111 67.6509 70.8166
1112 67.6509 70.4352
1113 67.6509 70.4809
1114 67.6509 70.7279
1115 67.6509 70.2923
1116 67.6509 70.4899
1117 67.6509 71.3105
1118 67.6509 70.9514
1119 67.6509 71.171
1120 67.6509 71.0532
1121 67.6509 71.2748
1122 67.6509 71.5972
1123 67.6509 71.5893
1124 67.6509 71.7671
1125 67.6509 71.9191
1126 67.6509 70.4637
1127 67.6509 70.0042
1128 67.6509 70.429
1129 67.6509 70.4369
1130 67.6509 71.0782
1131 67.6509 70.7883
1132 67.6509 70.8704
1133 67.6509 70.4798
1134 67.6509 70.8571
1135 67.6509 70.9411
1136 67.6509 71.1567
1137 67.6509 70.5587
1138 67.6509 70.3676
1139 67.6509 70.3865
1140 67.6509 70.3747
1141 67.6509 70.1422
1142 67.6509 69.9344
1143 67.6509 70.197
1144 67.6509 70.2713
1145 67.6509 70.6032
1146 67.6509 70.5079
1147 67.6509 70.6685
1148 67.6509 69.8821
1149 67.6509 70.2407
1150 67.6509 70.3787
1151 67.6509 70.5581
1152 67.6509 70.7394
1153 67.6509 70.3814
1154 67.6509 70.4893
1155 67.6509 69.917
1156 67.6509 70.0592
1157 67.6509 70.1088
1158 67.6509 70.3712
1159 67.6509 70.1447
1160 67.6509 70.8603
1161 67.6509 71.2451
1162 67.6509 70.8554
1163 67.6509 70.8112
1164 67.6509 69.9474
1165 67.6509 70.4506
1166 67.6509 70.5384
1167 67.6509 70.2793
1168 67.6509 70.4225
1169 67.6509 70.2082
1170 67.6509 69.5498
1171 67.6509 69.4844
1172 67.6509 70.1758
1173 67.6509 70.2687
1174 67.6509 70.8952
1175 67.6509 71.3837
1176 67.6509 71.5032
1177 67.6509 71.1529
1178 67.6509 70.5572
1179 67.6509 70.8149
1180 67.6509 71.1442
1181 67.6509 70.8166
1182 67.6509 71.0118
1183 67.6509 70.5074
1184 67.6509 71.1803
1185 67.6509 71.1017
1186 67.6509 70.4927
1187 67.6509 70.4293
1188 67.6509 70.6169
1189 67.6509 70.0918
1190 67.6509 70.3358
1191 67.6509 71.1683
1192 67.6509 69.9949
1193 67.6509 70.0515
1194 67.6509 70.2757
1195 67.6509 70.0854
1196 67.6509 70.0424
1197 67.6509 69.9552
1198 67.6509 70.4565
1199 67.6509 71.0034
1200 67.6509 71.2309
1201 67.6509 71.0735
1202 67.6509 70.0147
1203 67.6509 70.4411
1204 67.6509 70.4072
1205 67.6509 70.1521
1206 67.6509 70.9939
1207 67.6509 70.8299
1208 67.6509 70.1938
1209 67.6509 70.5639
1210 67.6509 70.8736
1211 67.6509 70.4577
1212 67.6509 70.8307
1213 67.6509 71.7341
1214 67.6509 70.9571
1215 67.6509 70.6427
1216 67.6509 70.5839
1217 67.6509 70.9938
1218 67.6509 71.0515
1219 67.6509 70.5802
1220 67.6509 70.7283
1221 67.6509 71.4613
1222 67.6509 71.1707
1223 67.6509 71.338
1224 67.6509 71.5421
1225 67.6509 71.9471
1226 67.6509 71.3544
1227 67.6509 71.3854
1228 67.6509 70.8862
1229 67.6509 70.6268
1230 67.6509 70.3312
1231 67.6509 71.0815
1232 67.6509 70.3106
1233 67.6509 69.991
1234 67.6509 70.3628
1235 67.6509 70.2137
1236 67.6509 70.2372
1237 67.6509 70.2243
1238 67.6509 70.101
1239 67.6509 69.7361
1240 67.6509 69.9573
1241 67.6509 69.823
1242 67.6509 70.1474
1243 67.6509 71.7059
1244 67.6509 71.1307
1245 67.6509 70.9398
1246 67.6509 70.6297
1247 67.6509 70.375
1248 67.6509 71.1513
1249 67.6509 72.1126
1250 67.6509 71.4688
1251 67.6509 71.0103
1252 67.6509 70.5
1253 67.6509 70.7026
1254 67.6509 70.5939
1255 67.6509 70.607
1256 67.6509 70.7313
1257 67.6509 70.2135
1258 67.6404 70.5905
1259 67.6404 70.5561
1260 67.6404 70.6272
1261 67.6404 71.008
1262 67.6404 70.8471
1263 67.6404 70.6589
1264 67.6404 70.1124
1265 67.6404 70.8872
1266 67.6404 70.4981
1267 67.6404 70.1581
1268 67.6404 70.5139
1269 67.6404 70.5704
1270 67.6404 71.0703
1271 67.6404 70.841
1272 67.6404 71.3013
1273 67.6404 70.7038
1274 67.6404 70.5913
1275 67.6404 70.5196
1276 67.6404 71.0551
1277 67.6404 70.6449
1278 67.6404 70.9562
1279 67.6404 70.7175
1280 67.6404 70.0274
1281 67.6404 70.4016
1282 67.6404 70.8845
1283 67.6404 69.9951
1284 67.6404 70.1207
1285 67.6404 69.8921
1286 67.6404 70.4333
1287 67.6404 70.2284
1288 67.6404 70.5562
1289 67.6404 70.4992
1290 67.6404 70.1147
1291 67.6404 69.8989
1292 67.6404 70.4888
1293 67.6404 70.8754
1294 67.6404 70.6607
1295 67.6404 70.8504
1296 67.6404 70.4522
1297 67.6404 70.3259
1298 67.6404 70.2526
1299 67.6404 70.1155
1300 67.6404 70.6064
1301 67.6404 70.4538
1302 67.6404 70.5667
1303 67.6404 70.5595
1304 67.6404 70.3765
1305 67.6404 69.6418
1306 67.6404 69.8017
1307 67.6404 70.1175
1308 67.6404 69.8258
1309 67.6404 70.0487
1310 67.6404 69.4887
1311 67.6404 70.0025
1312 67.6404 70.2564
1313 67.6404 70.1414
1314 67.6404 70.4287
1315 67.6404 70.8531
1316 67.6404 70.7377
1317 67.6404 70.3087
1318 67.6404 70.1794
1319 67.6404 70.2222
1320 67.6404 69.7413
1321 67.6404 69.6504
1322 67.6404 69.7205
1323 67.6404 69.6419
1324 67.6404 69.6891
1325 67.6404 69.9812
1326 67.6404 71.101
1327 67.6404 71.0717
1328 67.6404 70.2897
1329 67.6404 69.8355
1330 67.6404 70.0358
1331 67.6404 70.3037
1332 67.6404 70.1119
1333 67.6404 69.9975
1334 67.6404 69.8775
1335 67.6404 69.4249
1336 67.6404 69.43
1337 67.6404 70.7186
1338 67.6404 70.7285
1339 67.6404 70.4915
1340 67.6404 70.0192
1341 67.6404 70.3392
1342 67.6404 70.1994
1343 67.6404 70.3288
1344 67.6404 70.8337
1345 67.6404 71.3168
1346 67.6404 70.7001
1347 67.6404 70.7586
1348 67.6404 70.5994
1349 67.6404 70.746
1350 67.6404 70.6785
1351 67.6404 70.3027
1352 67.6404 70.3837
1353 67.6404 70.7508
1354 67.6404 70.5677
1355 67.6404 70.1023
1356 67.6404 70.6779
1357 67.6404 70.6267
1358 67.6404 70.2782
1359 67.6404 70.0844
1360 67.6404 70.0744
1361 67.6404 70.3109
1362 67.6404 70.73
1363 67.6404 70.4649
1364 67.6404 70.8449
1365 67.6404 70.716
1366 67.6404 71.0321
1367 67.6404 71.6258
1368 67.6404 71.0844
1369 67.6404 71.749
1370 67.6404 71.2866
1371 67.6404 70.9406
1372 67.44 71.2157
1373 67.44 71.1773
1374 67.44 71.8348
1375 67.44 71.6946
1376 67.44 71.458
1377 67.44 72.2994
1378 67.44 71.5253
1379 67.44 71.1187
1380 67.44 70.0674
1381 67.3661 70.4158
1382 67.3661 70.6676
1383 67.3661 70.3368
1384 67.3661 70.8129
1385 67.3661 70.1866
1386 67.3661 70.8144
1387 67.3661 70.9139
1388 67.3661 70.4964
1389 67.3661 70.423
1390 67.3661 70.8202
1391 67.3661 70.5174
1392 67.3661 70.5509
1393 67.3661 70.7613
1394 67.3661 70.849
1395 67.3661 70.7137
1396 67.3661 70.6813
1397 67.3661 69.6371
1398 67.3661 69.3657
1399 67.3661 69.9907
1400 67.3661 69.8323
1401 67.3661 69.7621
1402 67.3661 69.54
1403 67.3661 69.2813
1404 67.3661 70.113
1405 67.3661 69.533
1406 67.3661 69.3721
1407 67.3661 70.2365
1408 67.3661 69.862
1409 67.3661 70.3943
1410 67.3661 69.9872
1411 67.3661 69.5912
1412 67.3661 69.7893
1413 67.3661 70.0852
1414 67.3661 70.1639
1415 67.3661 70.2691
1416 67.3661 70.5108
1417 67.3661 70.8872
1418 67.3661 70.393
1419 67.3661 70.7774
1420 67.3661 70.1209
1421 67.3661 70.3995
1422 67.3661 70.1941
1423 67.3661 70.4259
1424 67.3661 70.1906
1425 67.3661 70.8637
1426 67.3661 70.8125
1427 67.3661 69.9705
1428 67.3661 69.6877
1429 67.3661 70.0957
1430 67.3661 69.6186
1431 67.3661 70.1792
1432 67.3661 70.3723
1433 67.3661 69.9932
1434 67.3661 69.7948
1435 67.3661 70.249
1436 67.3661 70.7906
1437 67.3661 70.8469
1438 67.3661 70.7402
1439 67.3661 70.6106
1440 67.3661 70.3903
1441 67.3661 70.6633
1442 67.3661 70.7016
1443 67.3661 70.1372
1444 67.3661 69.8863
1445 67.3661 69.8802
1446 67.3661 70.18
1447 67.3661 70.2642
1448 67.3661 69.8556
1449 67.3661 69.9918
1450 67.3661 70.0714
1451 67.3661 69.3035
1452 67.3661 68.8211
1453 67.3661 69.1092
1454 67.3661 69.4769
1455 67.3661 69.0978
1456 67.3661 69.4424
1457 67.3661 69.7243
1458 67.3661 69.9612
1459 67.3661 69.6043
1460 67.3661 70.0019
1461 67.3661 70.1724
1462 67.3661 69.9286
1463 67.3661 70.4704
1464 67.3661 71.2444
1465 67.3661 70.9244
1466 67.3661 70.3984
1467 67.3661 70.0957
1468 67.3661 69.9523
1469 67.3661 70.168
1470 67.3661 69.4725
1471 67.3661 69.8345
1472 67.3661 69.9531
1473 67.3661 70.0531
1474 67.3661 70.0071
1475 67.3661 69.3832
1476 67.3661 69.4345
1477 67.3661 69.6324
1478 67.3661 70.1105
1479 67.3661 70.6106
1480 67.3661 70.0861
1481 67.3661 69.7065
1482 67.3661 69.3046
1483 67.3661 69.4521
1484 67.3661 69.83
1485 67.3661 70.1271
1486 67.3661 69.9224
1487 67.3661 70.2089
1488 67.3661 70.1454
1489 67.3661 69.7168
1490 67.3661 69.9278
1491 67.3661 69.954
1492 67.3661 69.7809
1493 67.3661 69.8296
1494 67.3661 70.1102
1495 67.3661 69.8538
1496 67.3661 69.8071
1497 67.3661 69.8702
1498 67.3661 69.2529
1499 67.3661 69.3621
1500 67.3661 69.2657
1501 67.3661 69.7702
1502 67.3661 69.7717
1503 67.3661 69.3186
1504 67.3661 69.607
1505 67.3661 70.0815
1506 67.3661 69.8962
1507 67.3661 70.2543
1508 67.3661 70.1268
1509 67.3661 71.0191
1510 67.3661 70.9976
1511 67.3661 70.8992
1512 67.3661 71.1348
1513 67.3661 70.9021
1514 67.3661 70.2744
1515 67.3661 70.7907
1516 67.3661 70.1359
1517 67.3661 71.3002
1518 67.3661 71.3212
1519 67.3661 70.8562
1520 67.3661 70.3038
1521 67.3661 70.3522
1522 67.3661 69.6564
1523 67.3661 70.0123
1524 67.3661 69.7541
1525 67.3661 70.0064
1526 67.3661 70.4117
1527 67.3661 70.1271
1528 67.3661 70.3174
1529 67.3661 70.7516
1530 67.3661 71.0938
1531 67.3661 70.4217
1532 67.3661 70.2627
1533 67.3661 71.175
1534 67.3661 70.724
1535 67.3661 70.6487
1536 67.3661 70.3481
1537 67.3661 70.4752
1538 67.3661 70.9893
1539 67.3661 70.6827
1540 67.3661 70.7179
1541 67.3661 70.4142
1542 67.3661 71.1002
1543 67.3661 71.684
1544 67.3661 71.7301
1545 67.3661 71.1618
1546 67.3661 70.3317
1547 67.3661 70.0991
1548 67.3661 70.2197
1549 67.3661 70.0059
1550 67.3661 69.784
1551 67.3661 70.0415
1552 67.3661 70.252
1553 67.3661 70.2982
1554 67.3661 70.776
1555 67.3661 70.4467
1556 67.3661 70.9883
1557 67.3661 70.2149
1558 67.3661 70.3908
1559 67.3661 70.8684
1560 67.3661 70.8242
1561 67.3661 70.8094
1562 67.3661 70.8066
1563 67.3661 70.8949
1564 67.3661 71.1863
1565 67.3661 71.5119
1566 67.3661 70.1978
1567 67.3661 70.2524
1568 67.3661 70.5679
1569 67.3661 70.9137
1570 67.3661 70.3233
1571 67.3661 70.0239
1572 67.3661 69.8706
1573 67.3661 70.0866
1574 67.3661 70.5658
1575 67.3661 70.7904
1576 67.3661 70.2088
1577 67.3661 70.0223
1578 67.3661 69.8589
1579 67.3661 70.1002
1580 67.3661 70.2047
1581 67.3661 70.0682
1582 67.3661 70.5078
1583 67.3661 70.3192
1584 67.3661 70.1375
1585 67.3661 70.3074
1586 67.3661 69.9103
1587 67.3661 70.4533
1588 67.3661 69.9907
1589 67.3661 69.5068
1590 67.3661 69.8119
1591 67.3661 69.699
1592 67.3661 70.3616
1593 67.3661 70.4028
1594 67.3661 70.8252
1595 67.3661 70.1243
1596 67.3661 69.3681
1597 67.3661 69.8374
1598 67.3661 70.0118
1599 67.3661 69.8661
1600 67.3661 70.369
1601 67.3661 70.3556
1602 67.3661 70.7716
1603 67.3661 70.0409
1604 67.3661 69.7082
1605 67.3661 69.8175
1606 67.3661 70.1504
1607 67.3661 70.4598
1608 67.3661 70.3262
1609 67.3661 70.4579
1610 67.3661 70.4552
1611 67.3661 69.8184
1612 67.3661 69.9976
1613 67.3661 69.7681
1614 67.3661 69.6786
1615 67.3661 70.0378
1616 67.3661 70.5174
1617 67.3661 69.8365
1618 67.3661 69.7038
1619 67.3661 69.7399
1620 67.3661 70.251
1621 67.3661 70.1929
1622 67.3661 69.5391
1623 67.3661 69.976
1624 67.3661 69.8665
1625 67.3661 70.0798
1626 67.3661 70.2555
1627 67.3661 70.1155
1628 67.3661 70.1718
1629 67.3661 69.852
1630 67.3661 69.8801
1631 67.3661 69.5809
1632 67.3661 70.2216
1633 67.3661 69.9195
1634 67.3661 69.4709
1635 67.3661 69.6586
1636 67.3661 69.6998
1637 67.3661 69.6851
1638 67.3661 69.9
1639 67.3661 69.7123
1640 67.3661 69.7228
1641 67.3661 70.6683
1642 67.3661 70.5406
1643 67.3661 70.1514
1644 67.3661 69.9191
1645 67.3661 70.1578
1646 67.3661 70.4426
1647 67.3661 71.1669
1648 67.3661 70.8527
1649 67.3661 71.2904
1650 67.3661 71.1292
1651 67.3661 70.9688
1652 67.3661 70.9631
1653 67.3661 71.627
1654 67.3661 71.2305
1655 67.3661 71.7811
1656 67.3661 71.3745
1657 67.3661 70.9904
1658 67.3661 71.4302
1659 67.3661 70.7869
1660 67.3661 70.5127
1661 67.3661 70.9508
1662 67.3661 70.8779
1663 67.3661 71.2974
1664 67.3661 71.0541
1665 67.3661 70.8424
1666 67.3661 70.6169
1667 67.3661 71.1853
1668 67.3661 69.8978
1669 67.3661 70.1767
1670 67.3661 69.9244
1671 67.3661 70.1295
1672 67.3661 70.4382
1673 67.3661 70.0416
1674 67.3661 69.2988
1675 67.3661 69.8737
1676 67.3661 70.1173
1677 67.3661 70.3426
1678 67.3661 70.1278
1679 67.3661 69.9404
1680 67.3661 69.2884
1681 67.3661 69.3507
1682 67.3661 69.8261
1683 67.3661 70.4141
1684 67.3661 70.3461
1685 67.3661 69.5578
1686 67.3661 70.3563
1687 67.3661 70.3166
1688 67.3661 70.4522
1689 67.3661 70.6181
1690 67.3661 69.8135
1691 67.3661 69.8948
1692 67.3661 69.7714
1693 67.3661 70.1076
1694 67.3661 70.3222
1695 67.3661 69.4493
1696 67.3661 69.6181
1697 67.3661 70.1318
1698 67.3661 70.4013
1699 67.3661 70.0765
1700 67.3661 69.6598
1701 67.3661 70.3661
1702 67.3661 70.3336
1703 67.3661 70.6658
1704 67.3661 70.5317
1705 67.3661 69.6799
1706 67.3661 69.3027
1707 67.3661 69.2476
1708 67.3661 69.7222
1709 67.3661 69.4191
1710 67.3661 69.6825
1711 67.3661 70.5839
1712 67.3661 70.1753
1713 67.3661 69.8764
1714 67.3661 69.8863
1715 67.3661 70.6719
1716 67.3661 70.3406
1717 67.3661 70.2114
1718 67.3661 70.1529
1719 67.3661 70.3841
1720 67.3661 70.249
1721 67.3661 70.4722
1722 67.3661 70.561
1723 67.3661 69.5777
1724 67.3661 69.3587
1725 67.3661 69.7713
1726 67.3661 70.1849
1727 67.3661 69.895
1728 67.3661 70.1216
1729 67.3661 69.9379
1730 67.3661 69.6879
1731 67.3661 69.9088
1732 67.3661 69.6865
1733 67.3661 70.3721
1734 67.3661 70.1146
1735 67.3661 69.3396
1736 67.3661 70.7099
1737 67.3661 70.4088
1738 67.3661 70.5976
1739 67.3661 70.44
1740 67.3661 70.4311
1741 67.3661 71.1806
1742 67.3661 70.7886
1743 67.3661 70.4392
1744 67.3661 70.0017
1745 67.3661 70.5714
1746 67.3661 70.473
1747 67.3661 69.8972
1748 67.3661 69.2024
1749 67.3661 69.7721
1750 67.3661 69.2959
1751 67.3661 69.5937
1752 67.3661 69.4691
1753 67.3661 69.6749
1754 67.3661 69.9402
1755 67.3661 70.0212
1756 67.3661 69.9902
1757 67.3661 70.7986
1758 67.3661 70.2952
1759 67.3661 70.1634
1760 67.3661 69.8301
1761 67.3661 70.4593
1762 67.3661 69.5815
1763 67.3661 69.1179
1764 67.3661 70.0925
1765 67.3661 70.6058
1766 67.3661 70.7752
1767 67.3661 70.1559
1768 67.3661 69.7622
1769 67.3661 69.1582
1770 67.3661 69.3275
1771 67.3661 69.5859
1772 67.3661 69.7296
1773 67.3661 69.8002
1774 67.3661 70.0937
1775 67.3661 69.868
1776 67.3661 70.9328
1777 67.3661 70.8105
1778 67.3661 70.0459
1779 67.3661 69.7228
1780 67.3661 69.7962
1781 67.3661 70.5452
1782 67.3661 70.2392
1783 67.3661 70.2657
1784 67.3661 70.0915
1785 67.3661 70.318
1786 67.3661 70.334
1787 67.3661 69.994
1788 67.3661 69.7151
1789 67.3661 69.6801
1790 67.3661 69.8334
1791 67.3661 70.0001
1792 67.3661 69.622
1793 67.3661 70.0603
1794 67.3661 69.885
1795 67.3661 69.9477
1796 67.3661 69.9297
1797 67.3661 70.4338
1798 67.3661 70.4752
1799 67.3661 70.3847
1800 67.3661 69.8357
1801 67.3661 70.6594
1802 67.3661 70.1433
1803 67.3661 70.014
1804 67.3661 70.2936
1805 67.3661 71.4746
1806 67.3661 71.0717
1807 67.3661 71.333
1808 67.3661 70.9339
1809 67.3661 70.4199
1810 67.3661 69.9653
1811 67.3661 69.8409
1812 67.3661 70.2507
1813 67.3661 69.8594
1814 67.3661 70.171
1815 67.3661 70.0207
1816 67.3661 70.148
1817 67.3661 70.3553
1818 67.3661 70.3151
1819 67.3661 69.9495
1820 67.3661 69.7319
1821 67.3661 70.4203
1822 67.3661 69.6806
1823 67.3661 69.9443
1824 67.3661 69.5487
1825 67.3661 70.1073
1826 67.3661 69.6726
1827 67.3661 69.8166
1828 67.3661 70.0475
1829 67.3661 70.0076
1830 67.3661 70.6085
1831 67.3661 70.4949
1832 67.3661 70.8375
1833 67.3661 70.6463
1834 67.3661 70.5422
1835 67.3661 70.4956
1836 67.3661 70.0482
1837 67.3661 70.4769
1838 67.3661 70.1365
1839 67.3661 70.4679
1840 67.3661 69.7197
1841 67.3661 69.991
1842 67.3661 69.7484
1843 67.3661 70.0596
1844 67.3661 70.0314
1845 67.3661 70.5382
1846 67.3661 70.8405
1847 67.3661 70.7046
1848 67.3661 70.6016
1849 67.3661 70.1935
1850 67.3661 70.1889
1851 67.3661 70.7622
1852 67.3661 70.9387
1853 67.3661 70.4661
1854 67.3661 70.3397
1855 67.3661 70.7987
1856 67.3661 70.4525
1857 67.3661 70.9393
1858 67.3661 69.859
1859 67.3661 70.0717
1860 67.3661 69.9781
1861 67.3661 69.615
1862 67.3661 69.3668
1863 67.3661 69.6056
1864 67.3661 69.5977
1865 67.3661 69.9646
1866 67.3661 69.9101
1867 67.3661 70.2875
1868 67.3661 70.6547
1869 67.3661 70.6488
1870 67.3661 70.2107
1871 67.3661 70.159
1872 67.3661 71.1324
1873 67.3661 71.5139
1874 67.3661 71.2377
1875 67.3661 70.6627
1876 67.3661 70.8804
1877 67.3661 70.7865
1878 67.3661 70.8523
1879 67.3661 70.7079
1880 67.3661 71.8796
1881 67.3661 71.0012
1882 67.3661 70.5293
1883 67.3661 70.5854
1884 67.3661 70.7874
1885 67.3661 70.8989
1886 67.3661 70.4817
1887 67.3661 70.9879
1888 67.3661 70.5785
1889 67.3661 70.7435
1890 67.3661 70.8321
1891 67.3661 71.0785
1892 67.3661 70.8187
1893 67.3661 71.2043
1894 67.3661 71.2943
1895 67.3661 70.1857
1896 67.3661 69.7897
1897 67.3661 70.1151
1898 67.3661 70.6917
1899 67.3661 69.9634
1900 67.3661 69.8566
1901 67.3661 71.0374
1902 67.3661 70.4646
1903 67.3661 70.497
1904 67.3661 70.1248
1905 67.3661 69.709
1906 67.3661 69.7376
1907 67.3661 69.3896
1908 67.3661 69.7904
1909 67.3661 69.495
1910 67.3661 70.0036
1911 67.3661 69.359
1912 67.3661 69.7731
1913 67.3661 69.7027
1914 67.3661 69.8124
1915 67.3661 70.2546
1916 67.3661 69.725
1917 67.3661 70.1197
1918 67.3661 70.0793
1919 67.3661 70.4629
1920 67.3661 70.8255
1921 67.3661 70.5083
1922 67.3661 69.888
1923 67.3661 70.3434
1924 67.3661 70.195
1925 67.3661 70.3122
1926 67.3661 70.3383
1927 67.3661 70.0511
1928 67.3661 70.2047
1929 67.3661 70.8754
1930 67.3661 70.2347
1931 67.3661 71.3189
1932 67.3661 70.8796
1933 67.3661 71.3087
1934 67.3661 70.7916
1935 67.3661 70.5175
1936 67.3661 70.5962
1937 67.3661 70.3186
1938 67.3661 70.0883
1939 67.3661 69.7834
1940 67.3661 69.8312
1941 67.3661 70.0268
1942 67.3661 69.7435
1943 67.3661 70.3757
1944 67.3661 70.3545
1945 67.3661 70.633
1946 67.3661 70.3714
1947 67.3661 69.7447
1948 67.3661 69.9777
1949 67.3661 69.7051
1950 67.3661 69.8545
1951 67.3661 69.4586
1952 67.3661 69.776
1953 67.3661 70.5164
1954 67.3661 70.8789
1955 67.3661 70.6868
1956 67.3661 70.1041
1957 67.3661 69.9442
1958 67.3661 70.5915
1959 67.3661 70.0534
1960 67.3661 70.5495
1961 67.3661 70.7931
1962 67.3661 70.0316
1963 67.3661 69.6992
1964 67.3661 69.13
1965 67.3661 69.4951
1966 67.3661 69.437
1967 67.3661 69.3248
1968 67.3661 69.7307
1969 67.3661 69.6032
1970 67.3661 69.8427
1971 67.3661 70.2988
1972 67.3661 70.6231
1973 67.3661 70.739
1974 67.3661 70.2655
1975 67.3661 70.5026
1976 67.3661 71.126
1977 67.3661 70.8952
1978 67.3661 70.8991
1979 67.3661 71.1982
1980 67.3661 70.5161
1981 67.3661 71.0267
1982 67.3661 71.1548
1983 67.3661 70.842
1984 67.3661 70.8569
1985 67.3661 70.2812
1986 67.3661 70.168
1987 67.3661 70.0481
1988 67.3661 71.0182
1989 67.3661 70.4245
1990 67.3661 70.3933
1991 67.3661 70.4644
1992 67.3661 70.3173
1993 67.3661 70.6103
1994 67.3661 70.4684
1995 67.3661 70.0534
1996 67.3661 71.0469
1997 67.3661 70.2595
1998 67.3661 70.982
1999 67.3661 70.4558
2000 67.3661 69.8405
