0 433.608 492.747
1 428.02 475.256
2 416.177 458.916
3 408.793 448.352
4 397.902 440.488
5 391.047 432.078
6 389.836 422.269
7 382.003 411.235
8 369.031 404.197
9 367.848 394.783
10 354.189 386.85
11 349.227 379.16
12 343.696 372.733
13 325.279 366.652
14 310.78 359.641
15 303.678 351.233
16 303.678 336.393
17 293.735 326.636
18 291.048 318.405
19 287.051 310.324
20 283.922 304.616
21 282.041 299.028
22 279.446 295.537
23 275.908 291.447
24 269.557 287.779
25 265.82 284.541
26 265.819 281.623
27 262.468 279.746
28 258.414 277.114
29 254.268 274.046
30 248.242 272.127
31 247.008 268.772
32 238.086 264.225
33 237.005 259.5
34 231.647 252.421
35 228.2 246.935
36 223.106 242.569
37 220.52 239.429
38 215.194 235.879
39 215.194 232.422
40 211.718 229.787
41 211.718 227.686
42 210.369 224.327
43 208.49 221.885
44 204.109 220.918
45 200.881 218.709
46 200.162 215.639
47 199.663 213.16
48 198.568 210.265
49 197.756 207.908
50 196.919 206.853
51 192.649 206.18
52 192.39 204.626
53 191.821 203.357
54 188.021 201.15
55 188.021 198.705
56 186.731 196.801
57 185.777 195.068
58 184.828 193.325
59 183.809 192.23
60 181.979 190.57
61 181.296 189.484
62 179.66 188.154
63 178.397 186.929
64 177.814 185.636
65 175.554 184.174
66 172.498 182.322
67 172.44 181.509
68 170.916 179.775
69 166.054 178.581
70 165.995 176.986
71 165.252 175.935
72 164.633 174.59
73 162.543 172.31
74 161.758 170.062
75 161.128 168.751
76 157.865 166.956
77 157.649 165.623
78 157.018 164.654
79 156.399 163.959
80 155.288 162.772
81 154.658 161.677
82 153.418 160.002
83 150.104 158.849
84 148.064 157.678
85 148.064 156.389
86 146.823 154.915
87 146.19 153.287
88 144.68 152.348
89 142.614 150.851
90 142.614 149.922
91 141.372 148.792
92 140.131 147.81
93 139.357 147.104
94 137.923 146.395
95 137.451 144.679
96 136.694 143.382
97 136.254 142.639
98 135.724 141.258
99 135.253 140.676
100 134.771 139.912
101 134.071 139.991
102 133.879 138.821
103 133.286 138.832
104 132.929 139.066
105 132.065 139.177
106 131.58 138.328
107 130.795 137.407
108 127.833 136.895
109 127.409 136.091
110 127.409 135.073
111 125.5 134.145
112 124.831 132.728
113 124.407 132.148
114 124.407 131.639
115 124.407 130.441
116 124.023 130.18
117 123.697 129.463
118 122.558 129.396
119 122.501 128.486
120 121.131 127.554
121 120.371 127.231
122 119.953 126.913
123 119.896 126.515
124 119.49 125.88
125 119.09 124.424
126 118.47 124.234
127 118.052 123.575
128 116.804 122.597
129 116.386 121.979
130 116.386 121.49
131 116.301 120.92
132 116.207 120.987
133 115.789 120.475
134 115.681 119.856
135 115.16 119.361
136 115.16 119.138
137 114.056 119.281
138 114.056 119.062
139 114.056 118.162
140 113.623 117.944
141 113.46 117.6
142 112.518 118.011
143 112.518 117.54
144 112.335 117.912
145 111.464 117.872
146 111.464 116.929
147 110.381 116.505
148 110.381 115.754
149 110.381 115.483
150 109.746 115.486
151 109.746 115.237
152 109.746 115.195
153 109.746 116.24
154 109.527 118.163
155 109.349 119.304
156 109.349 119.133
157 108.978 119.749
158 108.978 119.677
159 108.794 119.365
160 108.731 119.026
161 107.253 119.14
162 107.253 119.461
163 107.253 119.595
164 107.119 119.297
165 107.119 118.864
166 107.119 117.692
167 107.119 116.464
168 107.119 115.666
169 106.308 114.788
170 106.308 113.478
171 105.905 111.638
172 105.233 110.77
173 105.233 110.901
174 104.83 110.172
175 104.032 109.701
176 103.907 109.088
177 103.399 108.618
178 103.124 108.149
179 102.967 107.765
180 102.184 107.484
181 101.612 106.593
182 101.552 106.459
183 101.552 105.928
184 101.049 105.675
185 100.922 105.612
186 100.922 105.311
187 99.8118 105.057
188 99.8063 104.74
189 99.3092 104.671
190 99.15 103.449
191 98.6474 103.551
192 98.6419 103.626
193 98.2983 102.342
194 98.2983 101.675
195 97.9737 100.917
196 97.6301 101.431
197 97.6246 101.41
198 97.6246 101.344
199 97.5997 100.682
200 97.5942 101.015
201 97.5942 100.304
202 97.1842 100.288
203 96.2828 99.5858
204 96.2255 99.8253
205 95.5873 100.016
206 95.2527 99.9469
207 94.6145 99.8551
208 94.6145 99.3839
209 94.5571 98.5475
210 94.2807 98.3363
211 93.4233 98.1163
212 92.7888 97.876
213 92.751 98.7241
214 92.516 99.7898
215 92.516 99.6398
216 92.516 100.39
217 92.516 101.56
218 92.516 101.738
219 91.9572 103.242
220 91.9572 103.005
221 91.9572 102.659
222 91.9572 101.617
223 91.7674 100.19
224 91.7674 98.3926
225 91.7476 98.0509
226 91.7476 96.7706
227 91.5548 96.7199
228 91.4608 96.0575
229 91.4289 96.5303
230 91.1978 96.0711
231 91.0021 95.5287
232 90.8091 95.0297
233 90.0222 95.5537
234 90.0222 95.0424
235 89.1103 95.5536
236 88.9758 95.631
237 88.9758 94.4848
238 88.9758 94.1665
239 88.6734 93.9629
240 88.6734 93.4444
241 88.3382 92.406
242 88.3382 92.2625
243 88.3382 92.1689
244 88.3382 91.7993
245 87.906 91.8604
246 87.906 92.1344
247 87.906 91.582
248 87.5708 91.4259
249 87.5131 91.285
250 87.1958 91.2446
251 86.8213 90.8858
252 86.8213 90.4787
253 86.429 90.7555
254 86.2621 91.015
255 85.8382 90.97
256 85.1566 90.7895
257 84.8214 90.4804
258 84.8214 90.6692
259 84.5337 90.1511
260 83.839 89.5313
261 83.6513 88.5181
262 83.316 88.7075
263 83.316 87.3823
264 83.0283 87.3113
265 83.0283 87.4348
266 83.0283 87.498
267 83.0283 87.498
268 82.8863 87.0545
269 82.806 87.9063
270 82.1242 88.1638
271 81.9019 87.4689
272 81.9019 87.5493
273 81.9019 87.226
274 81.9019 86.9212
275 81.9019 86.2728
276 81.474 85.7769
277 81.474 85.4787
278 81.474 85.5332
279 81.474 85.2348
280 81.474 84.7698
281 81.474 85.5138
282 81.4518 85.6695
283 81.4518 85.109
284 81.0396 84.7306
285 81.0396 83.964
286 80.1589 84.1312
287 80.1589 83.607
288 80.1589 83.7653
289 80.1589 83.245
290 80.1589 82.8135
291 79.8884 82.2489
292 79.2844 82.7374
293 79.2844 82.8193
294 79.2174 82.7746
295 79.2174 82.6197
296 79.1325 83.1188
297 79.1325 82.6742
298 79.1325 83.114
299 79.1325 83.0662
300 79.1325 82.6973
301 79.1325 82.8156
302 79.1325 83.5465
303 79.1325 84.002
304 79.1325 85.0505
305 79.1325 86.0837
306 79.1325 86.9515
307 79.1325 87.8311
308 79.1325 89.5257
309 79.1325 89.1035
310 79.1325 89.0079
311 79.1325 88.0679
312 78.8994 87.4526
313 78.8994 85.9286
314 78.8994 84.5628
315 78.8994 83.1826
316 78.5522 82.1057
317 78.5522 81.8046
318 78.5522 82.1641
319 78.5522 81.9779
320 77.697 82.1
321 77.697 81.525
322 77.697 81.0147
323 77.697 79.9003
324 77.3263 79.6854
325 77.3263 79.5615
326 77.3263 79.7127
327 77.0564 80.8932
328 77.0564 80.0631
329 77.0564 80.0625
330 77.0564 80.7185
331 77.0564 80.8037
332 76.6383 80.6445
333 76.6383 79.7511
334 76.6383 79.7434
335 76.6383 79.4898
336 76.6383 79.6216
337 76.554 79.4973
338 76.2841 80.0296
339 76.2841 79.4822
340 76.2841 79.9053
341 76.2841 79.1611
342 76.2841 78.5308
343 75.6117 78.911
344 75.6117 79.1607
345 75.5803 79.0661
346 75.0558 79.5238
347 75.0558 79.9404
348 74.0707 79.947
349 74.0707 79.0306
350 74.0707 78.9632
351 74.0707 78.108
352 74.0707 78.1924
353 74.0707 78.302
354 74.0707 76.9028
355 74.0707 77.3674
356 74.0707 76.9112
357 74.0707 77.2331
358 74.0707 76.2795
359 73.8145 76.2652
360 73.8145 76.5708
361 73.8145 76.4813
362 73.8145 77.1248
363 73.8145 76.566
364 73.8145 76.3842
365 73.8145 76.6696
366 73.8145 76.4171
367 73.8145 76.5012
368 73.8145 76.6819
369 73.8145 76.8282
370 73.445 76.312
371 73.445 75.9505
372 73.445 76.5148
373 73.3992 76.16
374 73.3992 76.1271
375 73.3992 76.3732
376 73.3811 76.3674
377 73.3811 76.5023
378 73.1851 76.4588
379 73.167 76.5687
380 73.167 75.6065
381 73.167 75.011
382 73.167 75.2904
383 73.167 75.8335
384 73.167 76.5025
385 73.167 76.3835
386 73.167 75.8472
387 73.167 75.62
388 73.167 74.9019
389 73.167 75.6827
390 73.167 76.2796
391 73.1094 76.617
392 73.1094 76.1921
393 73.1094 76.2147
394 72.9974 75.8433
395 72.7557 75.6167
396 72.698 75.77
397 72.698 76.2072
398 72.698 75.9382
399 72.698 76.0066
400 72.698 76.0176
401 72.698 75.9684
402 72.698 75.5037
403 72.698 74.8958
404 72.698 74.9019
405 72.698 74.7114
406 72.698 75.1144
407 72.698 74.5457
408 72.698 75.119
409 72.698 75.5355
410 72.698 75.0755
411 72.698 75.006
412 72.698 75.3649
413 72.698 75.6342
414 72.698 75.8161
415 72.698 75.6371
416 72.698 75.7533
417 72.698 75.7789
418 72.698 75.9575
419 72.698 76.0465
420 72.698 75.782
421 72.698 75.8469
422 72.698 76.0139
423 72.698 76.0403
424 72.698 75.7213
425 72.698 76.3582
426 72.698 76.3174
427 72.698 76.2949
428 72.698 76.2621
429 72.4429 75.7288
430 71.9684 75.1155
431 71.9684 74.7854
432 71.9684 74.8631
433 71.9684 74.4072
434 71.9684 74.1909
435 71.9684 74.3182
436 71.9684 75.2267
437 71.9684 74.8169
438 71.9684 74.195
439 71.9684 74.516
440 71.9684 74.0587
441 71.9684 74.3684
442 71.9684 74.743
443 71.9684 74.549
444 71.9684 74.4634
445 71.9684 74.2485
446 71.9455 74.6927
447 71.9455 74.1836
448 71.9455 74.2724
449 71.9455 74.2438
450 71.9455 73.9213
451 71.9455 73.8264
452 71.9455 73.8318
453 71.9455 74.5584
454 71.9455 74.6266
455 71.9455 75.3037
456 71.9455 74.8289
457 71.9455 74.4903
458 71.9455 74.7134
459 71.9455 74.755
460 71.9455 75.3623
461 71.9455 75.4712
462 71.9455 74.733
463 71.9455 74.2171
464 71.9455 74.5073
465 71.9455 74.9217
466 71.9455 74.7197
467 71.9455 74.9721
468 71.9455 75.1116
469 71.8823 74.8853
470 71.8823 74.7505
471 71.8823 74.1929
472 71.6557 74.5496
473 71.6557 74.243
474 71.6557 74.5611
475 71.6557 75.0502
476 71.6557 74.8335
477 71.6557 75.1255
478 71.6557 74.2277
479 71.6557 74.7116
480 71.6557 74.4032
481 71.5417 73.8412
482 71.5417 74.9519
483 71.5417 74.9103
484 71.5417 74.7238
485 71.5417 74.7639
486 71.5417 74.6401
487 71.5417 74.2725
488 71.5417 74.5764
489 71.5417 74.6145
490 71.5417 74.8191
491 71.5417 74.8511
492 71.5417 74.8269
493 71.5417 74.1574
494 71.5417 74.3103
495 71.5417 74.0365
496 71.5417 74.0172
497 71.5417 73.6943
498 71.5417 73.8379
499 71.5417 73.6057
500 71.5417 74.2229
501 71.4956 74.6236
502 71.4956 74.4242
503 71.4956 74.5048
504 71.4956 73.6119
505 71.4956 73.634
506 71.4956 73.3321
507 71.4956 74.2955
508 71.4956 73.7761
509 71.4956 73.745
510 71.4956 73.4488
511 71.4956 73.8646
512 71.4956 73.9682
513 71.3938 74.0756
514 71.3938 74.9355
515 71.3938 75.1906
516 71.3938 75.3472
517 71.3938 75.5619
518 71.3938 75.1887
519 71.1881 75.4636
520 71.1881 75.2642
521 71.1881 74.3392
522 71.1881 75.1408
523 71.1881 75.1225
524 71.1881 75.2862
525 71.1881 74.8365
526 71.1881 75.0312
527 71.1881 74.8575
528 71.1881 75.2282
529 71.1881 75.3382
530 70.9979 74.5987
531 70.9979 73.9521
532 70.9979 74.424
533 70.9979 74.0865
534 70.9979 74.2024
535 70.9979 73.8098
536 70.9979 74.0321
537 70.9979 73.9001
538 70.9979 73.8378
539 70.9979 73.4741
540 70.9979 73.4369
541 70.9979 73.2905
542 70.9979 73.4509
543 70.9979 73.3241
544 70.9979 73.7846
545 70.9979 73.3594
546 70.9979 74.0236
547 70.9979 74.0565
548 70.9869 73.7606
549 70.9869 73.4337
550 70.9869 73.5462
551 70.9869 74.2949
552 70.9869 73.4344
553 70.8878 73.9272
554 70.8878 74.0765
555 70.8878 74.425
556 70.8878 74.3799
557 70.8878 74.9764
558 70.5226 74.905
559 70.5226 74.932
560 70.4235 75.4692
561 70.4235 75.2876
562 70.0397 75.0528
563 70.0287 74.4426
564 70.0287 74.2316
565 69.9143 73.8803
566 69.9143 73.1099
567 69.8453 73.5314
568 69.7309 73.2578
569 69.7309 73.8037
570 69.7309 73.4946
571 69.7309 72.6526
572 69.7309 72.8313
573 69.7309 72.7342
574 69.7309 72.3884
575 69.555 72.8245
576 69.555 72.2442
577 69.555 72.7287
578 69.555 72.4033
579 69.555 71.942
580 69.555 72.1118
581 69.555 72.0644
582 69.555 72.0274
583 69.555 72.1459
584 69.555 72.0029
585 69.555 71.8325
586 69.555 72.4746
587 69.555 72.3308
588 69.555 72.2955
589 69.555 72.2557
590 69.555 72.5132
591 69.555 72.8633
592 69.555 72.7167
593 69.555 72.7837
594 69.555 72.5185
595 69.555 72.6269
596 69.555 72.6044
597 69.555 72.8936
598 69.555 72.5852
599 69.555 72.9176
600 69.555 72.8729
601 69.555 72.8861
602 69.555 72.4251
603 69.555 72.3964
604 69.555 72.5739
605 69.0767 72.3568
606 69.0767 72.0921
607 69.0767 72.2772
608 69.0767 72.2787
609 69.0767 72.1015
610 69.0767 71.9963
611 69.0767 73.3799
612 69.0767 75.3084
613 69.0767 76.3523
614 69.0767 78.0137
615 69.0767 78.0245
616 69.0767 77.9205
617 69.0767 76.3519
618 69.0767 75.2487
619 69.0767 73.944
620 69.0767 73.1845
621 69.0767 73.4118
622 69.0767 73.0133
623 69.0767 73.2058
624 69.0767 72.6185
625 69.0767 71.6896
626 69.0767 71.5684
627 69.0767 71.7583
628 69.0767 71.2758
629 68.7022 71.2022
630 68.7022 71.5813
631 68.7022 70.873
632 68.7022 70.992
633 68.7022 71.9997
634 68.7022 71.0454
635 68.7022 71.3673
636 68.7022 71.3132
637 68.7022 70.8769
638 68.7022 71.2826
639 68.7022 70.7906
640 68.7022 70.9354
641 68.7022 70.7865
642 68.7022 71.142
643 68.7022 71.1301
644 68.7022 71.6338
645 68.7022 71.7715
646 68.6601 71.5898
647 68.6601 71.8551
648 68.1677 70.9961
649 68.1677 71.0589
650 68.1677 71.2214
651 68.1677 72.0346
652 68.1677 72.1172
653 68.1677 71.126
654 68.1677 71.0319
655 68.1677 71.1267
656 68.1677 71.7782
657 68.1677 71.1243
658 68.1677 71.1685
659 68.1677 71.4262
660 68.1677 71.0651
661 68.1677 71.0811
662 68.1677 70.5306
663 68.1677 70.4153
664 68.1677 70.386
665 68.1677 71.1928
666 68.1677 71.3933
667 68.1677 70.9629
668 68.1677 71.453
669 68.1677 71.1669
670 68.1677 71.8524
671 68.1677 71.6954
672 68.1677 71.5967
673 68.1677 71.4051
674 68.1677 71.2566
675 68.0437 70.6877
676 68.0437 70.1634
677 68.0437 70.8617
678 68.0437 70.8022
679 68.0437 70.5673
680 68.0437 70.9194
681 67.8739 70.5214
682 67.8739 70.9361
683 67.8739 70.9915
684 67.8739 70.8853
685 67.8739 70.5322
686 67.8739 70.5149
687 67.8739 69.7555
688 67.8739 70.639
689 67.8739 70.3875
690 67.8739 70.6688
691 67.8739 70.8804
692 67.8739 70.9191
693 67.8739 70.2835
694 67.8739 70.088
695 67.8739 70.2878
696 67.8739 71.1234
697 67.8739 70.9643
698 67.8739 71.3571
699 67.8739 71.0912
700 67.8739 70.6457
701 67.8739 71.1494
702 67.8739 70.9515
703 67.8739 70.7015
704 67.8739 70.6916
705 67.8739 71.0986
706 67.8739 71.0424
707 67.8739 71.0913
708 67.8739 70.8349
709 67.8739 71.0686
710 67.8739 71.2956
711 67.8739 71.0993
712 67.8739 71.2562
713 67.8739 71.3593
714 67.8739 71.1852
715 67.8739 70.6533
716 67.8739 70.5485
717 67.8739 71.2683
718 67.8739 71.6649
719 67.8739 70.7133
720 67.8739 70.5242
721 67.8739 71.3273
722 67.8739 71.7791
723 67.8739 71.1246
724 67.8739 70.5037
725 67.8739 70.3633
726 67.8739 70.4604
727 67.8739 70.8472
728 67.8739 70.6865
729 67.8739 71.0454
730 67.8739 71.4243
731 67.8739 71.1685
732 67.8739 70.9126
733 67.8739 71.2349
734 67.8739 71.6758
735 67.8739 70.8032
736 67.8739 70.6772
737 67.8739 70.7277
738 67.8739 71.0624
739 67.8739 70.2667
740 67.8739 70.7424
741 67.8739 71.5672
742 67.8739 71.5228
743 67.8739 71.5521
744 67.8739 71.5719
745 67.8739 72.1655
746 67.8739 71.3198
747 67.8739 71.0233
748 67.8739 70.296
749 67.8739 70.0535
750 67.8739 71.3379
751 67.8739 71.2164
752 67.8739 70.8548
753 67.8739 70.2755
754 67.8739 71.0501
755 67.8739 70.7737
756 67.8739 70.6189
757 67.8739 70.2834
758 67.8739 70.7438
759 67.8739 70.6536
760 67.8739 70.6177
761 67.8739 71.3649
762 67.8739 71.2754
763 67.8739 71.719
764 67.8739 70.8821
765 67.8739 70.7301
766 67.8739 70.9441
767 67.8739 70.0676
768 67.8739 70.2881
769 67.8739 70.1582
770 67.8739 70.7579
771 67.8739 70.6007
772 67.8739 70.9347
773 67.8739 70.6734
774 67.8739 70.2974
775 67.8739 70.8718
776 67.8739 71.1057
777 67.8739 71.7373
778 67.8739 71.0951
779 67.8739 71.4106
780 67.8739 70.5206
781 67.8739 70.46
782 67.8739 70.1535
783 67.8739 70.7781
784 67.8739 70.6256
785 67.8739 70.8698
786 67.8739 70.8161
787 67.8739 70.8404
788 67.8739 71.0693
789 67.8739 71.3473
790 67.8739 70.9823
791 67.8739 71.2881
792 67.8739 70.4155
793 67.8739 70.3874
794 67.8739 70.7035
795 67.8739 69.9862
796 67.8739 70.3877
797 67.8739 70.2211
798 67.8739 70.3571
799 67.8739 70.2572
800 67.8739 70.4794
801 67.8739 70.3367
802 67.8739 70.2693
803 67.8739 70.8395
804 67.8739 71.0758
805 67.8739 70.8412
806 67.8739 70.6921
807 67.8739 70.5813
808 67.8739 70.4139
809 67.8739 70.9026
810 67.8739 71.3479
811 67.8739 71.073
812 67.8739 70.6955
813 67.8739 70.5834
814 67.8739 71.1442
815 67.8739 71.4498
816 67.8739 71.95
817 67.8739 71.3294
818 67.8739 71.036
819 67.8739 70.7859
820 67.8739 70.5619
821 67.8739 70.5835
822 67.8739 70.4693
823 67.8739 70.2919
824 67.8739 70.4049
825 67.8739 70.4799
826 67.8739 70.0585
827 67.8739 70.2049
828 67.8739 70.1885
829 67.8739 70.0707
830 67.8739 70.0997
831 67.8739 70.2508
832 67.8739 70.1496
833 67.8739 70.4699
834 67.8739 70.5213
835 67.8739 70.8234
836 67.8739 70.3025
837 67.8739 70.8109
838 67.8739 70.6428
839 67.8739 70.5507
840 67.8739 70.6544
841 67.8739 69.7592
842 67.8739 70.2753
843 67.8739 70.9189
844 67.8739 71.6058
845 67.8739 70.9859
846 67.8739 70.6193
847 67.8739 70.4045
848 67.8739 69.7615
849 67.8739 70.2415
850 67.8739 70.1953
851 67.8739 70.6644
852 67.8739 70.3411
853 67.8739 70.4129
854 67.8739 70.8752
855 67.8739 70.699
856 67.8739 70.2281
857 67.8739 71.0172
858 67.8739 71.2594
859 67.8739 71.7377
860 67.8739 71.7169
861 67.8739 70.865
862 67.8739 70.4598
863 67.8739 70.5114
864 67.8739 70.5919
865 67.8739 70.4484
866 67.8739 70.3773
867 67.8739 71.2758
868 67.8739 70.9616
869 67.8739 70.5968
870 67.8739 70.7509
871 67.8739 70.9709
872 67.8739 70.4296
873 67.8739 70.7507
874 67.8739 71.1453
875 67.8739 71.1762
876 67.8739 70.731
877 67.8739 70.6352
878 67.8739 70.736
879 67.8739 70.5804
880 67.8739 69.936
881 67.8739 69.8039
882 67.8739 70.2191
883 67.8739 70.6612
884 67.8739 71.2191
885 67.8739 71.022
886 67.8739 70.5888
887 67.8739 70.1125
888 67.8739 70.0713
889 67.8739 70.3174
890 67.8739 70.2425
891 67.8739 70.6996
892 67.8739 70.4049
893 67.8739 70.523
894 67.8739 70.6465
895 67.8739 70.9107
896 67.8739 70.8405
897 67.8739 70.4568
898 67.8739 70.3117
899 67.8739 70.549
900 67.8739 70.8724
901 67.8739 70.4346
902 67.8739 70.1717
903 67.8739 70.1432
904 67.8739 70.608
905 67.8739 70.8184
906 67.8739 70.1714
907 67.8739 70.3479
908 67.8739 70.5329
909 67.8739 70.8667
910 67.8739 70.4334
911 67.8739 70.0516
912 67.8739 70.4763
913 67.8739 70.1528
914 67.8739 70.6749
915 67.8739 70.6701
916 67.8739 70.1643
917 67.8739 70.8129
918 67.8739 70.7713
919 67.8739 71.2561
920 67.8739 71.4333
921 67.8739 70.7838
922 67.8739 70.6461
923 67.8739 70.9047
924 67.8739 70.5251
925 67.8739 70.4437
926 67.8739 70.2115
927 67.8739 69.4161
928 67.8739 70.2315
929 67.8739 70.3033
930 67.8739 70.4075
931 67.8739 70.365
932 67.8739 70.2059
933 67.8739 70.7218
934 67.8739 70.6772
935 67.8739 71.0101
936 67.8739 70.5218
937 67.8739 70.1521
938 67.8739 70.4041
939 67.8739 71.1749
940 67.8739 70.425
941 67.8739 70.4601
942 67.6836 71.3772
943 67.6836 70.8974
944 67.6836 70.6392
945 67.6836 71.1222
946 67.6836 70.3651
947 67.6836 70.0037
948 67.6836 70.0511
949 67.6836 69.9639
950 67.6836 70.5635
951 67.6836 70.734
952 67.6836 70.5866
953 67.6836 70.569
954 67.6836 70.5521
955 67.6836 70.4104
956 67.6836 70.9689
957 67.6836 71.0865
958 67.6836 71.4133
959 67.6836 70.5201
960 67.6836 70.7752
961 67.6836 70.7801
962 67.6836 71.7326
963 67.6836 70.7447
964 67.6836 70.6851
965 67.6836 70.566
966 67.6836 70.4298
967 67.6836 69.753
968 67.6836 69.8234
969 67.6836 70.8776
970 67.6836 70.7333
971 67.6836 70.331
972 67.6836 71.3373
973 67.6836 70.6568
974 67.6836 70.7678
975 67.6836 70.8457
976 67.6836 70.742
977 67.6836 71.0023
978 67.6836 70.0301
979 67.6836 70.3833
980 67.6836 70.8536
981 67.6836 70.5042
982 67.6836 69.8325
983 67.6836 69.6476
984 67.6836 70.0284
985 67.6836 70.1658
986 67.6836 69.9518
987 67.6836 70.5718
988 67.6836 71.0603
989 67.6836 70.669
990 67.6836 70.4869
991 67.6836 70.6137
992 67.6836 70.481
993 67.6836 71.0627
994 67.6836 70.6054
995 67.6836 70.3706
996 67.6836 70.7207
997 67.6836 71.2043
998 67.6823 71.4758
999 67.6823 71.1599
1000 67.6823 70.4881
1001 67.6823 70.3937
1002 67.6823 70.869
1003 67.6823 70.094
1004 67.6823 70.9195
1005 67.6823 70.8646
1006 67.6823 70.2201
1007 67.6823 70.4957
1008 67.6823 71.163
1009 67.6823 71.0039
1010 67.6823 70.9965
1011 67.6823 71.2447
1012 67.6823 70.2524
1013 67.6823 70.3726
1014 67.6823 70.6433
1015 67.6823 70.3465
1016 67.6823 71.1478
1017 67.6823 71
1018 67.6823 70.8414
1019 67.6823 70.491
1020 67.6823 70.5016
1021 67.6823 70.5301
1022 67.6823 70.7906
1023 67.6823 70.5871
1024 67.6823 70.1135
1025 67.6823 69.4719
1026 67.6823 69.6829
1027 67.6823 70.1963
1028 67.6823 71.4509
1029 67.6823 71.3391
1030 67.6823 70.8867
1031 67.6823 72.0306
1032 67.6823 71.1546
1033 67.6823 71.0248
1034 67.6823 70.9341
1035 67.6823 70.2011
1036 67.6823 70.5316
1037 67.6823 70.6724
1038 67.6823 71.2643
1039 67.6823 71.1307
1040 67.6823 71.2436
1041 67.6823 70.7362
1042 67.6823 70.3713
1043 67.6823 70.7274
1044 67.6823 69.7846
1045 67.6823 69.561
1046 67.6823 69.4177
1047 67.6823 69.822
1048 67.6823 69.7597
1049 67.6823 70.2306
1050 67.6823 70.814
1051 67.6823 70.4075
1052 67.6823 70.7895
1053 67.6823 70.3268
1054 67.6823 69.971
1055 67.6823 70.6917
1056 67.6823 70.6036
1057 67.6823 70.496
1058 67.6823 70.4436
1059 67.6823 71.0278
1060 67.6823 69.9893
1061 67.6823 70.5478
1062 67.6823 70.1775
1063 67.6823 70.222
1064 67.6823 71.0478
1065 67.6823 70.2721
1066 67.6823 69.7586
1067 67.6823 70.0727
1068 67.6823 69.9168
1069 67.6823 70.6763
1070 67.6823 70.892
1071 67.6823 70.894
1072 67.6823 70.3186
1073 67.6823 70.7662
1074 67.6823 69.7771
1075 67.6823 69.4007
1076 67.6823 69.7361
1077 67.6823 70.6547
1078 67.6823 70.9482
1079 67.6823 70.3552
1080 67.6823 70.5297
1081 67.6823 70.5426
1082 67.6823 71.3722
1083 67.6823 71.6507
1084 67.6823 71.2053
1085 67.6823 70.8159
1086 67.6823 71.258
1087 67.6823 70.7315
1088 67.6823 71.0969
1089 67.6823 71.6612
1090 67.6823 71.6882
1091 67.6823 71.3047
1092 67.6823 70.8389
1093 67.6823 70.74
1094 67.6823 70.6022
1095 67.6823 70.5702
1096 67.6823 70.3822
1097 67.6823 70.4723
1098 67.6823 69.6152
1099 67.6823 69.5699
1100 67.6823 69.7127
1101 67.6823 70.4849
1102 67.6823 71.1676
1103 67.6823 70.6855
1104 67.6823 70.4973
1105 67.6823 70.1169
1106 67.6823 70.9256
1107 67.6219 70.4801
1108 67.6219 70.8936
1109 67.6219 71.0345
1110 67.6219 70.8863
1111 67.6219 71.1874
1112 67.6219 70.8627
1113 67.6219 70.6742
1114 67.6219 69.9311
1115 67.6219 71.1443
1116 67.6219 70.5659
1117 67.6219 70.3162
1118 67.6219 70.0409
1119 67.6219 70.7545
1120 67.6219 70.7247
1121 67.6219 70.9422
1122 67.6219 71.0326
1123 67.6219 71.3988
1124 67.6219 70.7239
1125 67.6219 70.9162
1126 67.6219 70.1569
1127 67.6219 70.3466
1128 67.6219 70.2994
1129 67.6219 70.6309
1130 67.6219 70.3271
1131 67.6219 70.0355
1132 67.6219 70.3626
1133 67.6219 70.0685
1134 67.6219 70.2407
1135 67.6219 69.7886
1136 67.6219 70.3288
1137 67.6219 70.6096
1138 67.6219 70.6412
1139 67.6219 71.3568
1140 67.6219 70.7437
1141 67.6219 70.5979
1142 67.6219 70.1801
1143 67.6219 70.1344
1144 67.6219 70.1302
1145 67.6219 69.8363
1146 67.6219 70.0736
1147 67.6219 70.4657
1148 67.6219 70.2123
1149 67.6219 70.0855
1150 67.6219 70.1687
1151 67.6219 70.2398
1152 67.6219 71.0342
1153 67.6219 70.8194
1154 67.6219 71.18
1155 67.6219 71.1852
1156 67.6219 70.7222
1157 67.6219 70.4141
1158 67.6219 70.2304
1159 67.6219 69.7032
1160 67.6219 69.9249
1161 67.6219 70.1098
1162 67.6219 70.0217
1163 67.6219 70.1382
1164 67.6219 70.1126
1165 67.6219 70.314
1166 67.6219 70.3441
1167 67.6219 70.9509
1168 67.6219 70.6356
1169 67.6219 70.8814
1170 67.6219 71.6551
1171 67.6219 71.6322
1172 67.6219 70.9819
1173 67.6219 71.1319
1174 67.6219 70.828
1175 67.6219 70.0411
1176 67.6219 70.5189
1177 67.6219 70.1132
1178 67.6219 70.0769
1179 67.6219 70.1723
1180 67.6219 70.4056
1181 67.6219 70.2405
1182 67.6219 70.5598
1183 67.6219 70.0551
1184 67.6219 70.5678
1185 67.6219 70.4011
1186 67.6219 70.3593
1187 67.6219 70.6819
1188 67.6219 70.0735
1189 67.6219 70.6085
1190 67.6219 71.6298
1191 67.6219 71.506
1192 67.6219 70.6817
1193 67.6219 70.2907
1194 67.6219 71.1163
1195 67.6219 71.106
1196 67.6219 70.9685
1197 67.6219 70.6341
1198 67.6219 70.6264
1199 67.6219 70.4473
1200 67.6219 71.3607
1201 67.6219 70.3963
1202 67.6219 69.9112
1203 67.6219 70.478
1204 67.6219 70.1303
1205 67.6219 70.2629
1206 67.6219 69.8242
1207 67.6219 69.7435
1208 67.6219 70.5365
1209 67.6219 70.7272
1210 67.6219 70.2353
1211 67.6219 71.3664
1212 67.6219 71.3014
1213 67.6219 70.785
1214 67.6219 71.619
1215 67.6219 70.9094
1216 67.6219 71.2232
1217 67.6219 72.1149
1218 67.6219 71.5486
1219 67.6219 71.4117
1220 67.6219 70.8959
1221 67.6219 70.616
1222 67.6219 70.9647
1223 67.6219 71.3898
1224 67.6219 70.855
1225 67.6219 70.3011
1226 67.6219 70.0506
1227 67.6219 69.7408
1228 67.6219 70.0325
1229 67.6219 70.4725
1230 67.6219 71.0952
1231 67.6219 71.4367
1232 67.6219 71.1422
1233 67.6219 70.6908
1234 67.6219 69.9771
1235 67.6219 70.5588
1236 67.6219 70.2308
1237 67.6219 69.8356
1238 67.6219 69.6964
1239 67.6219 70.3178
1240 67.6219 70.3679
1241 67.6219 69.8345
1242 67.6219 70.3918
1243 67.6219 70.362
1244 67.6219 70.4472
1245 67.6219 70.7556
1246 67.6219 71.0117
1247 67.6219 70.4585
1248 67.6219 70.3618
1249 67.6219 70.8083
1250 67.6219 70.2695
1251 67.6219 69.9015
1252 67.6219 70.3616
1253 67.6219 70.1365
1254 67.6219 70.304
1255 67.6219 70.5868
1256 67.6219 70.53
1257 67.6219 70.1246
1258 67.6219 70.8866
1259 67.6219 71.0275
1260 67.6219 71.2333
1261 67.6219 71.0477
1262 67.6219 71.1681
1263 67.6219 71.0912
1264 67.6219 70.4786
1265 67.6219 69.804
1266 67.6219 69.7194
1267 67.6219 70.081
1268 67.6219 70.5321
1269 67.6219 70.619
1270 67.6219 70.9129
1271 67.6219 70.6386
1272 67.6219 70.444
1273 67.6219 71.1285
1274 67.6219 71.813
1275 67.6219 70.5876
1276 67.6219 70.2715
1277 67.6219 70.2653
1278 67.6219 69.8643
1279 67.6219 70.3418
1280 67.6219 70.3345
1281 67.6219 71.0735
1282 67.6219 71.7577
1283 67.6219 71.9062
1284 67.6219 71.8187
1285 67.6219 71.0282
1286 67.6219 71.0914
1287 67.6219 71.1096
1288 67.6219 70.8642
1289 67.6219 70.7026
1290 67.6219 69.8636
1291 67.6219 70.0291
1292 67.6219 69.657
1293 67.6219 70.2923
1294 67.6219 71.3617
1295 67.6219 70.6157
1296 67.6219 70.7794
1297 67.6219 70.6419
1298 67.6219 71.1028
1299 67.6219 70.501
1300 67.6219 70.5981
1301 67.6219 71.3387
1302 67.6219 70.8631
1303 67.6219 71.0139
1304 67.6219 70.7455
1305 67.6219 70.6824
1306 67.6219 70.726
1307 67.6219 70.8453
1308 67.6219 70.7582
1309 67.6219 70.5755
1310 67.6219 70.2951
1311 67.6219 70.2157
1312 67.6219 70.61
1313 67.6219 70.9516
1314 67.6219 71.2839
1315 67.6219 70.382
1316 67.6219 70.3126
1317 67.6219 69.8998
1318 67.6219 70.0114
1319 67.6219 70.0117
1320 67.6219 70.5491
1321 67.6219 70.3341
1322 67.6219 70.4805
1323 67.6219 70.4448
1324 67.6219 69.7779
1325 67.6219 70.0936
1326 67.6219 70.0973
1327 67.6219 70.2702
1328 67.6219 70.2645
1329 67.6219 70.2801
1330 67.6219 69.3365
1331 67.6219 70.2406
1332 67.6219 70.4709
1333 67.6219 71.2589
1334 67.6219 70.6983
1335 67.6219 70.536
1336 67.6219 70.7079
1337 67.6219 70.5719
1338 67.6219 70.2608
1339 67.6219 70.1181
1340 67.6219 70.0675
1341 67.6219 70.2409
1342 67.6219 70.0616
1343 67.6219 70.1396
1344 67.6219 70.695
1345 67.6219 70.6798
1346 67.6219 70.841
1347 67.6219 70.999
1348 67.6219 71.2419
1349 67.6219 70.7689
1350 67.4774 70.2213
1351 67.4774 70.4383
1352 67.4774 70.6888
1353 67.4774 71.4681
1354 67.4774 70.4114
1355 67.4774 70.3253
1356 67.4774 70.7362
1357 66.788 71.1292
1358 66.788 71.276
1359 66.788 70.7459
1360 66.788 70.6253
1361 66.788 70.1353
1362 66.788 69.7242
1363 66.788 69.5885
1364 66.788 69.6415
1365 66.788 70.1219
1366 66.788 70.0656
1367 66.788 71.0228
1368 66.788 72.375
1369 66.788 74.2087
1370 66.788 75.1487
1371 66.788 77.3143
1372 66.788 77.1103
1373 66.788 76.3611
1374 66.788 76.4963
1375 66.788 75.5431
1376 66.788 74.8661
1377 66.788 74.4207
1378 66.788 74.1463
1379 66.788 72.3926
1380 66.788 71.2188
1381 66.788 70.3356
1382 66.788 69.468
1383 66.788 69.0922
1384 66.788 69.789
1385 66.788 69.7227
1386 66.788 69.7842
1387 66.788 70.1264
1388 66.788 69.7064
1389 66.788 69.5354
1390 66.788 70.9113
1391 66.788 70.5774
1392 66.788 69.4397
1393 66.788 69.5598
1394 66.788 69.9298
1395 66.788 70.3846
1396 66.788 70.2402
1397 66.788 69.9364
1398 66.788 69.7175
1399 66.788 69.7308
1400 66.788 69.7462
1401 66.788 69.8368
1402 66.788 69.3377
1403 66.788 69.8009
1404 66.788 70.1769
1405 66.788 69.7839
1406 66.788 69.1648
1407 66.788 68.9074
1408 66.788 69.9792
1409 66.788 70.6748
1410 66.788 69.3402
1411 66.788 69.3242
1412 66.788 69.6831
1413 66.788 69.7301
1414 66.788 69.7555
1415 66.788 69.3136
1416 66.788 69.2146
1417 66.788 68.9952
1418 66.788 69.4351
1419 66.788 69.3045
1420 66.788 69.496
1421 66.788 69.1288
1422 66.788 68.9949
1423 66.788 69.6594
1424 66.788 68.7659
1425 66.788 68.5571
1426 66.788 68.9443
1427 66.788 68.4623
1428 66.788 68.9478
1429 66.788 69.0266
1430 66.788 69.3483
1431 66.788 69.8935
1432 66.788 69.6525
1433 66.788 69.0622
1434 66.788 69.761
1435 66.788 69.7157
1436 66.788 69.5972
1437 66.788 69.5151
1438 66.788 69.4959
1439 66.788 69.8295
1440 66.788 70.1733
1441 66.788 70.415
1442 66.788 69.9754
1443 66.788 69.8843
1444 66.788 69.3665
1445 66.788 69.174
1446 66.788 70.4121
1447 66.788 69.617
1448 66.788 69.8303
1449 66.788 69.1426
1450 66.788 68.5854
1451 66.788 69.0945
1452 66.788 69.9912
1453 66.788 70.2892
1454 66.788 70.086
1455 66.788 70.7901
1456 66.788 70.4673
1457 66.788 70.5622
1458 66.788 69.7851
1459 66.788 69.7538
1460 66.788 69.9433
1461 66.788 70.6365
1462 66.788 70.1719
1463 66.788 70.2455
1464 66.788 70.4853
1465 66.788 70.8222
1466 66.788 70.4079
1467 66.788 70.0341
1468 66.788 69.6727
1469 66.788 69.2278
1470 66.788 69.4279
1471 66.788 69.4585
1472 66.788 69.6034
1473 66.788 69.3124
1474 66.788 69.2676
1475 66.788 69.3564
1476 66.788 69.1011
1477 66.788 69.1873
1478 66.788 69.2603
1479 66.788 69.9085
1480 66.788 70.2295
1481 66.788 69.2158
1482 66.788 68.7395
1483 66.788 68.9797
1484 66.788 69.4678
1485 66.788 69.0457
1486 66.788 68.8386
1487 66.788 68.7546
1488 66.788 68.675
1489 66.788 69.4601
1490 66.788 69.6717
1491 66.788 69.8511
1492 66.788 69.7751
1493 66.788 70.1228
1494 66.788 70.8483
1495 66.788 70.5013
1496 66.788 69.8932
1497 66.788 69.8939
1498 66.788 69.7302
1499 66.788 69.8503
1500 66.788 69.848
1501 66.788 70.8086
1502 66.788 69.8827
1503 66.788 70.4551
1504 66.788 71.0031
1505 66.788 70.2743
1506 66.788 70.3158
1507 66.788 70.0998
1508 66.788 69.9116
1509 66.788 70.2613
1510 66.788 70.379
1511 66.788 70.4404
1512 66.788 69.8595
1513 66.788 69.6485
1514 66.788 69.5649
1515 66.788 69.1842
1516 66.788 69.3576
1517 66.788 70.4557
1518 66.788 70.1187
1519 66.788 70.0988
1520 66.788 69.7921
1521 66.788 70.1767
1522 66.788 69.7671
1523 66.788 70.3115
1524 66.788 70.1272
1525 66.788 70.0291
1526 66.788 69.3871
1527 66.788 68.6695
1528 66.788 69.3311
1529 66.788 70.0443
1530 66.788 70.156
1531 66.788 69.9285
1532 66.788 70.0367
1533 66.788 69.8053
1534 66.788 70.0887
1535 66.788 69.7197
1536 66.788 70.2834
1537 66.788 69.7693
1538 66.788 69.3846
1539 66.788 69.4597
1540 66.788 68.8878
1541 66.788 68.8205
1542 66.788 69.0873
1543 66.788 69.661
1544 66.788 69.682
1545 66.788 69.7064
1546 66.788 69.24
1547 66.788 69.5728
1548 66.788 69.8464
1549 66.788 69.6576
1550 66.788 70.3626
1551 66.788 69.8639
1552 66.788 70.0396
1553 66.788 70.0005
1554 66.788 69.7361
1555 66.788 69.6582
1556 66.788 69.0595
1557 66.788 69.0464
1558 66.788 70.2395
1559 66.788 69.8507
1560 66.788 69.6254
1561 66.788 70.1659
1562 66.788 69.2849
1563 66.788 69.3741
1564 66.788 69.6815
1565 66.788 69.5676
1566 66.788 69.2238
1567 66.788 70.0951
1568 66.788 69.5964
1569 66.788 69.3867
1570 66.788 70.1338
1571 66.788 69.5364
1572 66.788 69.6892
1573 66.788 69.3122
1574 66.788 69.5604
1575 66.788 69.2783
1576 66.788 68.9867
1577 66.788 69.6873
1578 66.788 69.9382
1579 66.788 69.7482
1580 66.788 70.5112
1581 66.788 70.5517
1582 66.788 70.2883
1583 66.788 70.0556
1584 66.788 69.2883
1585 66.788 69.815
1586 66.788 69.7102
1587 66.788 69.4528
1588 66.788 69.0848
1589 66.788 69.1488
1590 66.788 68.6372
1591 66.788 68.5203
1592 66.788 68.9502
1593 66.788 68.8303
1594 66.788 68.8635
1595 66.788 69.1588
1596 66.788 68.9835
1597 66.788 69.2737
1598 66.788 69.2859
1599 66.788 69.761
1600 66.788 69.5701
1601 66.788 69.2135
1602 66.788 69.2689
1603 66.788 68.6896
1604 66.788 68.9708
1605 66.788 69.3777
1606 66.788 69.6111
1607 66.788 69.7922
1608 66.788 69.6957
1609 66.788 69.7291
1610 66.788 69.8915
1611 66.788 70.607
1612 66.788 70.2712
1613 66.788 69.7156
1614 66.788 69.4372
1615 66.788 70.1119
1616 66.788 69.3703
1617 66.788 69.3584
1618 66.788 68.6161
1619 66.788 68.6824
1620 66.788 69.1346
1621 66.788 69.1584
1622 66.788 69.4949
1623 66.788 69.5214
1624 66.788 68.9771
1625 66.7278 69.4891
1626 66.7278 69.0746
1627 66.7278 69.3684
1628 66.7278 69.7075
1629 66.7278 69.8253
1630 66.7278 70.3353
1631 66.7278 70.0294
1632 66.7278 69.8796
1633 66.7278 69.1242
1634 66.7278 68.9999
1635 66.7278 69.4112
1636 66.7278 69.1135
1637 66.7278 69.9631
1638 66.7278 69.7455
1639 66.7278 69.455
1640 66.7278 69.1685
1641 66.7278 68.908
1642 66.7278 69.0828
1643 66.7278 69.5112
1644 66.7278 69.2993
1645 66.7278 69.7125
1646 66.7278 69.52
1647 66.7278 68.9973
1648 66.7278 69.1806
1649 66.7278 69.4264
1650 66.7278 69.4144
1651 66.7278 69.2942
1652 66.7278 69.7712
1653 66.7278 70.1308
1654 66.7278 69.7394
1655 66.7278 69.6224
1656 66.7278 69.4341
1657 66.7278 69.109
1658 66.7278 68.6015
1659 66.7278 68.8404
1660 66.7278 68.874
1661 66.7278 69.6034
1662 66.7278 70.6589
1663 66.7278 70.0828
1664 66.7278 69.8702
1665 66.7278 69.826
1666 66.7278 69.7868
1667 66.7278 69.491
1668 66.7278 69.5241
1669 66.7278 69.7548
1670 66.7278 69.6245
1671 66.7278 69.8418
1672 66.7278 70.0882
1673 66.7278 70.4078
1674 66.7278 69.5164
1675 66.7278 70.1641
1676 66.7278 70.4827
1677 66.7278 70.3077
1678 66.7278 69.663
1679 66.7278 70.0106
1680 66.7278 70.131
1681 66.7278 70.1827
1682 66.7278 69.8422
1683 66.7278 69.8479
1684 66.7278 70.3242
1685 66.7278 70.12
1686 66.7278 70.1289
1687 66.7278 69.7766
1688 66.7278 70.162
1689 66.7278 69.748
1690 66.7278 70.046
1691 66.7278 69.7085
1692 66.7278 69.8617
1693 66.7278 69.9075
1694 66.7278 69.798
1695 66.7278 69.6056
1696 66.7278 69.465
1697 66.7278 69.8219
1698 66.7278 69.0715
1699 66.7278 69.2854
1700 66.7278 69.8683
1701 66.7278 69.8857
1702 66.7278 70.4204
1703 66.7278 70.4683
1704 66.7278 70.1099
1705 66.7278 70.0839
1706 66.7278 70.25
1707 66.7278 69.8328
1708 66.7278 69.7848
1709 66.7278 69.801
1710 66.7278 69.4297
1711 66.7278 69.5899
1712 66.7278 69.6316
1713 66.7278 69.6879
1714 66.7278 69.4385
1715 66.7278 69.576
1716 66.7278 69.9409
1717 66.7278 69.6217
1718 66.7278 69.7637
1719 66.7278 69.8894
1720 66.7278 69.6575
1721 66.7278 69.7765
1722 66.7278 69.1683
1723 66.7278 69.7762
1724 66.7278 69.605
1725 66.7278 69.5125
1726 66.7278 69.9027
1727 66.7278 69.6607
1728 66.7278 69.0775
1729 66.7278 69.2137
1730 66.7278 68.3878
1731 66.7278 68.7573
1732 66.7278 69.0816
1733 66.7278 69.0535
1734 66.7278 69.0361
1735 66.7278 69.3698
1736 66.7278 68.9244
1737 66.7278 69.1264
1738 66.7278 69.2622
1739 66.7278 69.2787
1740 66.7278 69.6296
1741 66.7278 69.315
1742 66.7278 69.5735
1743 66.7278 69.8505
1744 66.7278 69.576
1745 66.7278 69.556
1746 66.7278 69.1626
1747 66.7278 69.0612
1748 66.7278 68.8495
1749 66.7278 69.4671
1750 66.7278 70.0152
1751 66.7278 69.6442
1752 66.7278 69.5292
1753 66.7278 69.7646
1754 66.7278 69.549
1755 66.7278 69.5181
1756 66.7278 70.3842
1757 66.7278 70.1093
1758 66.7278 69.9826
1759 66.7278 69.902
1760 66.7278 70.6569
1761 66.7278 70.1835
1762 66.7278 70.4198
1763 66.7278 70.4023
1764 66.7278 70.3566
1765 66.7278 69.9591
1766 66.7278 70.0626
1767 66.7278 69.6543
1768 66.7278 69.4006
1769 66.7278 69.5295
1770 66.7278 69.6048
1771 66.7278 69.6657
1772 66.7278 69.5782
1773 66.7278 70.334
1774 66.7278 69.8425
1775 66.7278 70.2357
1776 66.7278 70.0301
1777 66.7278 70.5333
1778 66.7278 70.0493
1779 66.7278 69.5113
1780 66.7278 69.5987
1781 66.7278 70.0999
1782 66.7278 69.3765
1783 66.7278 69.536
1784 66.7278 69.6613
1785 66.7278 69.7005
1786 66.7278 69.3999
1787 66.7278 69.49
1788 66.7278 69.6206
1789 66.7278 69.2134
1790 66.7278 69.0349
1791 66.7278 69.1667
1792 66.7278 69.0143
1793 66.7278 69.4601
1794 66.7278 69.2955
1795 66.7278 69.0358
1796 66.7278 69.4545
1797 66.7278 70.0577
1798 66.7278 70.6428
1799 66.7278 70.1542
1800 66.7278 70.2983
1801 66.7278 69.9981
1802 66.7278 69.6364
1803 66.7278 69.6918
1804 66.7278 68.9866
1805 66.7278 69.3338
1806 66.7278 69.3498
1807 66.7278 69.2575
1808 66.7278 69.8568
1809 66.7278 69.9626
1810 66.7278 69.6964
1811 66.7278 69.0443
1812 66.7278 69.0226
1813 66.7278 69.6502
1814 66.7278 70.0139
1815 66.7278 70.0647
1816 66.7278 69.8879
1817 66.7278 70.4378
1818 66.7278 70.2588
1819 66.7278 70.0487
1820 66.7278 69.7458
1821 66.7278 69.5841
1822 66.7278 69.0181
1823 66.7278 69.3507
1824 66.7278 70.0555
1825 66.7278 69.856
1826 66.7278 69.7342
1827 66.7278 69.7046
1828 66.7278 69.2363
1829 66.7278 68.9991
1830 66.7278 69.8051
1831 66.7278 69.7143
1832 66.7278 69.7961
1833 66.7278 69.425
1834 66.7278 69.1822
1835 66.7278 69.8105
1836 66.7278 69.2627
1837 66.7278 69.5787
1838 66.7278 69.8121
1839 66.7278 69.5706
1840 66.7278 69.9494
1841 66.7278 69.8774
1842 66.7278 69.7966
1843 66.7278 69.8101
1844 66.7278 69.8574
1845 66.7278 69.8893
1846 66.7278 69.7971
1847 66.7278 69.8145
1848 66.7278 69.5344
1849 66.7278 69.671
1850 66.7278 69.6926
1851 66.7278 69.1939
1852 66.7278 69.9255
1853 66.7278 69.7501
1854 66.7278 69.4307
1855 66.7278 69.5456
1856 66.7278 69.22
1857 66.7278 69.3672
1858 66.7278 68.8786
1859 66.7278 68.8593
1860 66.7278 69.1992
1861 66.7278 69.2232
1862 66.7278 69.2932
1863 66.7278 69.1736
1864 66.7278 69.4438
1865 66.7278 69.5436
1866 66.7278 69.8907
1867 66.7278 69.1312
1868 66.7278 68.786
1869 66.7278 69.2682
1870 66.7278 68.6637
1871 66.7278 68.778
1872 66.7278 69.0103
1873 66.7278 68.7843
1874 66.7278 69.2915
1875 66.7278 69.862
1876 66.7278 69.792
1877 66.7278 69.839
1878 66.7278 69.4906
1879 66.7278 68.9587
1880 66.7278 69.3043
1881 66.7278 69.389
1882 66.7278 69.2289
1883 66.7278 69.2996
1884 66.7278 69.1507
1885 66.7278 69.0539
1886 66.7278 69.1382
1887 66.7278 69.2459
1888 66.7278 69.505
1889 66.7278 69.6742
1890 66.7278 70.2292
1891 66.7278 70.1869
1892 66.7278 70.4276
1893 66.7278 70.2761
1894 66.7278 70.6035
1895 66.7278 70.534
1896 66.7278 69.6434
1897 66.7278 70.0436
1898 66.7278 70.4733
1899 66.7278 70.5175
1900 66.7278 70.7739
1901 66.7278 70.0201
1902 66.7278 70.0397
1903 66.7278 70.2864
1904 66.7278 70.3215
1905 66.7278 70.2654
1906 66.7278 69.581
1907 66.7278 69.5298
1908 66.7278 69.2892
1909 66.7278 69.0523
1910 66.7278 69.5352
1911 66.7278 69.4817
1912 66.7278 69.4881
1913 66.7278 70.2472
1914 66.7278 69.682
1915 66.7278 70.1481
1916 66.7278 69.7806
1917 66.7278 69.5815
1918 66.7278 69.3302
1919 66.7278 69.9818
1920 66.7278 69.5253
1921 66.7278 69.3439
1922 66.7278 69.2672
1923 66.7278 69.3374
1924 66.7278 69.4557
1925 66.7278 69.2714
1926 66.7278 69.5275
1927 66.7278 70.0216
1928 66.7278 69.3043
1929 66.7278 69.2027
1930 66.7278 69.1177
1931 66.7278 69.2533
1932 66.7278 68.995
1933 66.7278 69.2693
1934 66.7278 69.7222
1935 66.7278 70.1147
1936 66.7278 69.0894
1937 66.7278 69.0864
1938 66.7278 69.4211
1939 66.7278 69.4666
1940 66.7278 69.9197
1941 66.7278 70.5094
1942 66.7278 69.9553
1943 66.7278 70.05
1944 66.7278 70.322
1945 66.7278 70.0786
1946 66.7278 69.9055
1947 66.7278 70.2369
1948 66.7278 70.2149
1949 66.7278 70.0022
1950 66.7278 70.2333
1951 66.7278 70.5097
1952 66.7278 70.2965
1953 66.7278 70.561
1954 66.7278 70.8578
1955 66.7278 70.8023
1956 66.7278 70.349
1957 66.7278 69.5995
1958 66.7278 69.3372
1959 66.7278 69.0309
1960 66.7278 69.4672
1961 66.7278 69.2046
1962 66.7278 69.5014
1963 66.7278 68.9465
1964 66.7278 69.621
1965 66.7278 69.8562
1966 66.7278 69.9679
1967 66.7278 70.2298
1968 66.7278 70.2778
1969 66.7278 70.1737
1970 66.7278 70.4649
1971 66.7278 69.6998
1972 66.7278 69.3549
1973 66.7278 69.6722
1974 66.7278 69.7098
1975 66.7278 69.3382
1976 66.7278 69.2735
1977 66.7278 68.7644
1978 66.7278 68.4992
1979 66.7278 69.1836
1980 66.7278 68.9892
1981 66.7278 69.8091
1982 66.7278 70.1436
1983 66.7278 69.9097
1984 66.7278 69.6342
1985 66.7278 69.4736
1986 66.7278 69.4713
1987 66.7278 69.2404
1988 66.7278 69.3145
1989 66.7278 69.4186
1990 66.7278 69.6657
1991 66.7278 69.3447
1992 66.7278 69.0989
1993 66.7278 69.0928
1994 66.7278 69.6409
1995 66.7278 69.7238
1996 66.7278 68.9792
1997 66.7278 69.275
1998 66.7278 69.9989
1999 66.7278 70.6771
2000 66.7278 70.1649
