Chi_2
85.14
98.9
87.92
105.1
137.16
85.74
99.54
95.92
121.64
93.22
79.1
85.02
90.42
99.06
121.22
99.92
88.56
102.92
120.98
86.22
116.78
123.8
92.56
98.02
102.34
92.34
103.16
79.44
123.34
88.9
90.88
106.58
94.46
101.5
85.52
105
133.22
96.64
95.16
102.76
107.68
113.9
115.6
113.24
109.42
115.5
104.76
106.86
92.06
132.08
100.28
105.66
99.08
81.88
102.14
88.8
94.56
91.84
108.66
120.68
85.96
85.92
86.64
94
88.9
107.42
102.5
113.28
118.88
94.4
90.5
88.86
89.36
75.46
90.92
87.54
84.2
116.44
126.02
89.98
97.86
84.8
100.22
82.34
78.96
87.86
126.68
83.14
108.58
117.26
116.42
81.04
97.44
79.22
99.66
100.22
95.24
89.88
108.24
118.34
97.96
98.52
77.62
106.42
93.26
96.8
113.86
98.06
100.76
105.24
69.2
76.52
84.38
101.04
110.3
87.86
85.2
93.92
87.76
91.86
100.02
76.86
107.6
77.5
106.92
125.9
117.38
103.8
113.84
112.8
76.74
91.3
120.8
86.62
92.7
83.24
101.94
108.96
103.66
83.74
74.58
123.32
87.58
96.06
89.06
115.52
94.1
95.82
103.76
95.76
101.02
114.5
93.82
101.42
96.22
77.24
79.38
97.16
97.72
96.28
115.16
105.98
97.44
120.86
129.36
134.76
97.52
99.32
120.22
75.8
78.16
79.92
87.38
106.7
114.28
105.44
136.72
95.3
86.54
103.28
110.64
77.22
135.66
113.5
137.98
90.54
83.92
86.84
107.08
112.46
78.58
106.98
108.3
111.04
85.08
139.78
87.22
98.9
86.9
100.66
80.76
84.32
89.84
96.12
91.62
98.6
93.04
120.3
92.16
106.14
103.04
109.94
77.9
117.4
97.22
103.82
92.02
84.84
119.92
96.76
77.24
113.24
114.02
113.78
120.38
90.78
90.8
117.88
130.32
97.28
76.96
89.9
113.58
100.52
92.1
90.12
112.34
104.96
78.84
120.98
89.62
94.72
107.32
95.28
107.52
105.94
111.16
94.76
109.4
125.26
100.32
89.62
94.34
81.6
102.24
99.02
110.52
94.34
102.14
105.76
82.48
108.16
106.24
105.98
100.84
100.86
82.68
97.24
101.86
84.78
123.68
85.68
94.78
99.46
119.92
102.04
95.44
122.96
122.98
103.54
89.8
83.54
92.36
82.22
88.78
88.5
103.48
111.3
109.48
90.4
88.02
94.8
95.2
84.1
89.42
112.1
95.44
104.26
111.52
101.52
100.54
101.96
91
107.14
91.94
97.06
108.12
88.66
89.64
79.44
117.24
114.96
98.66
97.38
114.92
70.76
114.66
81.58
94.46
93.16
80.74
142.12
116.74
114.36
86.68
114.96
121.46
83.32
104
117.06
93.82
87.56
86.46
111.78
102.4
98.04
77.94
107.42
98.02
111
97.26
82.3
98.34
128.7
103.36
94.08
113.48
109.62
83.76
102.72
90.28
108.54
97.06
88.84
113.4
89.2
114.1
106.9
72.46
87.88
93.54
100.04
95.62
77.78
82.72
84.52
98.94
101.24
91.64
126.22
94.58
100.64
119.46
120.76
99.44
101.14
105.46
114.8
109.84
102.64
91.34
74.68
82.78
105.22
110.82
133.46
121.74
77.92
95.62
108.52
109.2
97.66
90.58
112.48
78.24
131.84
97.8
94.22
88.48
102.7
103.36
80.86
69.2
89.1
113.56
114.82
102.76
114.58
115.14
81.2
85.62
126.78
96.66
121.04
85.56
73.76
123.92
77.14
83.78
97.84
75.22
117.08
105.6
96.02
67.4
138.5
101.68
104.64
94.52
95.9
74.06
68.78
84.14
76.58
102.7
92.48
110.28
101.62
88.5
110.5
87.4
103.12
106.06
108.4
104.04
117.56
107.58
89.96
98.76
92.22
90.24
102.94
106.52
89.66
90.28
102.34
95.88
129.76
98
89.26
115.08
110.66
91.56
85.72
95.56
82.56
95.52
99.8
89.7
107.22
93.18
108.72
94.56
112.3
107.04
105.76
107.7
95.26
102.76
88
94
126.18
91.48
117.46
102.64
117.98
97.1
84.46
109.62
73.18
97.76
91.52
106.16
72.22
97.22
115.34
96.12
91.66
88.24
107.3
83.88
104.8
100.6
112.62
104.42
92.52
101.58
92.66
99.34
99.2
110.52
95.9
89.88
101.66
103.34
98.38
93.86
111.08
84.16
107.4
108.82
110.92
107.04
90.92
111.92
80.16
88.68
107.5
108.76
89.7
96.76
95.28
96.72
114.66
84.78
102.94
86.22
92.78
104.52
104.38
94.78
88.2
87.32
93.12
93.62
100.38
103.26
90.86
83.26
73.74
88.66
125.44
96.22
103.7
73.7
79.26
102.62
126.48
92.4
92.26
107.06
110.52
100.14
86
103.46
112.86
89.54
88.42
94.96
97.96
135.66
81.32
94.12
112.64
92.88
91.42
107.9
134.8
74.44
129.44
91.14
102.18
99.44
105.16
99.76
116.6
115.78
103.52
90.72
101.5
70.66
120.72
122.38
98.78
95.14
101.76
101.68
88.62
70.54
102.16
113.04
124.42
115.4
97.52
110.72
119.84
89.46
152.18
108.42
112
107.12
100.86
120.44
85.9
99.78
71.44
121.34
93.44
89.28
104.42
84.92
112.9
94.8
88.36
83.08
111.24
67.24
102.1
97.3
100.18
107.52
70.24
115.74
101.96
106.74
101.98
89.32
93.82
106.8
116.66
95.18
89.42
85.76
77.46
103.2
96.22
116.58
102.78
94.42
81.52
98.14
82.92
134.04
92.9
90.8
86.5
98.3
118.62
82.5
80.18
86.34
79.1
89.26
101.88
114.5
102.6
118.34
116.04
97.9
108.12
101.64
103.26
91.74
101.1
102.22
90.18
106.6
84.28
93.44
109.92
98.8
82.24
91.38
98.32
98.76
67.66
87.94
102.62
93.6
101.06
108.82
78.7
89.34
105.4
125.34
78.26
70.26
87.48
89.88
104.98
118.58
108.72
97.56
99.32
160.72
79.66
95.44
88.7
106.18
92.16
79.62
116.64
97.92
105.56
111.36
96.08
95.32
104.4
114.52
108.5
98.42
104.46
84.56
104.04
83.96
72.46
95.5
101.66
72.92
88.58
93.9
75.68
97.98
119.46
94.9
92.94
94.36
107.06
113.42
117.88
91.02
105.62
101.28
104.26
107.74
97.7
95.42
106.84
79.86
91.1
96.74
110.14
98.42
101.84
117.02
108.82
85.74
77.22
73.6
89.5
92.72
94.32
106.5
109.74
100.36
76.18
80.96
93.04
106.84
122.36
118.14
94.84
120.58
79.58
135.82
79.6
96.88
91.76
94.6
76.9
93.34
105.28
100.84
94.1
107.64
113.52
101.12
119.64
99.3
103.5
100.22
91.7
105.16
107.42
93.2
81.52
80.68
96.98
105.14
92
81.82
91.6
90.76
101.64
100
114.9
104.6
100.28
98.6
110.88
107.62
99
135.2
99.54
83.46
95.88
98.5
87.76
103.44
75.02
105.58
111.82
112.82
95.04
78.6
100.66
98.64
98.74
89.24
97.54
89.66
121.8
90.4
119.52
78.32
124.04
97.66
102.38
80.8
97.06
84.16
99.16
118
76.32
116.98
84.68
84.34
77.1
108.9
99.62
90.74
94.9
90.8
109.14
97.34
79.64
102.3
78.52
73.56
95.34
81.4
93.08
98.18
111.84
106.54
90.6
95.96
98.6
88.78
100.88
100.2
83.9
87.28
87.7
74.88
100.44
118.3
111.98
103.72
85.78
91.56
93.24
89.18
94.16
130.5
86.46
102.46
103.2
88.76
96.58
108.06
112.38
67.36
106.94
105.82
89.32
90.64
98.54
83.76
86.1
112.2
113.58
92.58
101.5
88.18
105.94
99.58
96.84
121.32
108.88
84.12
109.98
77.5
96.76
100.02
79.82
111.7
101.62
83.18
91.52
87.1
74.86
117.5
103.7
86.86
116.58
97.18
89.04
92.36
106.6
114.78
123.64
90.76
107.1
84.7
101.78
107.5
93.34
104.78
77.46
124.6
110.84
98.28
81.96
97.42
106.04
90.92
70.78
85.68
86.44
84.76
74.62
104.06
108.62
104.34
99.18
114.08
91.74
91.2
104.02
102.98
96.4
99.3
123.3
99.64
98.14
113.28
104.64
87.54
87.46
106.58
103.26
99.58
78.7
98.14
105.06
70.58
87.38
98.24
89.28
118.86
118.18
107.62
111.18
94.06
114.84
107.82
137.68
87.32
119.56
111.4
90.88
86.28
115.88
132.72
79.92
103.54
95.66
95.22
94.56
