#     BLOCK:  ACTUAL_PE:     PE_AVE:      ERROR:
           1   -0.374824   -0.374824           0
           2   -0.404406   -0.389615   0.0104591
           3   -0.372303   -0.383844  0.00841541
           4   -0.366968   -0.379625  0.00729289
           5   -0.401877   -0.384076  0.00706287
           6   -0.415919   -0.389383   0.0076233
           7   -0.380436   -0.388105  0.00664053
           8   -0.366957   -0.385461  0.00631475
           9   -0.378291   -0.384665  0.00566315
          10   -0.377398   -0.383938  0.00514325
          11   -0.378284   -0.383424   0.0047013
          12    -0.35267   -0.380861  0.00495911
          13   -0.339557   -0.377684   0.0055021
          14   -0.364506   -0.376743  0.00518898
          15   -0.368638   -0.376202   0.0048711
          16   -0.365308   -0.375521    0.004614
          17   -0.384638   -0.376058  0.00437364
          18   -0.365496   -0.375471  0.00416984
          19   -0.382619   -0.375847   0.0039673
          20   -0.394498    -0.37678  0.00387699
          21    -0.36969   -0.376442  0.00370705
          22   -0.376302   -0.376436  0.00353855
          23    -0.38147   -0.376655  0.00339146
          24   -0.364999   -0.376169  0.00328474
          25   -0.377198    -0.37621  0.00315361
          26   -0.393568   -0.376878  0.00310218
          27   -0.405831    -0.37795  0.00316721
          28   -0.354502   -0.377113  0.00316287
          29   -0.332102   -0.375561  0.00341344
          30   -0.337865   -0.374304  0.00352335
          31   -0.378156   -0.374428  0.00341189
          32   -0.362815   -0.374065  0.00332451
          33   -0.361525   -0.373685  0.00324541
          34   -0.384556   -0.374005  0.00316567
          35   -0.395007   -0.374605  0.00313158
          36   -0.402965   -0.375393  0.00314211
          37   -0.390346   -0.375797  0.00308307
          38   -0.421542   -0.377001  0.00322841
          39   -0.418049   -0.378053  0.00331276
          40   -0.441834   -0.379648  0.00359325
          41   -0.437026   -0.381047  0.00376829
          42    -0.41633   -0.381887  0.00377105
          43   -0.368422   -0.381574  0.00369633
          44   -0.388225   -0.381725  0.00361541
          45   -0.395717   -0.382036  0.00354841
          46   -0.414231   -0.382736  0.00353962
          47   -0.431732   -0.383779  0.00361456
          48   -0.448246   -0.385122  0.00378055
          49   -0.427341   -0.385983  0.00380031
          50   -0.443113   -0.387126  0.00389228
          51   -0.457523   -0.388506  0.00405334
          52   -0.445232   -0.389597  0.00411957
          53   -0.457527   -0.390879  0.00423654
          54   -0.440248   -0.391793  0.00425559
          55   -0.415582   -0.392226  0.00420014
          56   -0.410386    -0.39255  0.00413763
          57   -0.390695   -0.392517  0.00406517
          58   -0.363249   -0.392013  0.00402628
          59   -0.355278    -0.39139  0.00400589
          60   -0.383023   -0.391251  0.00394155
          61   -0.389282   -0.391218  0.00387707
          62   -0.403659   -0.391419  0.00381973
          63   -0.462014    -0.39254  0.00392001
          64   -0.444785   -0.393356  0.00394285
          65   -0.437392   -0.394033  0.00393996
          66    -0.39692   -0.394077  0.00388051
          67   -0.362998   -0.393613  0.00385022
          68   -0.338159   -0.392798    0.003879
          69   -0.358132   -0.392295  0.00385518
          70   -0.381773   -0.392145  0.00380304
          71   -0.394148   -0.392173  0.00374958
          72   -0.342056   -0.391477  0.00376155
          73   -0.332672   -0.390672   0.0037953
          74    -0.30477   -0.389511  0.00391752
          75   -0.308316   -0.388428  0.00401209
          76   -0.356839   -0.388013  0.00398077
          77   -0.361837   -0.387673  0.00394356
          78   -0.396249   -0.387783  0.00389453
          79   -0.409702    -0.38806   0.0038551
          80    -0.41043    -0.38834  0.00381704
          81   -0.402102    -0.38851   0.0037737
          82   -0.409201   -0.388762   0.0037361
          83   -0.388322   -0.388757  0.00369109
          84   -0.380643    -0.38866  0.00364842
          85   -0.385253    -0.38862  0.00360571
          86   -0.386424   -0.388594  0.00356388
          87   -0.383541   -0.388536  0.00352339
          88   -0.360526   -0.388218   0.0034977
          89   -0.371376   -0.388029  0.00346351
          90    -0.39471   -0.388103  0.00342582
          91   -0.396359   -0.388194  0.00338938
          92   -0.415391   -0.388489   0.0033654
          93   -0.418429   -0.388811  0.00334458
          94   -0.444783   -0.389407  0.00336159
          95   -0.484332   -0.390406  0.00347153
          96   -0.522801   -0.391785  0.00369918
          97    -0.48814   -0.392778  0.00379207
          98   -0.462912   -0.393494  0.00382031
          99    -0.48635   -0.394432  0.00389516
         100   -0.524733   -0.395735  0.00406831
         101    -0.54309   -0.397194  0.00428165
         102   -0.512928   -0.398329  0.00438744
         103   -0.510711    -0.39942  0.00447846
         104   -0.516779   -0.400548  0.00457536
         105   -0.538513   -0.401862  0.00471668
         106    -0.53992   -0.403165  0.00484867
         107   -0.509404   -0.404157  0.00490396
         108   -0.481836   -0.404877  0.00491102
         109   -0.464616   -0.405425  0.00489645
         110   -0.499882   -0.406283  0.00492666
         111   -0.498144   -0.407111  0.00495129
         112   -0.489406   -0.407846   0.0049613
         113   -0.451353   -0.408231  0.00493232
         114   -0.441639   -0.408524  0.00489775
         115   -0.442422   -0.408819  0.00486402
         116   -0.390416    -0.40866  0.00482468
         117   -0.384496   -0.408453  0.00478786
         118    -0.39208   -0.408315  0.00474929
         119   -0.413828   -0.408361  0.00470961
         120    -0.41001   -0.408375  0.00467038
         121   -0.424848   -0.408511  0.00463377
         122   -0.429445   -0.408682  0.00459896
         123   -0.478297   -0.409248  0.00459627
         124   -0.491544   -0.409912  0.00460687
         125   -0.467792   -0.410375  0.00459322
         126   -0.448146   -0.410675  0.00456654
         127   -0.440379   -0.410909  0.00453657
         128   -0.405538   -0.410867  0.00450132
         129   -0.368728    -0.41054  0.00447826
         130   -0.362275   -0.410169  0.00445918
         131   -0.347524   -0.409691  0.00445071
         132   -0.341891   -0.409177  0.00444653
         133   -0.355051    -0.40877  0.00443168
         134   -0.341313   -0.408267  0.00442711
         135   -0.339636   -0.407758  0.00442341
         136   -0.337072   -0.407239  0.00442131
         137   -0.370371   -0.406969  0.00439722
         138   -0.408116   -0.406978  0.00436537
         139   -0.402441   -0.406945  0.00433408
         140   -0.390528   -0.406828  0.00430471
         141   -0.395949   -0.406751  0.00427487
         142   -0.401109   -0.406711  0.00424495
         143   -0.393923   -0.406622  0.00421621
         144   -0.381155   -0.406445  0.00419064
         145   -0.390016   -0.406331  0.00416327
         146   -0.354388   -0.405976  0.00414993
         147   -0.352094   -0.405609  0.00413785
         148   -0.351535   -0.405244  0.00412599
         149   -0.348041    -0.40486  0.00411612
         150   -0.367219   -0.404609  0.00409632
         151   -0.376912   -0.404425   0.0040733
         152   -0.384674   -0.404296  0.00404858
         153   -0.368917   -0.404064  0.00402871
         154    -0.36823   -0.403832  0.00400927
         155   -0.365961   -0.403587  0.00399084
         156    -0.38674   -0.403479  0.00396672
         157   -0.400843   -0.403462  0.00394149
         158   -0.393208   -0.403398  0.00391707
         159   -0.375637   -0.403223  0.00389633
         160   -0.413617   -0.403288  0.00387252
         161   -0.453177   -0.403598  0.00386084
         162   -0.482122   -0.404083  0.00386732
         163   -0.465924   -0.404462  0.00386216
         164   -0.451631    -0.40475   0.0038493
         165    -0.44102   -0.404969  0.00383224
         166   -0.435055   -0.405151  0.00381344
         167   -0.427931   -0.405287  0.00379304
         168    -0.43644   -0.405472    0.003775
         169    -0.43541    -0.40565  0.00375681
         170   -0.436372    -0.40583  0.00373906
         171   -0.455639   -0.406122  0.00372852
         172   -0.451176   -0.406384  0.00371603
         173   -0.419724   -0.406461  0.00369535
         174   -0.376058   -0.406286  0.00367825
         175   -0.367779   -0.406066   0.0036638
         176   -0.368139    -0.40585  0.00364932
         177   -0.370156   -0.405649  0.00363427
         178   -0.380439   -0.405507  0.00361661
         179   -0.399436   -0.405473  0.00359656
         180   -0.411389   -0.405506  0.00357673
         181    -0.43336    -0.40566  0.00356028
         182   -0.432661   -0.405808  0.00354381
         183   -0.477404     -0.4062  0.00354597
         184   -0.458563   -0.406484   0.0035381
         185   -0.433872   -0.406632  0.00352207
         186   -0.420765   -0.406708  0.00350396
         187   -0.433891   -0.406853  0.00348823
         188    -0.42566   -0.406954  0.00347111
         189   -0.367668   -0.406746  0.00345897
         190   -0.360244   -0.406501  0.00344941
         191   -0.360709   -0.406261  0.00343967
         192   -0.385415   -0.406153  0.00342347
         193   -0.386093   -0.406049  0.00340731
         194   -0.370457   -0.405865  0.00339468
         195     -0.3683   -0.405673  0.00338273
         196   -0.364161   -0.405461   0.0033721
         197   -0.419535   -0.405532  0.00335574
         198   -0.448562    -0.40575  0.00334582
         199   -0.423827    -0.40584  0.00333024
         200   -0.410322   -0.405863  0.00331366
         201    -0.39378   -0.405803  0.00329772
         202   -0.389378   -0.405721   0.0032824
         203   -0.393054   -0.405659  0.00326682
         204   -0.395501   -0.405609  0.00325119
         205   -0.385851   -0.405513  0.00323676
         206   -0.397905   -0.405476  0.00322126
         207   -0.366869   -0.405289  0.00321109
         208    -0.33466    -0.40495  0.00321355
         209    -0.33007   -0.404591  0.00321809
         210   -0.333191   -0.404251  0.00322068
         211   -0.346852   -0.403979  0.00321688
         212   -0.355776   -0.403752  0.00320973
         213   -0.357043   -0.403533  0.00320215
         214   -0.354424   -0.403303  0.00319539
         215   -0.351475   -0.403062  0.00318961
         216   -0.356814   -0.402848  0.00318202
         217   -0.353642   -0.402621  0.00317543
         218   -0.342768   -0.402347  0.00317271
         219   -0.360185   -0.402154  0.00316406
         220   -0.385181   -0.402077  0.00315062
         221   -0.398964   -0.402063  0.00313639
         222   -0.371381   -0.401925  0.00312531
         223   -0.348792   -0.401687  0.00312036
         224   -0.336133   -0.401394  0.00312012
         225   -0.363504   -0.401226   0.0031108
         226   -0.405401   -0.401244  0.00309709
         227   -0.443604   -0.401431  0.00308906
         228   -0.427531   -0.401545  0.00307763
         229   -0.405393   -0.401562  0.00306424
         230   -0.377965   -0.401459  0.00305263
         231   -0.334104   -0.401168  0.00305331
         232   -0.340198   -0.400905  0.00305144
         233   -0.374985   -0.400794  0.00304037
         234    -0.43249   -0.400929   0.0030304
         235   -0.406789   -0.400954   0.0030176
         236   -0.369954   -0.400823  0.00300767
         237   -0.341449   -0.400572   0.0030054
         238   -0.332939   -0.400288  0.00300618
         239   -0.345729    -0.40006  0.00300225
         240   -0.375972   -0.399959  0.00299142
         241   -0.360533   -0.399796  0.00298348
         242   -0.352992   -0.399602  0.00297741
         243   -0.345594    -0.39938  0.00297344
         244    -0.38995   -0.399341  0.00296151
         245   -0.419146   -0.399422  0.00295052
         246    -0.41214   -0.399474  0.00293898
         247   -0.367247   -0.399344  0.00292998
         248   -0.333634   -0.399079  0.00293012
         249   -0.340032   -0.398841  0.00292793
         250   -0.342938   -0.398618  0.00292475
