#     BLOCK:   ACTUAL_KE:    KE_AVE:      ERROR:
           1     1.97135     1.97135           0
           2     2.00097     1.98616   0.0104726
           3     1.96887      1.9804  0.00841873
           4     1.96362      1.9762  0.00728445
           5     1.99794     1.98055  0.00700589
           6     2.01247     1.98587   0.0075939
           7     1.97721     1.98463  0.00660902
           8     1.96343     1.98198  0.00629198
           9     1.97468     1.98117  0.00564488
          10     1.97395     1.98045  0.00512641
          11     1.97469     1.97993  0.00468698
          12     1.94927     1.97737  0.00494381
          13     1.93629     1.97421  0.00548139
          14     1.96068     1.97324  0.00517434
          15      1.9651      1.9727  0.00485782
          16     1.96214     1.97204  0.00459887
          17     1.98113     1.97257  0.00435929
          18       1.962     1.97199  0.00415651
          19     1.97944     1.97238  0.00395622
          20     1.99092     1.97331   0.0038655
          21     1.96634     1.97298  0.00369561
          22     1.97292     1.97297  0.00352763
          23     1.97786     1.97318  0.00338065
          24     1.96167     1.97271  0.00327367
          25     1.97379     1.97275  0.00314301
          26     1.98995     1.97341  0.00309096
          27     2.00253     1.97449  0.00315908
          28     1.95147     1.97367  0.00315142
          29     1.92836      1.9721  0.00340802
          30     1.93426     1.97084  0.00352021
          31     1.97434     1.97096  0.00340846
          32     1.95933     1.97059  0.00332124
          33     1.95796     1.97021  0.00324257
          34     1.98085     1.97052  0.00316225
          35     1.99124     1.97111  0.00312684
          36     1.99937      1.9719  0.00313692
          37     1.98668      1.9723  0.00307747
          38     2.01799      1.9735  0.00322282
          39     2.01425     1.97455  0.00330522
          40     2.03783     1.97613  0.00358127
          41     2.03354     1.97753  0.00375773
          42     2.01307     1.97837  0.00376235
          43     1.96472     1.97806  0.00368823
          44     1.98466     1.97821  0.00360746
          45     1.99231     1.97852  0.00354089
          46     2.01047     1.97922  0.00353136
          47     2.02821     1.98026  0.00360679
          48     2.04493     1.98161  0.00377495
          49     2.02389     1.98247  0.00379526
          50     2.03965     1.98361  0.00388788
          51     2.05394     1.98499  0.00404883
          52     2.04179     1.98608  0.00411569
          53     2.05427     1.98737  0.00423433
          54     2.03692     1.98829  0.00425419
          55     2.01228     1.98872  0.00419916
          56     2.00698     1.98905  0.00413681
          57      1.9874     1.98902  0.00406434
          58     1.95988     1.98852  0.00402518
          59     1.95186      1.9879  0.00400462
          60     1.97928     1.98775  0.00394045
          61     1.98579     1.98772  0.00387598
          62     1.99975     1.98792  0.00381832
          63     2.05821     1.98903  0.00391737
          64     2.04128     1.98985  0.00394031
          65       2.034     1.99053   0.0039378
          66     1.99358     1.99057   0.0038784
          67     1.95959     1.99011  0.00384799
          68     1.93459     1.98929  0.00387706
          69     1.95459     1.98879  0.00385336
          70     1.97801     1.98864  0.00380139
          71     1.99072     1.98867  0.00374796
          72     1.93866     1.98797  0.00375972
          73     1.92973     1.98717  0.00379192
          74     1.90116     1.98601  0.00391479
          75     1.90477     1.98493  0.00400966
          76     1.95333     1.98451   0.0039784
          77     1.95831     1.98417  0.00394126
          78      1.9928     1.98428  0.00389228
          79     2.00627     1.98456  0.00385295
          80     2.00707     1.98484  0.00381504
          81     1.99876     1.98501  0.00377181
          82     2.00604     1.98527  0.00373452
          83     1.98501     1.98527  0.00368952
          84     1.97717     1.98517  0.00364686
          85     1.98131     1.98513  0.00360424
          86     1.98321      1.9851   0.0035624
          87     1.98047     1.98505  0.00352185
          88     1.95688     1.98473  0.00349634
          89     1.96788     1.98454  0.00346218
          90     1.99111     1.98461  0.00342448
          91     1.99284      1.9847  0.00338804
          92     2.01179       1.985  0.00336398
          93     2.01481     1.98532  0.00334305
          94     2.04094     1.98591  0.00335944
          95     2.08084     1.98691   0.0034695
          96     2.11921     1.98829  0.00369695
          97     2.08465     1.98928  0.00378995
          98     2.05962        1.99  0.00381864
          99      2.0827     1.99094  0.00389318
         100     2.12079     1.99223  0.00406505
         101     2.13979      1.9937   0.0042793
         102     2.10943     1.99483   0.0043852
         103      2.1072     1.99592  0.00447627
         104     2.11335     1.99705  0.00457342
         105     2.13472     1.99836  0.00471406
         106     2.13636     1.99966  0.00484602
         107      2.1061     2.00066  0.00490176
         108     2.07843     2.00138  0.00490898
         109     2.06104     2.00193  0.00489436
         110     2.09631     2.00278   0.0049245
         111     2.09464     2.00361  0.00494918
         112     2.08609     2.00435  0.00495948
         113      2.0478     2.00473  0.00493047
         114     2.03815     2.00503  0.00489593
         115     2.03905     2.00532  0.00486229
         116     1.98746     2.00517  0.00482281
         117     1.98083     2.00496  0.00478607
         118     1.98844     2.00482  0.00474756
         119     2.01027     2.00486  0.00470788
         120     2.00678     2.00488  0.00466868
         121     2.02143     2.00502   0.0046321
         122     2.02586     2.00519  0.00459728
         123     2.07464     2.00575  0.00459445
         124      2.0881     2.00642  0.00460514
         125     2.06468     2.00688  0.00459183
         126     2.04498     2.00719  0.00456533
         127     2.03707     2.00742  0.00453544
         128      2.0023     2.00738  0.00450019
         129     1.96564     2.00706  0.00447692
         130     1.95909     2.00669  0.00445766
         131     1.94403     2.00621  0.00444922
         132     1.93852      2.0057  0.00444497
         133     1.95163     2.00529   0.0044301
         134     1.93796     2.00479  0.00442544
         135      1.9362     2.00428  0.00442173
         136     1.93363     2.00376  0.00441962
         137     1.96674     2.00349  0.00439562
         138      2.0048      2.0035  0.00436377
         139     1.99914     2.00347  0.00433249
         140     1.98698     2.00335  0.00430315
         141      1.9924     2.00327  0.00427333
         142     1.99785     2.00323   0.0042434
         143     1.99053     2.00315  0.00421466
         144     1.97765     2.00297  0.00418911
         145     1.98683     2.00286   0.0041617
         146     1.95096      2.0025  0.00414835
         147     1.94868     2.00214  0.00413625
         148     1.94807     2.00177   0.0041244
         149     1.94447     2.00139  0.00411462
         150     1.96361     2.00113  0.00409488
         151     1.97344     2.00095  0.00407187
         152     1.98145     2.00082   0.0040471
         153     1.96537     2.00059  0.00402728
         154     1.96495     2.00036  0.00400778
         155     1.96213     2.00011   0.0039895
         156     1.98307           2  0.00396542
         157     1.99734     1.99999   0.0039402
         158     1.98968     1.99992   0.0039158
         159     1.97203     1.99975   0.0038951
         160     2.00979     1.99981  0.00387126
         161     2.04929     2.00012   0.0038594
         162     2.07848      2.0006  0.00386577
         163     2.06255     2.00098   0.0038607
         164     2.04808     2.00127  0.00384782
         165     2.03731     2.00149   0.0038307
         166     2.03182     2.00167  0.00381197
         167     2.02424      2.0018  0.00379154
         168     2.03304     2.00199  0.00377353
         169     2.03192     2.00217  0.00375536
         170     2.03278     2.00235  0.00373758
         171     2.05209     2.00264  0.00372703
         172     2.04767      2.0029  0.00371454
         173     2.01632     2.00298  0.00369388
         174     1.97252      2.0028   0.0036768
         175     1.96462     2.00258  0.00366226
         176     1.96432     2.00237   0.0036479
         177     1.96655     2.00216  0.00363289
         178     1.97694     2.00202  0.00361525
         179     1.99605     2.00199   0.0035952
         180     2.00761     2.00202  0.00357537
         181     2.02965     2.00217  0.00355887
         182     2.02921     2.00232  0.00354241
         183     2.07391     2.00271  0.00354459
         184      2.0552       2.003  0.00353678
         185     2.03033     2.00315  0.00352075
         186     2.01714     2.00322  0.00350263
         187     2.03045     2.00337  0.00348692
         188     2.02206     2.00347  0.00346979
         189      1.9646     2.00326  0.00345752
         190     1.95672     2.00302  0.00344799
         191     1.95721     2.00278  0.00343827
         192     1.98183     2.00267  0.00342209
         193     1.98265     2.00256  0.00340593
         194     1.96695     2.00238  0.00339332
         195     1.96495     2.00219  0.00338134
         196     1.96053     2.00197  0.00337076
         197     2.01592     2.00205  0.00335439
         198     2.04513     2.00226   0.0033445
         199     2.02074     2.00236  0.00332898
         200     2.00687     2.00238  0.00331242
         201     1.99056     2.00232  0.00329646
         202     1.98597     2.00224  0.00328113
         203      1.9893     2.00217  0.00326559
         204     1.99217     2.00213  0.00324995
         205     1.98225     2.00203  0.00323554
         206     1.99434     2.00199  0.00322005
         207     1.96358     2.00181  0.00320984
         208     1.93129     2.00147  0.00321226
         209     1.92664     2.00111  0.00321678
         210     1.92964     2.00077  0.00321942
         211     1.94328      2.0005  0.00321567
         212     1.95219     2.00027  0.00320856
         213     1.95358     2.00005  0.00320098
         214     1.95098     1.99982  0.00319422
         215     1.94796     1.99958  0.00318846
         216      1.9533     1.99936  0.00318089
         217     1.94991     1.99914  0.00317439
         218     1.93932     1.99886  0.00317166
         219     1.95655     1.99867  0.00316306
         220     1.98138     1.99859  0.00314966
         221      1.9953     1.99858  0.00313544
         222     1.96799     1.99844  0.00312435
         223     1.94535      1.9982  0.00311939
         224     1.93262     1.99791  0.00311917
         225     1.95967     1.99774  0.00310994
         226     2.00129     1.99775  0.00309621
         227     2.03984     1.99794  0.00308812
         228     2.02409     1.99805  0.00307671
         229     2.00187     1.99807  0.00306332
         230     1.97465     1.99797  0.00305169
         231     1.93072     1.99768  0.00305233
         232     1.93636     1.99741  0.00305059
         233      1.9711      1.9973  0.00303959
         234      2.0288     1.99743  0.00302958
         235     2.00355     1.99746   0.0030168
         236     1.96661     1.99733  0.00300685
         237     1.93774     1.99708  0.00300465
         238     1.92929     1.99679   0.0030055
         239     1.94221     1.99656  0.00300159
         240     1.97211     1.99646  0.00299081
         241     1.95714      1.9963  0.00298285
         242     1.94933     1.99611  0.00297683
         243     1.94206     1.99588  0.00297288
         244     1.98645     1.99584  0.00296095
         245     2.01544     1.99592  0.00294994
         246     2.00859     1.99598   0.0029384
         247     1.96402     1.99585  0.00292935
         248     1.93034     1.99558  0.00292942
         249     1.93675     1.99535  0.00292717
         250     1.93963     1.99512  0.00292393
