#     BLOCK:   ACTUAL_T:     T_AVE:       ERROR:
           1     1.31423     1.31423           0
           2     1.33398     1.32411  0.00698171
           3     1.31258     1.32026  0.00561249
           4     1.30908     1.31747   0.0048563
           5     1.33196     1.32037  0.00467059
           6     1.34164     1.32391   0.0050626
           7     1.31814     1.32309  0.00440601
           8     1.30895     1.32132  0.00419465
           9     1.31646     1.32078  0.00376325
          10     1.31596      1.3203   0.0034176
          11     1.31646     1.31995  0.00312465
          12     1.29951     1.31825  0.00329588
          13     1.29086     1.31614  0.00365426
          14     1.30712      1.3155  0.00344956
          15     1.31006     1.31513  0.00323855
          16     1.30809     1.31469  0.00306591
          17     1.32075     1.31505  0.00290619
          18       1.308     1.31466  0.00277101
          19     1.31963     1.31492  0.00263748
          20     1.32728     1.31554    0.002577
          21      1.3109     1.31532  0.00246374
          22     1.31528     1.31532  0.00235176
          23     1.31857     1.31546  0.00225377
          24     1.30778     1.31514  0.00218245
          25     1.31586     1.31517  0.00209534
          26     1.32663     1.31561  0.00206064
          27     1.33502     1.31633  0.00210606
          28     1.30098     1.31578  0.00210095
          29     1.28558     1.31474  0.00227202
          30      1.2895      1.3139  0.00234681
          31     1.31623     1.31397  0.00227231
          32     1.30622     1.31373  0.00221416
          33     1.30531     1.31347  0.00216171
          34     1.32056     1.31368  0.00210817
          35      1.3275     1.31408  0.00208456
          36     1.33291      1.3146  0.00209128
          37     1.32445     1.31487  0.00205165
          38     1.34533     1.31567  0.00214855
          39     1.34283     1.31636  0.00220348
          40     1.35855     1.31742  0.00238751
          41     1.35569     1.31835  0.00250515
          42     1.34205     1.31892  0.00250823
          43     1.30981      1.3187  0.00245882
          44     1.32311      1.3188  0.00240497
          45     1.32821     1.31901  0.00236059
          46     1.34031     1.31948  0.00235424
          47     1.35214     1.32017  0.00240453
          48     1.36329     1.32107  0.00251664
          49     1.34926     1.32165  0.00253018
          50     1.35977     1.32241  0.00259192
          51     1.36929     1.32333  0.00269922
          52      1.3612     1.32406  0.00274379
          53     1.36951     1.32491  0.00282289
          54     1.35795     1.32552  0.00283613
          55     1.34152     1.32582  0.00279944
          56     1.33799     1.32603  0.00275787
          57     1.32493     1.32601  0.00270956
          58     1.30659     1.32568  0.00268346
          59     1.30124     1.32526  0.00266975
          60     1.31952     1.32517  0.00262697
          61     1.32386     1.32515  0.00258399
          62     1.33317     1.32528  0.00254555
          63     1.37214     1.32602  0.00261158
          64     1.36085     1.32656  0.00262687
          65       1.356     1.32702   0.0026252
          66     1.32906     1.32705   0.0025856
          67     1.30639     1.32674  0.00256533
          68     1.28973      1.3262  0.00258471
          69     1.30306     1.32586  0.00256891
          70     1.31868     1.32576  0.00253426
          71     1.32715     1.32578  0.00249864
          72     1.29244     1.32531  0.00250648
          73     1.28649     1.32478  0.00252795
          74     1.26744     1.32401  0.00260986
          75     1.26985     1.32329  0.00267311
          76     1.30222     1.32301  0.00265226
          77     1.30554     1.32278   0.0026275
          78     1.32853     1.32286  0.00259485
          79     1.33751     1.32304  0.00256863
          80     1.33805     1.32323  0.00254336
          81     1.33251     1.32334  0.00251454
          82     1.33736     1.32351  0.00248968
          83     1.32334     1.32351  0.00245968
          84     1.31811     1.32345  0.00243124
          85     1.32088     1.32342  0.00240282
          86     1.32214      1.3234  0.00237493
          87     1.32031     1.32337   0.0023479
          88     1.30459     1.32315  0.00233089
          89     1.31192     1.32303  0.00230812
          90      1.3274     1.32308  0.00228298
          91     1.32856     1.32314  0.00225869
          92      1.3412     1.32333  0.00224265
          93     1.34321     1.32355   0.0022287
          94     1.36063     1.32394  0.00223963
          95     1.38722     1.32461    0.002313
          96     1.41281     1.32553  0.00246463
          97     1.38976     1.32619  0.00252664
          98     1.37308     1.32667  0.00254576
          99     1.38847     1.32729  0.00259545
         100     1.41386     1.32816  0.00271004
         101     1.42653     1.32913  0.00285287
         102     1.40629     1.32989  0.00292347
         103      1.4048     1.33061  0.00298418
         104      1.4089     1.33137  0.00304895
         105     1.42314     1.33224   0.0031427
         106     1.42424     1.33311  0.00323068
         107     1.40406     1.33377  0.00326784
         108     1.38562     1.33425  0.00327265
         109     1.37403     1.33462  0.00326291
         110     1.39754     1.33519    0.003283
         111     1.39643     1.33574  0.00329945
         112     1.39073     1.33623  0.00330632
         113      1.3652     1.33649  0.00328698
         114     1.35877     1.33668  0.00326395
         115     1.35936     1.33688  0.00324152
         116     1.32498     1.33678   0.0032152
         117     1.32055     1.33664  0.00319071
         118     1.32563     1.33655  0.00316504
         119     1.34018     1.33658  0.00313859
         120     1.33786     1.33659  0.00311245
         121     1.34762     1.33668  0.00308806
         122     1.35057     1.33679  0.00306485
         123      1.3831     1.33717  0.00306297
         124     1.39207     1.33761   0.0030701
         125     1.37645     1.33792  0.00306122
         126     1.36332     1.33812  0.00304355
         127     1.35805     1.33828  0.00302363
         128     1.33487     1.33825  0.00300012
         129     1.31042     1.33804  0.00298461
         130     1.30606     1.33779  0.00297178
         131     1.29602     1.33747  0.00296615
         132     1.29235     1.33713  0.00296331
         133     1.30109     1.33686   0.0029534
         134     1.29197     1.33653  0.00295029
         135      1.2908     1.33619  0.00294782
         136     1.28909     1.33584  0.00294642
         137     1.31116     1.33566  0.00293041
         138     1.33653     1.33567  0.00290918
         139     1.33276     1.33565  0.00288833
         140     1.32466     1.33557  0.00286876
         141     1.32827     1.33552  0.00284889
         142      1.3319     1.33549  0.00282894
         143     1.32702     1.33543  0.00280977
         144     1.31843     1.33531  0.00279274
         145     1.32455     1.33524  0.00277446
         146     1.30064       1.335  0.00276556
         147     1.29912     1.33476   0.0027575
         148     1.29871     1.33451   0.0027496
         149     1.29631     1.33426  0.00274308
         150     1.30908     1.33409  0.00272992
         151     1.31563     1.33397  0.00271458
         152     1.32097     1.33388  0.00269807
         153     1.31025     1.33373  0.00268485
         154     1.30996     1.33357  0.00267185
         155     1.30809     1.33341  0.00265967
         156     1.32205     1.33334  0.00264361
         157     1.33156     1.33332   0.0026268
         158     1.32646     1.33328  0.00261053
         159     1.31469     1.33316  0.00259673
         160     1.33986     1.33321  0.00258084
         161      1.3662     1.33341  0.00257293
         162     1.38565     1.33373  0.00257718
         163     1.37504     1.33399   0.0025738
         164     1.36538     1.33418  0.00256521
         165      1.3582     1.33432   0.0025538
         166     1.35454     1.33445  0.00254132
         167     1.34949     1.33454   0.0025277
         168     1.35536     1.33466  0.00251569
         169     1.35462     1.33478  0.00250357
         170     1.35519      1.3349  0.00249172
         171     1.36806     1.33509  0.00248469
         172     1.36511     1.33527  0.00247636
         173     1.34422     1.33532  0.00246259
         174     1.31502      1.3352   0.0024512
         175     1.30975     1.33506   0.0024415
         176     1.30955     1.33491  0.00243193
         177     1.31103     1.33478  0.00242193
         178     1.31796     1.33468  0.00241016
         179      1.3307     1.33466   0.0023968
         180     1.33841     1.33468  0.00238358
         181      1.3531     1.33478  0.00237258
         182      1.3528     1.33488  0.00236161
         183     1.38261     1.33514  0.00236306
         184     1.37013     1.33533  0.00235786
         185     1.35356     1.33543  0.00234717
         186     1.34476     1.33548  0.00233508
         187     1.35363     1.33558  0.00232461
         188     1.34804     1.33564  0.00231319
         189     1.30973     1.33551  0.00230501
         190     1.30448     1.33534  0.00229866
         191     1.30481     1.33518  0.00229218
         192     1.32122     1.33511  0.00228139
         193     1.32177     1.33504  0.00227062
         194      1.3113     1.33492  0.00226221
         195     1.30996     1.33479  0.00225423
         196     1.30702     1.33465  0.00224717
         197     1.34395      1.3347  0.00223626
         198     1.36342     1.33484  0.00222967
         199     1.34716      1.3349  0.00221932
         200     1.33792     1.33492  0.00220828
         201     1.32704     1.33488  0.00219764
         202     1.32398     1.33483  0.00218742
         203      1.3262     1.33478  0.00217706
         204     1.32812     1.33475  0.00216663
         205      1.3215     1.33469  0.00215703
         206     1.32956     1.33466   0.0021467
         207     1.30906     1.33454  0.00213989
         208     1.28753     1.33431   0.0021415
         209     1.28442     1.33407  0.00214452
         210     1.28643     1.33385  0.00214628
         211     1.29552     1.33366  0.00214378
         212     1.30146     1.33351  0.00213904
         213     1.30238     1.33337  0.00213398
         214     1.30065     1.33321  0.00212948
         215     1.29864     1.33305  0.00212564
         216      1.3022     1.33291  0.00212059
         217     1.29994     1.33276  0.00211626
         218     1.29288     1.33257  0.00211444
         219     1.30436     1.33245  0.00210871
         220     1.32092     1.33239  0.00209977
         221      1.3302     1.33238   0.0020903
         222     1.31199     1.33229   0.0020829
         223      1.2969     1.33213  0.00207959
         224     1.28842     1.33194  0.00207945
         225     1.30645     1.33182  0.00207329
         226      1.3342     1.33183  0.00206414
         227     1.35989     1.33196  0.00205875
         228     1.34939     1.33204  0.00205114
         229     1.33458     1.33205  0.00204221
         230     1.31643     1.33198  0.00203446
         231     1.28715     1.33178  0.00203489
         232     1.29091     1.33161  0.00203373
         233     1.31407     1.33153  0.00202639
         234     1.35253     1.33162  0.00201972
         235      1.3357     1.33164   0.0020112
         236     1.31107     1.33155  0.00200456
         237     1.29183     1.33139   0.0020031
         238     1.28619      1.3312  0.00200367
         239      1.2948     1.33104  0.00200106
         240     1.31474     1.33097  0.00199388
         241     1.30476     1.33087  0.00198857
         242     1.29955     1.33074  0.00198456
         243      1.2947     1.33059  0.00198192
         244      1.3243     1.33056  0.00197397
         245     1.34363     1.33062  0.00196663
         246     1.33906     1.33065  0.00195893
         247     1.30935     1.33056   0.0019529
         248     1.28689     1.33039  0.00195295
         249     1.29117     1.33023  0.00195145
         250     1.29309     1.33008  0.00194929
