#     BLOCK:   ACTUAL_TE:    TE_AVE:      ERROR:
           1     1.59672     1.59672           0
           2     1.59676     1.59674 1.60958e-05
           3     1.59677     1.59675 1.39123e-05
           4     1.59684     1.59677 2.22538e-05
           5     1.59626     1.59667 9.28417e-05
           6     1.59676     1.59668 7.84851e-05
           7     1.59697     1.59672 7.70032e-05
           8     1.59666     1.59672 6.77509e-05
           9      1.5966      1.5967 6.13666e-05
          10      1.5967      1.5967 5.52301e-05
          11     1.59661      1.5967 5.08279e-05
          12     1.59677      1.5967 4.69279e-05
          13      1.5969     1.59672 4.57402e-05
          14     1.59658     1.59671 4.34744e-05
          15     1.59662      1.5967 4.09859e-05
          16     1.59696     1.59672 4.14247e-05
          17     1.59662     1.59671 3.93622e-05
          18     1.59667     1.59671 3.72305e-05
          19     1.59691     1.59672 3.67529e-05
          20      1.5968     1.59672 3.51363e-05
          21     1.59694     1.59673 3.48778e-05
          22     1.59683     1.59674 3.35564e-05
          23     1.59644     1.59673 3.45764e-05
          24     1.59663     1.59672   3.337e-05
          25     1.59708     1.59674  3.5001e-05
          26     1.59665     1.59673 3.38291e-05
          27     1.59707     1.59675 3.48578e-05
          28      1.5967     1.59674 3.36472e-05
          29     1.59653     1.59674 3.32671e-05
          30     1.59686     1.59674 3.24008e-05
          31     1.59672     1.59674 3.13651e-05
          32      1.5968     1.59674 3.04386e-05
          33     1.59703     1.59675 3.07501e-05
          34     1.59679     1.59675 2.98719e-05
          35     1.59685     1.59675 2.91592e-05
          36     1.59662     1.59675 2.85792e-05
          37     1.59679     1.59675 2.78263e-05
          38     1.59665     1.59675 2.72221e-05
          39     1.59667     1.59675 2.66024e-05
          40     1.59671     1.59675 2.59579e-05
          41     1.59697     1.59675  2.5896e-05
          42     1.59691     1.59676 2.55666e-05
          43     1.59678     1.59676 2.49772e-05
          44       1.597     1.59676 2.50227e-05
          45     1.59682     1.59676 2.45024e-05
          46     1.59667     1.59676 2.40563e-05
          47     1.59694     1.59676 2.38588e-05
          48     1.59685     1.59677 2.34226e-05
          49      1.5966     1.59676 2.31791e-05
          50     1.59665     1.59676 2.28194e-05
          51     1.59678     1.59676 2.23752e-05
          52     1.59689     1.59676 2.20876e-05
          53     1.59666     1.59676 2.17536e-05
          54     1.59682     1.59676 2.13811e-05
          55     1.59687     1.59677 2.10872e-05
          56     1.59669     1.59676 2.07504e-05
          57     1.59677     1.59676 2.03866e-05
          58     1.59671     1.59676 2.00538e-05
          59     1.59698     1.59677  2.0054e-05
          60     1.59664     1.59676 1.98299e-05
          61      1.5966     1.59676 1.96971e-05
          62     1.59674     1.59676 1.93837e-05
          63     1.59681     1.59676 1.90894e-05
          64     1.59693     1.59676 1.89669e-05
          65     1.59652     1.59676 1.90404e-05
          66     1.59665     1.59676 1.88203e-05
          67     1.59672     1.59676  1.8547e-05
          68     1.59678     1.59676 1.82772e-05
          69     1.59678     1.59676 1.80157e-05
          70     1.59679     1.59676 1.77621e-05
          71     1.59665     1.59676 1.75764e-05
          72     1.59677     1.59676 1.73332e-05
          73     1.59672     1.59676 1.71061e-05
          74     1.59662     1.59676 1.69706e-05
          75      1.5969     1.59676 1.68474e-05
          76     1.59662     1.59676 1.67252e-05
          77     1.59672     1.59676 1.65138e-05
          78     1.59706     1.59676 1.67642e-05
          79     1.59681     1.59676 1.65651e-05
          80     1.59643     1.59676  1.6872e-05
          81     1.59675     1.59676  1.6664e-05
          82     1.59681     1.59676 1.64735e-05
          83     1.59677     1.59676 1.62757e-05
          84     1.59681     1.59676 1.60964e-05
          85     1.59666     1.59676 1.59495e-05
          86     1.59673     1.59676 1.57683e-05
          87     1.59702     1.59676  1.5883e-05
          88     1.59681     1.59676 1.57141e-05
          89     1.59702     1.59676 1.58152e-05
          90     1.59637     1.59676 1.62228e-05
          91     1.59687     1.59676 1.60911e-05
          92     1.59685     1.59676  1.5944e-05
          93     1.59644     1.59676  1.6141e-05
          94     1.59673     1.59676 1.59723e-05
          95      1.5969     1.59676 1.58756e-05
          96     1.59656     1.59676 1.58433e-05
          97     1.59687     1.59676 1.57208e-05
          98     1.59679     1.59676  1.5563e-05
          99     1.59665     1.59676 1.54464e-05
         100     1.59663     1.59676 1.53474e-05
         101     1.59662     1.59675 1.52516e-05
         102     1.59703     1.59676 1.53352e-05
         103     1.59695     1.59676 1.52956e-05
         104     1.59672     1.59676 1.51522e-05
         105       1.597     1.59676 1.51828e-05
         106     1.59638     1.59676 1.54483e-05
         107     1.59659     1.59676 1.53831e-05
         108     1.59646     1.59675 1.54747e-05
         109     1.59664     1.59675 1.53703e-05
         110      1.5964     1.59675 1.55561e-05
         111     1.59691     1.59675 1.54834e-05
         112     1.59655     1.59675 1.54484e-05
         113     1.59656     1.59675 1.54004e-05
         114     1.59655     1.59674  1.5363e-05
         115     1.59688     1.59675 1.52721e-05
         116     1.59698     1.59675 1.52713e-05
         117      1.5969     1.59675 1.51962e-05
         118     1.59725     1.59675 1.56456e-05
         119     1.59672     1.59675  1.5516e-05
         120     1.59673     1.59675 1.53881e-05
         121     1.59708     1.59676 1.54951e-05
         122     1.59688     1.59676 1.54025e-05
         123     1.59685     1.59676  1.5296e-05
         124     1.59708     1.59676 1.53916e-05
         125     1.59677     1.59676 1.52688e-05
         126     1.59671     1.59676 1.51519e-05
         127     1.59659     1.59676 1.50932e-05
         128     1.59653     1.59676 1.50813e-05
         129     1.59686     1.59676 1.49849e-05
         130     1.59701     1.59676 1.49962e-05
         131     1.59684     1.59676 1.48949e-05
         132     1.59675     1.59676 1.47825e-05
         133     1.59661     1.59676 1.47161e-05
         134     1.59654     1.59676    1.47e-05
         135     1.59659     1.59676 1.46401e-05
         136     1.59674     1.59676 1.45327e-05
         137     1.59698     1.59676 1.45197e-05
         138     1.59634     1.59675 1.47229e-05
         139     1.59669     1.59675 1.46238e-05
         140     1.59667     1.59675 1.45331e-05
         141     1.59658     1.59675 1.44807e-05
         142     1.59678     1.59675 1.43797e-05
         143     1.59667     1.59675 1.42912e-05
         144     1.59673     1.59675 1.41929e-05
         145     1.59669     1.59675 1.41017e-05
         146     1.59715     1.59675 1.42682e-05
         147     1.59678     1.59675 1.41721e-05
         148     1.59689     1.59676  1.4106e-05
         149     1.59681     1.59676 1.40159e-05
         150     1.59698     1.59676 1.40014e-05
         151     1.59676     1.59676 1.39087e-05
         152     1.59679     1.59676 1.38185e-05
         153     1.59639     1.59675 1.39309e-05
         154     1.59692     1.59676 1.38823e-05
         155     1.59708     1.59676 1.39501e-05
         156     1.59667     1.59676 1.38719e-05
         157     1.59677     1.59676 1.37836e-05
         158     1.59646     1.59676 1.38203e-05
         159     1.59663     1.59675 1.37568e-05
         160     1.59653     1.59675 1.37455e-05
         161     1.59653     1.59675 1.37273e-05
         162      1.5967     1.59675  1.3646e-05
         163     1.59664     1.59675 1.35793e-05
         164     1.59672     1.59675 1.34977e-05
         165     1.59674     1.59675 1.34161e-05
         166     1.59682     1.59675 1.33417e-05
         167     1.59669     1.59675  1.3267e-05
         168     1.59668     1.59675 1.31954e-05
         169     1.59656     1.59675 1.31636e-05
         170     1.59655     1.59675 1.31364e-05
         171     1.59679     1.59675  1.3062e-05
         172     1.59686     1.59675 1.30022e-05
         173     1.59689     1.59675 1.29521e-05
         174     1.59689     1.59675 1.29029e-05
         175     1.59692     1.59675  1.2865e-05
         176     1.59664     1.59675  1.2807e-05
         177     1.59674     1.59675 1.27348e-05
         178      1.5966     1.59675 1.26908e-05
         179     1.59696     1.59675 1.26715e-05
         180     1.59649     1.59675 1.26821e-05
         181     1.59668     1.59675 1.26181e-05
         182     1.59684     1.59675 1.25591e-05
         183     1.59669     1.59675 1.24945e-05
         184     1.59654     1.59675 1.24773e-05
         185     1.59681     1.59675 1.24151e-05
         186     1.59682     1.59675 1.23537e-05
         187     1.59651     1.59675 1.23547e-05
         188     1.59675     1.59675  1.2289e-05
         189     1.59678     1.59675 1.22248e-05
         190     1.59691     1.59675 1.21897e-05
         191     1.59701     1.59675    1.22e-05
         192      1.5968     1.59675 1.21394e-05
         193     1.59674     1.59675 1.20766e-05
         194     1.59678     1.59675 1.20151e-05
         195     1.59692     1.59675 1.19838e-05
         196     1.59665     1.59675 1.19336e-05
         197     1.59663     1.59675 1.18897e-05
         198     1.59631     1.59675 1.20311e-05
         199      1.5967     1.59675 1.19728e-05
         200     1.59686     1.59675 1.19271e-05
         201     1.59662     1.59675 1.18838e-05
         202     1.59658     1.59675  1.1855e-05
         203     1.59663     1.59675 1.18104e-05
         204     1.59687     1.59675 1.17676e-05
         205     1.59678     1.59675 1.17115e-05
         206     1.59705     1.59675 1.17462e-05
         207     1.59664     1.59675 1.17015e-05
         208     1.59676     1.59675 1.16454e-05
         209     1.59689     1.59675 1.16106e-05
         210     1.59674     1.59675 1.15554e-05
         211     1.59683     1.59675 1.15073e-05
         212     1.59688     1.59675 1.14706e-05
         213     1.59694     1.59675 1.14524e-05
         214      1.5966     1.59675   1.142e-05
         215     1.59693     1.59675 1.13973e-05
         216     1.59698     1.59675 1.13921e-05
         217     1.59688     1.59675 1.13538e-05
         218     1.59677     1.59675 1.13021e-05
         219     1.59672     1.59675 1.12513e-05
         220     1.59691     1.59675 1.12227e-05
         221     1.59664     1.59675 1.11846e-05
         222     1.59662     1.59675 1.11496e-05
         223      1.5967     1.59675 1.11024e-05
         224     1.59668     1.59675 1.10571e-05
         225     1.59664     1.59675 1.10188e-05
         226     1.59673     1.59675 1.09705e-05
         227     1.59684     1.59675 1.09285e-05
         228     1.59652     1.59675 1.09276e-05
         229     1.59671     1.59675 1.08813e-05
         230     1.59685     1.59675 1.08424e-05
         231     1.59681     1.59675 1.07982e-05
         232     1.59675     1.59675 1.07517e-05
         233     1.59686     1.59675 1.07152e-05
         234     1.59672     1.59675 1.06701e-05
         235     1.59649     1.59675 1.06834e-05
         236     1.59644     1.59675 1.07183e-05
         237     1.59656     1.59675 1.07014e-05
         238     1.59672     1.59675 1.06573e-05
         239     1.59687     1.59675 1.06248e-05
         240     1.59691     1.59675 1.06024e-05
         241     1.59656     1.59675 1.05874e-05
         242     1.59663     1.59675 1.05552e-05
         243      1.5965     1.59675 1.05603e-05
         244     1.59655     1.59675 1.05466e-05
         245     1.59686     1.59675 1.05146e-05
         246     1.59677     1.59675 1.04721e-05
         247     1.59684     1.59675 1.04362e-05
         248     1.59688     1.59675 1.04071e-05
         249     1.59679     1.59675  1.0367e-05
         250     1.59655     1.59675 1.03553e-05
