#     BLOCK:   ACTUAL_KE:    KE_AVE:      ERROR:
           1      1.9712      1.9712           0
           2     2.00097     1.98609   0.0105266
           3     1.96912     1.98043  0.00840119
           4     1.96365     1.97624  0.00727358
           5     1.99786     1.98056  0.00698689
           6     2.01263      1.9859  0.00759659
           7     1.97705     1.98464  0.00661593
           8     1.96391     1.98205  0.00627609
           9     1.97543     1.98131  0.00562164
          10     1.97579     1.98076  0.00508656
          11     1.98278     1.98094  0.00462746
          12     1.95623     1.97888  0.00467762
          13     1.94726     1.97645  0.00490991
          14     1.96321     1.97551  0.00464936
          15      1.9499      1.9738  0.00464231
          16     1.95383     1.97255  0.00451681
          17     1.99469     1.97385  0.00443489
          18     1.99197     1.97486  0.00430123
          19     1.98596     1.97544  0.00411434
          20      1.9598     1.97466  0.00398225
          21       1.964     1.97415  0.00382482
          22     1.95264     1.97318   0.0037739
          23      1.9725     1.97315  0.00360993
          24     2.01085     1.97472  0.00378588
          25     2.01152     1.97619  0.00391022
          26      2.0034     1.97724  0.00389732
          27     1.98079     1.97737  0.00375519
          28     1.99605     1.97804   0.0036799
          29     1.99934     1.97877  0.00362557
          30       1.995     1.97931  0.00354483
          31      1.9932     1.97976  0.00345867
          32     1.99504     1.98024  0.00338338
          33     1.97647     1.98012  0.00328278
          34     1.94159     1.97899  0.00337617
          35     1.94347     1.97797  0.00342885
          36     1.93814     1.97687  0.00350761
          37     1.94618     1.97604   0.0035095
          38     1.95532     1.97549  0.00345925
          39     1.97276     1.97542  0.00337126
          40     1.95276     1.97486  0.00333425
          41     1.94961     1.97424  0.00330931
          42     1.94476     1.97354  0.00330411
          43     1.91109     1.97209  0.00353204
          44     1.92716     1.97106  0.00359629
          45     1.91424      1.9698  0.00373147
          46     1.94035     1.96916  0.00370488
          47     1.92976     1.96832   0.0037197
          48      1.9294     1.96751  0.00372955
          49     1.92001     1.96654  0.00377733
          50     1.94415      1.9661  0.00372824
          51       1.961       1.966  0.00365648
          52     1.95648     1.96581  0.00359073
          53     1.95405     1.96559  0.00352984
          54     1.97849     1.96583  0.00347254
          55     1.97042     1.96591  0.00341041
          56     1.96045     1.96582  0.00335091
          57     1.97507     1.96598  0.00329605
          58     1.96427     1.96595  0.00323936
          59     1.93223     1.96538  0.00323447
          60     1.90806     1.96442  0.00331863
          61     1.90499     1.96345  0.00340426
          62     1.91471     1.96266   0.0034389
          63     1.90099     1.96168  0.00352089
          64     1.87889     1.96039  0.00369588
          65     1.90786     1.95958  0.00372631
          66     1.88385     1.95843  0.00384246
          67      1.9028      1.9576   0.0038738
          68     1.89631      1.9567   0.0039203
          69     1.89072     1.95574  0.00397839
          70     1.89605     1.95489  0.00401192
          71     1.91285      1.9543  0.00399887
          72     1.91917     1.95381  0.00397298
          73     1.91219     1.95324  0.00395925
          74     1.92003     1.95279   0.0039311
          75     1.92039     1.95236  0.00390235
          76     1.95748     1.95243  0.00385159
          77     1.96145     1.95255  0.00380335
          78     1.91916     1.95212  0.00377859
          79     1.89706     1.95142  0.00379448
          80     1.90294     1.95081  0.00379513
          81     1.93721     1.95065  0.00375199
          82     1.95364     1.95068  0.00370641
          83     1.91977     1.95031  0.00368042
          84     1.92301     1.94999  0.00365093
          85     1.93923     1.94986  0.00361017
          86     1.94566     1.94981  0.00356852
          87     1.95792      1.9499  0.00352872
          88     1.94002     1.94979  0.00349041
          89     1.93931     1.94967  0.00345318
          90       1.935     1.94951  0.00341865
          91     1.97089     1.94975  0.00338915
          92     1.97366     1.95001  0.00336227
          93     1.98666      1.9504  0.00334915
          94     1.98833      1.9508  0.00333773
          95     1.98873      1.9512  0.00332639
          96     1.98016      1.9515  0.00330539
          97     1.94884     1.95148  0.00327143
          98     1.90394     1.95099  0.00327381
          99      1.9302     1.95078  0.00324747
         100     1.96097     1.95088   0.0032166
         101     1.99057     1.95128  0.00320867
         102     1.94991     1.95126  0.00317724
         103     1.95742     1.95132  0.00314695
         104     1.95832     1.95139  0.00311741
         105     1.95423     1.95142  0.00308784
         106     1.94506     1.95136  0.00305929
         107     1.96087     1.95145  0.00303199
         108     1.98967      1.9518  0.00302451
         109       2.016     1.95239  0.00305357
         110     2.01348     1.95294  0.00307589
         111     1.99603     1.95333  0.00307258
         112     1.98855     1.95365  0.00306119
         113     1.98385     1.95391  0.00304575
         114     2.02101      1.9545  0.00307538
         115     2.02256     1.95509  0.00310505
         116     2.02279     1.95568  0.00313265
         117     2.00438     1.95609   0.0031334
         118     1.98223     1.95632  0.00311467
         119     1.96024     1.95635  0.00308867
         120     1.97526     1.95651  0.00306695
         121     1.94645     1.95642  0.00304273
         122     1.91734      1.9561   0.0030346
         123       1.918     1.95579   0.0030257
         124     1.93096     1.95559  0.00300792
         125     1.93766     1.95545  0.00298728
         126     1.93781     1.95531  0.00296685
         127     1.96255     1.95537  0.00294403
         128     2.00811     1.95578  0.00294973
         129     2.00833     1.95619  0.00295487
         130     1.98637     1.95642  0.00294125
         131      1.9502     1.95637  0.00291918
         132      1.9303     1.95617  0.00290374
         133     1.94094     1.95606  0.00288416
         134     1.96776     1.95615  0.00286396
         135     1.99477     1.95643    0.002857
         136     1.96735     1.95651  0.00283712
         137     1.95801     1.95652  0.00281643
         138     1.94182     1.95642  0.00279804
         139     1.96506     1.95648   0.0027786
         140     1.98975     1.95672   0.0027689
         141      2.0038     1.95705  0.00276933
         142     1.98954     1.95728  0.00275927
         143     1.97669     1.95742  0.00274331
         144     2.00541     1.95775  0.00274443
         145     2.01944     1.95817  0.00275828
         146     2.01665     1.95857  0.00276831
         147     1.99874     1.95885  0.00276293
         148     1.98205       1.959   0.0027487
         149      1.9635     1.95903  0.00273042
         150     1.95605     1.95901  0.00271229
         151      1.9322     1.95884  0.00270014
         152     1.92004     1.95858  0.00269441
         153     1.96265     1.95861  0.00267693
         154     1.97438     1.95871  0.00266151
         155     1.94357     1.95861  0.00264613
         156     1.90921      1.9583  0.00264805
         157     1.89659      1.9579   0.0026602
         158     1.90095     1.95754  0.00266767
         159     1.90308      1.9572  0.00267279
         160     1.92703     1.95701  0.00266273
         161     1.95426     1.95699  0.00264625
         162     1.95475     1.95698  0.00262995
         163      1.9408     1.95688  0.00261569
         164     1.93826     1.95677   0.0026022
         165      1.9482     1.95672  0.00258695
         166     1.96032     1.95674  0.00257146
         167     1.93956     1.95664  0.00255811
         168     1.94166     1.95655  0.00254444
         169     1.95896     1.95656  0.00252942
         170     2.00022     1.95682  0.00252755
         171     1.99084     1.95702  0.00252059
         172     1.98393     1.95717  0.00251078
         173     1.97154     1.95726  0.00249764
         174     1.96092     1.95728  0.00248338
         175     1.95321     1.95725  0.00246929
         176     1.94961     1.95721  0.00245565
         177     1.94539     1.95714  0.00244268
         178     1.92812     1.95698  0.00243439
         179     1.92584     1.95681    0.002427
         180     1.94573     1.95674   0.0024143
         181     1.96483     1.95679  0.00240137
         182     1.95163     1.95676  0.00238834
         183      1.9772     1.95687   0.0023779
         184      1.9806       1.957  0.00236848
         185     1.97303     1.95709  0.00235726
         186     1.97688     1.95719  0.00234698
         187     1.98452     1.95734  0.00233898
         188     2.00007     1.95757  0.00233755
         189     2.02286     1.95791  0.00235057
         190     2.00251     1.95815  0.00234989
         191     1.99976     1.95837  0.00234766
         192     1.98918     1.95853  0.00234091
         193     1.99448     1.95871  0.00233618
         194     1.97311     1.95879  0.00232532
         195      1.9734     1.95886   0.0023146
         196      1.9803     1.95897  0.00230537
         197     2.00885     1.95922  0.00230753
         198     2.03576     1.95961  0.00232803
         199      2.0698     1.96016  0.00238128
         200     2.06584     1.96069  0.00242728
         201     2.04022     1.96109  0.00244725
         202     2.02063     1.96138  0.00245282
         203     2.04755     1.96181  0.00247719
         204      2.0398     1.96219  0.00249437
         205     2.00908     1.96242  0.00249267
         206     1.96508     1.96243   0.0024806
         207     1.95392     1.96239  0.00246896
         208     1.96221     1.96239  0.00245709
         209     1.95066     1.96233  0.00244597
         210     1.95029     1.96228    0.002435
         211     1.95697     1.96225  0.00242359
         212     1.97367     1.96231  0.00241276
         213     1.98545     1.96241  0.00240387
         214     1.98595     1.96252  0.00239516
         215     1.95666      1.9625  0.00238417
         216     1.95107     1.96244  0.00237372
         217     1.92671     1.96228  0.00236849
         218     1.93673     1.96216  0.00236052
         219     1.93336     1.96203   0.0023534
         220     1.95085     1.96198  0.00234325
         221     1.97618     1.96204  0.00233353
         222      1.9708     1.96208  0.00232335
         223     1.98761      1.9622  0.00231575
         224     1.99154     1.96233  0.00230912
         225     2.00614     1.96252  0.00230705
         226     2.00994     1.96273  0.00230636
         227     2.00138      1.9629  0.00230248
         228     2.00234     1.96308  0.00229887
         229      1.9982     1.96323  0.00229394
         230     2.01503     1.96346  0.00229499
         231     2.00658     1.96364  0.00229264
         232     1.96116     1.96363  0.00228278
         233     1.94282     1.96354  0.00227473
         234     1.92305     1.96337  0.00227158
         235     1.91385     1.96316  0.00227167
         236     1.97631     1.96321  0.00226273
         237     2.01469     1.96343  0.00226358
         238     2.02334     1.96368  0.00226802
         239     1.96223     1.96368  0.00225854
         240     1.93249     1.96355  0.00225286
         241     1.90551     1.96331  0.00225635
         242     1.91245      1.9631  0.00225679
         243     1.94197     1.96301  0.00224917
         244     1.96019       1.963  0.00223999
         245     1.98579     1.96309  0.00223277
         246     1.96698     1.96311  0.00222375
         247       1.971     1.96314  0.00221498
         248     1.93795     1.96304  0.00220838
         249     1.94083     1.96295  0.00220131
         250     1.96342     1.96295   0.0021925
