0 14.619 17.6052
1 14.0869 16.4584
2 13.026 15.463
3 11.6822 14.6486
4 10.2061 14.0346
5 10.2061 13.063
6 9.95957 11.8905
7 9.29287 11.173
8 9.10401 10.6433
9 8.64167 10.0995
10 8.31188 9.70165
11 8.31188 9.27253
12 8.12441 8.9195
13 8.11155 8.70383
14 7.80736 8.58292
15 7.79249 8.49207
16 7.52609 8.39837
17 7.52609 8.25143
18 7.3588 8.05463
19 7.23531 7.85707
20 7.1459 7.62878
21 7.1459 7.51143
22 6.83394 7.389
23 6.83394 7.33397
24 6.78452 7.20356
25 6.78452 7.06371
26 6.55412 6.98483
27 6.51527 6.92779
28 6.5074 6.83671
29 6.46855 6.74553
30 6.33011 6.68669
31 6.24454 6.61243
32 6.15659 6.50807
33 5.96798 6.41045
34 5.95951 6.36257
35 5.89668 6.30349
36 5.65242 6.2998
37 5.65242 6.2512
38 5.62116 6.18134
39 5.62116 6.00997
40 5.50492 5.89362
41 5.46922 5.79297
42 5.43498 5.66628
43 5.43224 5.6119
44 5.43224 5.54278
45 5.41916 5.50804
46 5.35282 5.5041
47 5.22467 5.5651
48 5.21159 5.59268
49 5.21159 5.58156
50 5.21159 5.52122
51 5.21159 5.41338
52 5.20676 5.48181
53 5.20676 5.47645
54 5.20676 5.43495
55 5.20458 5.4482
56 5.20458 5.45197
57 5.20458 5.4088
58 5.20458 5.41602
59 5.20458 5.55417
60 5.20458 5.73454
61 5.20458 5.7466
62 5.17102 5.72393
63 5.17102 5.63128
64 5.17102 5.50133
65 5.17102 5.38023
66 5.17102 5.35242
67 5.17102 5.33399
68 5.03038 5.29608
69 5.03038 5.26902
70 5.03038 5.20338
71 5.03038 5.15882
72 4.98426 5.15094
73 4.98426 5.13839
74 4.98426 5.12141
75 4.98426 5.11313
76 4.98426 5.09461
77 4.98426 5.08062
78 4.98426 5.06481
79 4.98426 5.08059
80 4.98426 5.16682
81 4.98426 5.12456
82 4.98426 5.13386
83 4.98426 5.07525
84 4.98426 5.05561
85 4.98426 5.07329
86 4.98426 4.99802
87 4.98426 5.01201
88 4.98426 5.06365
89 4.98426 5.04794
90 4.98426 5.12069
91 4.98426 5.08256
92 4.98426 5.08168
93 4.98426 5.10545
94 4.98426 5.05333
95 4.98426 5.03263
96 4.98426 5.04584
97 4.98426 5.03551
98 4.98426 5.01196
99 4.98426 5.049
100 4.98426 5.01557
101 4.98426 5.03489
102 4.98426 5.05342
103 4.98426 5.09623
104 4.98426 5.05742
105 4.98426 5.0858
106 4.98426 5.0968
107 4.98426 5.11929
108 4.98426 5.1006
109 4.98426 5.12206
110 4.98426 5.06925
111 4.98426 5.0666
112 4.98426 5.02655
113 4.98426 5.05318
114 4.98426 5.0941
115 4.98426 5.11326
116 4.98426 5.13705
117 4.98426 5.07342
118 4.98426 5.07929
119 4.98426 5.05383
120 4.98426 5.06939
121 4.98426 5.07486
122 4.98426 5.10164
123 4.98426 5.09954
124 4.98426 5.12261
125 4.98426 5.11235
126 4.98426 5.08746
127 4.98426 5.073
128 4.98426 5.08206
129 4.98426 5.02743
130 4.98426 5.05304
131 4.98426 5.03444
132 4.98426 5.01494
133 4.98426 5.05202
134 4.98426 5.11316
135 4.98426 5.0841
136 4.98426 5.0762
137 4.98426 5.07622
138 4.98426 5.07986
139 4.98426 5.06449
140 4.98426 5.05077
141 4.98426 5.04177
142 4.98426 5.03633
143 4.98426 5.03491
144 4.98426 5.07938
145 4.98426 5.07573
146 4.98426 5.06555
147 4.98426 5.0489
148 4.98426 5.06889
149 4.98426 5.0853
150 4.98426 5.10708
151 4.98426 5.1176
152 4.98426 5.07634
153 4.98426 5.09203
154 4.98426 5.05426
155 4.98426 5.05171
156 4.98426 5.1417
157 4.98426 5.14588
158 4.98426 5.1128
159 4.98426 5.09904
160 4.98426 5.09882
161 4.98426 5.07404
162 4.98426 5.14982
163 4.98426 5.09795
164 4.98426 5.10723
165 4.98426 5.05982
166 4.98426 5.04416
167 4.98426 5.0236
168 4.98426 5.02839
169 4.98426 5.09231
170 4.98426 5.1106
171 4.98426 5.05298
172 4.98426 5.07456
173 4.98426 5.06452
174 4.98426 5.06225
175 4.98426 5.07572
176 4.98426 5.04361
177 4.98426 5.07576
178 4.98426 5.10521
179 4.98426 5.09828
180 4.98426 5.07462
181 4.98426 5.06334
182 4.98426 5.04181
183 4.98426 5.08227
184 4.98426 5.03837
185 4.98426 5.07159
186 4.98426 5.09909
187 4.98426 5.12407
188 4.98426 5.06668
189 4.98426 5.0939
190 4.98426 5.07159
191 4.98426 5.18729
192 4.98426 5.10751
193 4.98426 5.08891
194 4.98426 5.11901
195 4.98426 5.07416
196 4.98426 5.09622
197 4.98426 5.10052
198 4.98426 5.04317
199 4.98426 5.07521
200 4.98426 5.04863
201 4.98426 5.02797
202 4.98426 5.0681
203 4.98426 5.04125
204 4.98426 5.07703
205 4.98426 5.06703
206 4.98426 5.07314
207 4.98426 5.04682
208 4.98426 5.0628
209 4.98426 5.02546
210 4.98426 5.05539
211 4.98426 5.03594
212 4.98426 5.06102
213 4.98426 5.06908
214 4.98426 5.12504
215 4.98426 5.08145
216 4.98426 5.04407
217 4.98426 5.03867
218 4.98426 5.06374
219 4.98426 5.07106
220 4.98426 5.09019
221 4.98426 5.08269
222 4.98426 5.04702
223 4.98426 5.04851
224 4.98426 5.08225
225 4.98426 5.09173
226 4.98426 5.10868
227 4.98426 5.0582
228 4.98426 5.06765
229 4.98426 5.04972
230 4.98426 5.06162
231 4.98426 5.05555
232 4.98426 5.08562
233 4.98426 5.05934
234 4.98426 5.11478
235 4.98426 5.14179
236 4.98426 5.09914
237 4.98426 5.09967
238 4.98426 5.11224
239 4.98426 5.14419
240 4.98426 5.07242
241 4.98426 5.05509
242 4.98426 5.04585
243 4.98426 5.03863
244 4.98426 5.04882
245 4.98426 5.06015
246 4.98426 5.10553
247 4.98426 5.03039
248 4.98426 5.05024
249 4.98426 5.07447
250 4.98426 5.04713
251 4.98426 5.01791
252 4.98426 5.02792
253 4.98426 5.03698
254 4.98426 5.03622
255 4.98426 5.10127
256 4.98426 5.10421
257 4.98426 5.10121
258 4.98426 5.1447
259 4.98426 5.06352
260 4.98426 5.09253
261 4.98426 5.06461
262 4.98426 5.07946
263 4.98426 5.13031
264 4.98426 5.12056
265 4.98426 5.13114
266 4.98426 5.09464
267 4.98426 5.07652
268 4.98426 5.03661
269 4.98426 5.02119
270 4.98426 5.04105
271 4.98426 5.0565
272 4.98426 5.06338
273 4.98426 5.09633
274 4.98426 5.06509
275 4.98426 5.08022
276 4.98426 5.01643
277 4.98426 5.06724
278 4.98426 5.03614
279 4.98426 5.02828
280 4.98426 5.05665
281 4.98426 5.07375
282 4.98426 5.07443
283 4.98426 5.04385
284 4.98426 5.06029
285 4.98426 5.11201
286 4.98426 5.06632
287 4.98426 5.05235
288 4.98426 5.07226
289 4.98426 5.03404
290 4.98426 5.00445
291 4.98426 4.99629
292 4.98426 5.0114
293 4.98426 5.00831
294 4.98426 5.05197
295 4.98426 5.07009
296 4.98426 5.0599
297 4.98426 5.06441
298 4.98426 5.08178
299 4.98426 5.10275
300 4.98426 5.04499
301 4.98426 5.06958
302 4.98426 5.07488
303 4.98426 5.06606
304 4.98426 5.04505
305 4.98426 5.01321
306 4.98426 5.02301
307 4.98426 5.0232
308 4.98426 5.0478
309 4.98426 5.01297
310 4.98426 5.01896
311 4.98426 5.07749
312 4.98426 5.08912
313 4.98426 5.04107
314 4.98426 5.04956
315 4.98426 5.06927
316 4.98426 5.03623
317 4.98426 5.01514
318 4.98426 5.10052
319 4.98426 5.08014
320 4.98426 5.06068
321 4.98426 5.06603
322 4.98426 5.06853
323 4.98426 5.0758
324 4.98426 5.04234
325 4.98426 5.05218
326 4.98426 5.10566
327 4.98426 5.05634
328 4.98426 5.03973
329 4.98426 5.03951
330 4.98426 5.06023
331 4.98426 5.04553
332 4.98426 5.04894
333 4.98426 5.07725
334 4.98426 5.03931
335 4.98426 5.05071
336 4.98426 5.04292
337 4.98426 5.05493
338 4.98426 5.05908
339 4.98426 5.05772
340 4.98426 5.10054
341 4.98426 5.07188
342 4.98426 5.05358
343 4.98426 5.05472
344 4.98426 5.03156
345 4.98426 5.03246
346 4.98426 5.04988
347 4.98426 5.06879
348 4.98426 5.06288
349 4.98426 5.0479
350 4.98426 5.03139
351 4.98426 5.00617
352 4.98426 5.05107
353 4.98426 5.08876
354 4.98426 5.09577
355 4.98426 5.05987
356 4.98426 5.10267
357 4.98426 5.10048
358 4.98426 5.13031
359 4.98426 5.08889
360 4.98426 5.08841
361 4.98426 5.10887
362 4.98426 5.06985
363 4.98426 5.06557
364 4.98426 5.05414
365 4.98426 5.05366
366 4.98426 5.07703
367 4.98426 5.03751
368 4.98426 5.03917
369 4.98426 5.03236
370 4.98426 5.03109
371 4.98426 5.07798
372 4.98426 5.04884
373 4.98426 5.05915
374 4.98426 5.05582
375 4.98426 5.096
376 4.98426 5.07216
377 4.98426 5.09259
378 4.98426 5.08036
379 4.98426 5.0319
380 4.98426 5.05791
381 4.98426 5.04304
382 4.98426 5.05677
383 4.98426 5.06107
384 4.98426 5.11227
385 4.98426 5.07302
386 4.98426 5.04416
387 4.98426 5.05092
388 4.98426 5.11379
389 4.98426 5.08461
390 4.98426 5.04686
391 4.98426 5.0514
392 4.98426 5.06131
393 4.98426 5.14188
394 4.98426 5.14517
395 4.98426 5.05201
396 4.98426 5.07387
397 4.98426 5.10409
398 4.98426 5.07873
399 4.98426 5.11259
400 4.98426 5.11693
401 4.98426 5.04662
402 4.98426 5.07045
403 4.98426 5.0601
404 4.98426 5.07495
405 4.98426 5.06847
406 4.98426 5.05545
407 4.98426 5.08543
408 4.98426 5.04673
409 4.98426 5.0491
410 4.98426 5.02867
411 4.98426 5.05467
412 4.98426 5.06889
413 4.98426 5.08678
414 4.98426 5.06499
415 4.98426 5.10249
416 4.98426 5.05666
417 4.98426 5.06472
418 4.98426 5.06759
419 4.98426 5.04518
420 4.98426 5.02353
421 4.98426 5.03729
422 4.98426 5.01002
423 4.98426 5.02678
424 4.98426 5.05708
425 4.98426 5.06959
426 4.98426 5.07539
427 4.98426 5.12066
428 4.98426 5.07155
429 4.98426 5.14085
430 4.98426 5.14559
431 4.98426 5.08558
432 4.98426 5.07322
433 4.98426 5.1076
434 4.98426 5.09792
435 4.98426 5.0779
436 4.98426 5.08987
437 4.98426 5.03029
438 4.98426 5.00932
439 4.98426 5.00063
440 4.98426 5.01113
441 4.98426 5.0374
442 4.98426 5.08214
443 4.98426 5.04174
444 4.98426 5.04163
445 4.98426 5.09635
446 4.98426 5.1018
447 4.98426 5.08528
448 4.98426 5.0894
449 4.98426 5.10157
450 4.98426 5.08533
451 4.98426 5.12607
452 4.98426 5.05551
453 4.98426 5.03456
454 4.98426 5.07514
455 4.98426 5.06315
456 4.98426 5.05505
457 4.98426 5.06117
458 4.98426 5.05861
459 4.98426 5.0532
460 4.98426 5.03339
461 4.98426 5.07989
462 4.98426 5.07347
463 4.98426 5.08833
464 4.98426 5.08881
465 4.98426 5.07851
466 4.98426 5.05763
467 4.98426 5.08745
468 4.98426 5.12245
469 4.98426 5.08889
470 4.98426 5.12507
471 4.98426 5.08786
472 4.98426 5.04614
473 4.98426 5.04645
474 4.98426 5.04175
475 4.98426 5.11369
476 4.98426 5.09282
477 4.98426 5.09359
478 4.98426 5.058
479 4.98426 5.04413
480 4.98426 5.04531
481 4.98426 5.0512
482 4.98426 5.09155
483 4.98426 5.10299
484 4.98426 5.05436
485 4.98426 5.06102
486 4.98426 5.02828
487 4.98426 5.02782
488 4.98426 5.03898
489 4.98426 5.06031
490 4.98426 5.07593
491 4.98426 5.11559
492 4.98426 5.13362
493 4.98426 5.08623
494 4.98426 5.11353
495 4.98426 5.05129
496 4.98426 5.02563
497 4.98426 5.03643
498 4.98426 5.06483
499 4.98426 5.04946
500 4.98426 5.16796
