       BLOCK    VELOCITY ACTUAL_POFV    AVE_POFV       ERROR
           1   0.0942809       0.092       0.092           0
           1    0.282843      0.9565      0.9565           0
           1    0.471405       1.347       1.347           0
           1    0.659966       1.673       1.673           0
           1    0.848528       2.612       2.612           0
           1     1.03709      4.6245      4.6245           0
           1     1.22565       4.673       4.673           0
           1     1.41421      6.8645      6.8645           0
           1     1.60278       6.706       6.706           0
           1     1.79134      8.7585      8.7585           0
           1      1.9799       9.015       9.015           0
           1     2.16846      8.3945      8.3945           0
           1     2.35702     11.4695     11.4695           0
           1     2.54558     10.0455     10.0455           0
           1     2.73415       8.945       8.945           0
           1     2.92271       6.542       6.542           0
           1     3.11127      4.5305      4.5305           0
           1     3.29983       3.865       3.865           0
           1     3.48839       2.203       2.203           0
           1     3.67696        2.01        2.01           0
           1     3.86552       0.884       0.884           0
           1     4.05408       0.516       0.516           0
           1     4.24264       0.743       0.743           0
           1      4.4312      0.2535      0.2535           0
           1     4.61976       0.094       0.094           0
           1     4.80833       0.081       0.081           0
           1     4.99689      0.0625      0.0625           0
           1     5.18545      0.0155      0.0155           0
           1     5.37401      0.0235      0.0235           0
           1     5.56257           0           0           0
           2   0.0942809       0.085      0.0885  0.00247487
           2    0.282843      0.3175       0.637    0.225921
           2    0.471405       1.634      1.4905     0.10147
           2    0.659966      1.5365     1.60475     0.04826
           2    0.848528      2.7795     2.69575   0.0592202
           2     1.03709      5.9955        5.31    0.484722
           2     1.22565      9.9695     7.32125      1.8726
           2     1.41421     10.0525      8.4585     1.12713
           2     1.60278       9.609      8.1575     1.02637
           2     1.79134     11.8985     10.3285     1.11016
           2      1.9799       9.366      9.1905    0.124097
           2     2.16846       9.633     9.01375    0.437876
           2     2.35702       6.518     8.99375     1.75062
           2     2.54558      6.6275      8.3365     1.20845
           2     2.73415      7.6505     8.29775    0.457675
           2     2.92271      4.5855     5.56375    0.691727
           2     3.11127      3.1015       3.816    0.505228
           2     3.29983       3.417       3.641    0.158392
           2     3.48839        1.31      1.7565    0.315723
           2     3.67696      0.6625     1.33625    0.476413
           2     3.86552      0.2715     0.57775    0.216551
           2     4.05408      0.3915     0.45375   0.0440174
           2     4.24264      0.4905     0.61675   0.0892722
           2      4.4312      0.0975      0.1755   0.0551543
           2     4.61976           0       0.047    0.033234
           2     4.80833           0      0.0405   0.0286378
           2     4.99689           0     0.03125   0.0220971
           2     5.18545           0     0.00775  0.00548008
           2     5.37401           0     0.01175   0.0083085
           2     5.56257           0           0           0
           3   0.0942809      0.0595   0.0788333  0.00806341
           3    0.282843      0.6765    0.650167    0.150997
           3    0.471405       1.958     1.64633    0.144102
           3    0.659966       2.946     2.05183    0.366457
           3    0.848528       4.403     3.26483    0.466329
           3     1.03709       6.234       5.618    0.409472
           3     1.22565       8.435      7.6925     1.28467
           3     1.41421      9.8695     8.92883    0.843864
           3     1.60278      10.151       8.822    0.873248
           3     1.79134     12.1575     10.9382    0.891937
           3      1.9799      10.538     9.63967    0.375959
           3     2.16846      8.4135     8.81367    0.334521
           3     2.35702      6.1305     8.03933     1.40334
           3     2.54558       6.445       7.706    0.956065
           3     2.73415      6.4625       7.686     0.58531
           3     2.92271        5.34     5.48917    0.465155
           3     3.11127        3.33       3.654     0.36186
           3     3.29983       2.295     3.19233     0.38125
           3     3.48839       1.138     1.55033    0.269517
           3     3.67696      0.3835     1.01867    0.410018
           3     3.86552       0.258    0.471167    0.168569
           3     4.05408      0.2685       0.392   0.0583367
           3     4.24264      0.1075       0.447    0.150838
           3      4.4312           0       0.117   0.0602785
           3     4.61976           0   0.0313333   0.0255836
           3     4.80833           0       0.027   0.0220454
           3     4.99689           0   0.0208333   0.0170103
           3     5.18545           0  0.00516667  0.00421857
           3     5.37401           0  0.00783333  0.00639589
           3     5.56257           0           0           0
           4   0.0942809       0.082    0.079625  0.00608629
           4    0.282843       0.752    0.675625    0.115374
           4    0.471405      2.0015     1.73513    0.132641
           4    0.659966        4.64     2.69888    0.624128
           4    0.848528      5.4805     3.81875    0.593667
           4     1.03709       8.916      6.4425    0.777279
           4     1.22565       8.471     7.88713    0.978135
           4     1.41421      7.5945     8.59525    0.695714
           4     1.60278      9.9425     9.10213    0.698423
           4     1.79134      10.627     10.8604    0.672336
           4      1.9799       9.331      9.5625     0.28978
           4     2.16846      7.9235     8.59112     0.31637
           4     2.35702       6.908      7.7565     1.08063
           4     2.54558      5.7555     7.21837    0.832161
           4     2.73415       7.235     7.57325    0.449711
           4     2.92271      4.2935     5.19025     0.43442
           4     3.11127       2.787     3.43725    0.329986
           4     3.29983      1.3825     2.73988    0.485076
           4     3.48839      1.4945     1.53638    0.202499
           4     3.67696      1.6715     1.18188    0.338441
           4     3.86552       0.634    0.511875     0.13125
           4     4.05408       0.077     0.31325   0.0810275
           4     4.24264           0     0.33525    0.148876
           4      4.4312           0     0.08775    0.051822
           4     4.61976           0      0.0235   0.0203516
           4     4.80833           0     0.02025    0.017537
           4     4.99689           0    0.015625   0.0135316
           4     5.18545           0    0.003875  0.00335585
           4     5.37401           0    0.005875   0.0050879
           4     5.56257           0           0           0
           5   0.0942809           0      0.0637    0.015053
           5    0.282843      1.7155      0.8836    0.207658
           5    0.471405       1.843      1.7567    0.107853
           5    0.659966      4.9795       3.155    0.644781
           5    0.848528      5.7625      4.2075    0.588611
           5     1.03709       9.387      7.0314    0.814928
           5     1.22565      7.0815       7.726    0.795668
           5     1.41421       8.206      8.5174     0.56091
           5     1.60278      9.2415        9.13    0.559294
           5     1.79134      9.9255     10.6734    0.563268
           5      1.9799      7.1115      9.0723    0.495963
           5     2.16846       9.051      8.6831     0.26613
           5     2.35702       8.839       7.973    0.885924
           5     2.54558      7.3805      7.2508    0.666361
           5     2.73415      3.9225      6.8431    0.745606
           5     2.92271      5.3835      5.2289    0.349251
           5     3.11127       3.171       3.384    0.268251
           5     3.29983      1.5135      2.4946    0.445779
           5     3.48839      1.7515      1.5794    0.166507
           5     3.67696       1.038      1.1531    0.271973
           5     3.86552       0.553      0.5201    0.105257
           5     4.05408       0.143      0.2792   0.0716199
           5     4.24264           0      0.2682    0.133348
           5      4.4312           0      0.0702   0.0443298
           5     4.61976           0      0.0188   0.0168152
           5     4.80833           0      0.0162   0.0144897
           5     4.99689           0      0.0125   0.0111803
           5     5.18545           0      0.0031  0.00277272
           5     5.37401           0      0.0047  0.00420381
           5     5.56257           0           0           0
           6   0.0942809      0.1485   0.0778333   0.0179949
           6    0.282843      0.5695     0.83125    0.179526
           6    0.471405      1.5025     1.71433   0.0978454
           6    0.659966       2.766     3.09017    0.540567
           6    0.848528       4.757     4.29908    0.497583
           6     1.03709      8.8165     7.32892    0.731402
           6     1.22565      10.363      8.1655    0.774991
           6     1.41421     10.6185     8.86758    0.566283
           6     1.60278      9.2755     9.15425    0.466604
           6     1.79134       9.826     10.5322    0.486774
           6      1.9799     12.7215      9.6805    0.692152
           6     2.16846       9.277     8.78208    0.239476
           6     2.35702      6.1375     7.66708    0.789322
           6     2.54558      4.4465     6.78342    0.700284
           6     2.73415      6.3275     6.75717    0.626271
           6     2.92271       3.303     4.90792    0.412995
           6     3.11127      1.5685     3.08142    0.355343
           6     3.29983       1.643     2.35267     0.39343
           6     3.48839      1.8715     1.62808    0.145699
           6     3.67696      0.6425       1.068    0.239589
           6     3.86552      0.3375    0.489667   0.0920089
           6     4.05408      0.7085     0.35075   0.0884775
           6     4.24264       0.313    0.275667    0.111332
           6      4.4312      0.0595   0.0684167   0.0369774
           6     4.61976           0   0.0156667   0.0143016
           6     4.80833           0      0.0135   0.0123238
           6     4.99689           0   0.0104167  0.00950907
           6     5.18545           0  0.00258333  0.00235825
           6     5.37401           0  0.00391667  0.00357541
           6     5.56257           0           0           0
           7   0.0942809      0.1395   0.0866429   0.0174478
           7    0.282843       0.897    0.840643    0.154125
           7    0.471405       1.696     1.71171   0.0839025
           7    0.659966       4.606     3.30671    0.504858
           7    0.848528      6.7715     4.65229    0.537431
           7     1.03709      9.2265         7.6    0.675286
           7     1.22565      8.0905     8.15479    0.664352
           7     1.41421       9.836     9.00593       0.502
           7     1.60278      8.5285     9.06486    0.408419
           7     1.79134      7.4405     10.0905    0.584198
           7      1.9799      12.295      10.054    0.686693
           7     2.16846        9.06     8.82179     0.20853
           7     2.35702      6.1355     7.44829    0.706236
           7     2.54558       5.605     6.61507    0.620148
           7     2.73415      4.7245     6.46679    0.600361
           7     2.92271       5.001     4.92121    0.354209
           7     3.11127      2.7655     3.03629    0.307432
           7     3.29983       1.808     2.27486    0.344834
           7     3.48839       0.864     1.51893    0.160651
           7     3.67696       1.338     1.10657    0.208443
           7     3.86552       0.672    0.515714   0.0824694
           7     4.05408       0.488    0.370357   0.0779801
           7     4.24264      0.0115    0.237929    0.101622
           7      4.4312           0   0.0586429   0.0329613
           7     4.61976           0   0.0134286   0.0124324
           7     4.80833           0   0.0115714   0.0107131
           7     4.99689           0  0.00892857  0.00826625
           7     5.18545           0  0.00221429  0.00205003
           7     5.37401           0  0.00335714  0.00310811
           7     5.56257           0           0           0
           8   0.0942809      0.0025    0.076125   0.0181624
           8    0.282843      0.9945    0.859875    0.136054
           8    0.471405       2.564     1.81825    0.123777
           8    0.659966       3.078     3.27812    0.442559
           8    0.848528      7.4735     5.00494    0.574417
           8     1.03709      9.3905     7.82381    0.626869
           8     1.22565      9.8455     8.36613    0.614003
           8     1.41421       9.012     9.00669    0.439251
           8     1.60278       9.222      9.0845    0.357839
           8     1.79134      9.7545     10.0485    0.512681
           8      1.9799      7.1455     9.69044    0.690423
           8     2.16846      10.289     9.00519    0.250449
           8     2.35702      4.5595     7.08719    0.704247
           8     2.54558       6.951     6.65706     0.54405
           8     2.73415       5.227     6.31181    0.544951
           8     2.92271      3.9165     4.79563    0.331451
           8     3.11127      2.5805     2.97931    0.274231
           8     3.29983       2.866     2.34875    0.309546
           8     3.48839        1.87     1.56281    0.146441
           8     3.67696       0.861     1.07588    0.184634
           8     3.86552        0.25      0.4825    0.078565
           8     4.05408       0.078    0.333812   0.0763168
           8     4.24264      0.0405     0.21325   0.0918671
           8      4.4312       0.011   0.0526875   0.0293742
           8     4.61976      0.0175   0.0139375   0.0108888
           8     4.80833           0    0.010125  0.00947107
           8     4.99689           0   0.0078125  0.00730792
           8     5.18545           0   0.0019375  0.00181237
           8     5.37401           0   0.0029375  0.00274778
           8     5.56257           0           0           0
           9   0.0942809           0   0.0676667   0.0180065
           9    0.282843      1.0785    0.884167    0.123086
           9    0.471405      2.2975      1.8715    0.120937
           9    0.659966      3.5405     3.30728    0.394345
           9    0.848528      6.1025     5.12689    0.523378
           9     1.03709       7.166     7.75072    0.561462
           9     1.22565     11.5475     8.71961    0.639489
           9     1.41421      10.715      9.1965    0.429503
           9     1.60278      8.1935      8.9855    0.331491
           9     1.79134       8.472     9.87333    0.484718
           9      1.9799       8.144     9.51861     0.63473
           9     2.16846     10.9195     9.21789    0.299625
           9     2.35702      5.3535     6.89456     0.65181
           9     2.54558       6.752     6.66761    0.483702
           9     2.73415       4.156     6.07228    0.534459
           9     2.92271      4.6735     4.78206    0.294901
           9     3.11127      3.0585     2.98811    0.243902
           9     3.29983      2.5495     2.37106    0.275954
           9     3.48839      2.0885     1.62122    0.141339
           9     3.67696      0.9535     1.06228    0.164619
           9     3.86552       0.214    0.452667   0.0752871
           9     4.05408      0.0245    0.299444   0.0751785
           9     4.24264           0    0.189556   0.0846602
           9      4.4312           0   0.0468333   0.0266874
           9     4.61976           0   0.0123889  0.00978843
           9     4.80833           0       0.009  0.00848528
           9     4.99689           0  0.00694444  0.00654729
           9     5.18545           0  0.00172222  0.00162373
           9     5.37401           0  0.00261111  0.00246178
           9     5.56257           0           0           0
          10   0.0942809       0.061       0.067   0.0162182
          10    0.282843      0.7005      0.8658     0.11214
          10    0.471405      2.2715      1.9115    0.115269
          10    0.659966       3.741     3.35065    0.357288
          10    0.848528       5.057      5.1199    0.471087
          10     1.03709       8.678     7.84345    0.512915
          10     1.22565      9.7515      8.8228    0.583806
          10     1.41421       9.313     9.20815    0.386711
          10     1.60278      10.633     9.15025    0.336803
          10     1.79134      9.8905     9.87505    0.436249
          10      1.9799       9.775     9.54425    0.571775
          10     2.16846      7.4145     9.03755    0.319356
          10     2.35702       6.577      6.8628    0.587402
          10     2.54558      6.8955      6.6904    0.435868
          10     2.73415      4.4415      5.9092     0.50528
          10     2.92271      4.5875      4.7626    0.266052
          10     3.11127        2.57      2.9463    0.223067
          10     3.29983      1.6285      2.2968    0.258156
          10     3.48839       1.649       1.624    0.127233
          10     3.67696       1.979     1.15395    0.171796
          10     3.86552      0.3555     0.44295   0.0683825
          10     4.05408        0.03      0.2725   0.0723282
          10     4.24264           0      0.1706   0.0782875
          10      4.4312           0     0.04215   0.0244261
          10     4.61976           0     0.01115  0.00888765
          10     4.80833           0      0.0081  0.00768433
          10     4.99689           0     0.00625  0.00592927
          10     5.18545           0     0.00155  0.00147046
          10     5.37401           0     0.00235  0.00222941
          10     5.56257           0           0           0
          11   0.0942809       0.085   0.0686364   0.0148261
          11    0.282843      0.3505    0.818955    0.111301
          11    0.471405       2.389     1.95491    0.112668
          11    0.659966      3.9325     3.40355    0.328699
          11    0.848528       8.092     5.39009    0.499774
          11     1.03709       8.471      7.9005    0.469449
          11     1.22565      8.6965     8.81132    0.530845
          11     1.41421       8.817     9.17259    0.353186
          11     1.60278      10.935      9.3125    0.343046
          11     1.79134       7.479     9.65723     0.44768
          11      1.9799     11.7595     9.74564    0.554127
          11     2.16846      8.8445        9.02    0.290805
          11     2.35702      4.4085     6.63968    0.574817
          11     2.54558       6.695     6.69082    0.396244
          11     2.73415       6.074     5.92418    0.459568
          11     2.92271       3.087     4.61027    0.282122
          11     3.11127      2.2555      2.8835    0.211444
          11     3.29983      1.4075     2.21595    0.247022
          11     3.48839      1.6535     1.62668    0.115694
          11     3.67696      1.5195     1.18718     0.15936
          11     3.86552       0.506    0.448682   0.0624057
          11     4.05408      0.1695    0.263136   0.0663562
          11     4.24264      0.0085    0.155864   0.0725441
          11      4.4312      0.1565   0.0525455   0.0243172
          11     4.61976      0.0015   0.0102727  0.00812286
          11     4.80833      0.0505   0.0119545  0.00789352
          11     4.99689      0.1555   0.0198182   0.0140148
          11     5.18545           0  0.00140909  0.00134352
          11     5.37401           0  0.00213636  0.00203694
          11     5.56257           0           0           0
          12   0.0942809       0.017   0.0643333   0.0142013
          12    0.282843       0.553    0.796792    0.104209
          12    0.471405       2.852     2.02967    0.125656
          12    0.659966       6.119     3.62983    0.371113
          12    0.848528      4.9615     5.35438    0.459401
          12     1.03709      10.131     8.08637    0.465674
          12     1.22565      8.8245     8.81242    0.486609
          12     1.41421       7.652     9.04588    0.345739
          12     1.60278      10.436     9.40613    0.326986
          12     1.79134       9.233     9.62188    0.411767
          12      1.9799      9.5345     9.72804    0.508229
          12     2.16846     10.8455     9.17212    0.303766
          12     2.35702      5.2315     6.52233     0.53876
          12     2.54558       5.399     6.58317    0.377564
          12     2.73415       4.737     5.82525    0.431788
          12     2.92271        2.83     4.46192    0.295052
          12     3.11127      2.1085     2.81892    0.203447
          12     3.29983       2.061     2.20304    0.226774
          12     3.48839       1.914     1.65063    0.108502
          12     3.67696        1.21     1.18908    0.146092
          12     3.86552      0.4125    0.445667    0.057278
          12     4.05408       0.148    0.253542   0.0615163
          12     4.24264       0.062    0.148042   0.0669192
          12      4.4312        0.25       0.069    0.027296
          12     4.61976      0.0295    0.011875  0.00760234
          12     4.80833      0.2555     0.03225   0.0207349
          12     4.99689      0.1925   0.0342083   0.0188378
          12     5.18545           0  0.00129167  0.00123668
          12     5.37401           0  0.00195833  0.00187496
          12     5.56257           0           0           0
          13   0.0942809      0.0935   0.0665769    0.013285
          13    0.282843      0.8775       0.803   0.0963774
          13    0.471405      1.6965     2.00404    0.118575
          13    0.659966       4.034     3.66092    0.343866
          13    0.848528       5.123     5.33658    0.424407
          13     1.03709      8.0325     8.08223    0.429872
          13     1.22565      10.664     8.95485     0.46956
          13     1.41421      8.5055     9.00431    0.321633
          13     1.60278      9.0325     9.37738    0.303094
          13     1.79134       9.135     9.58442    0.381792
          13      1.9799      9.3435     9.69846    0.469995
          13     2.16846       8.239     9.10035    0.288755
          13     2.35702      8.2285     6.65358    0.513054
          13     2.54558       7.789     6.67592    0.359734
          13     2.73415      5.3575     5.78927     0.40007
          13     2.92271       3.347     4.37615    0.284547
          13     3.11127      2.1855     2.77019    0.193544
          13     3.29983      3.1635     2.27692    0.221038
          13     3.48839       1.526     1.64104    0.100579
          13     3.67696      1.1175     1.18358    0.134958
          13     3.86552      0.2285    0.428962   0.0552543
          13     4.05408      0.1235    0.243538   0.0575918
          13     4.24264      0.0835    0.143077   0.0619554
          13      4.4312       0.031   0.0660769   0.0253523
          13     4.61976       0.024   0.0128077  0.00707453
          13     4.80833      0.0185   0.0311923   0.0191669
          13     4.99689           0   0.0315769   0.0175716
          13     5.18545           0  0.00119231  0.00114553
          13     5.37401           0  0.00180769  0.00173677
          13     5.56257           0           0           0
          14   0.0942809           0   0.0618214   0.0131597
          14    0.282843      0.1885    0.759107    0.098985
          14    0.471405       2.229     2.02011    0.111189
          14    0.659966      4.6315     3.73025    0.326218
          14    0.848528       3.973     5.23918    0.405114
          14     1.03709       5.664      7.9095     0.43248
          14     1.22565       8.944     8.95407     0.43602
          14     1.41421       8.113     8.94064    0.304895
          14     1.60278      12.981     9.63479    0.375145
          14     1.79134     12.1925     9.77071     0.39738
          14      1.9799       8.882     9.64014    0.440027
          14     2.16846      10.851     9.22539    0.293962
          14     2.35702      8.3315     6.77343    0.490206
          14     2.54558       6.359     6.65329     0.33475
          14     2.73415       4.292     5.68232    0.385523
          14     2.92271      2.2375     4.22339    0.302461
          14     3.11127      3.1735       2.799    0.181851
          14     3.29983       2.968     2.32629    0.210689
          14     3.48839      0.8875     1.58721     0.10683
          14     3.67696      0.2825     1.11921    0.139826
          14     3.86552      0.5275       0.436    0.051754
          14     4.05408      0.1915    0.239821    0.053598
          14     4.24264       0.052    0.136571   0.0578706
          14      4.4312       0.048   0.0647857   0.0235743
          14     4.61976           0   0.0118929  0.00662809
          14     4.80833           0   0.0289643   0.0179268
          14     4.99689           0   0.0293214   0.0164606
          14     5.18545           0  0.00110714  0.00106687
          14     5.37401           0  0.00167857  0.00161751
          14     5.56257           0           0           0
          15   0.0942809        0.03      0.0597   0.0124522
          15    0.282843       0.159      0.7191    0.100145
          15    0.471405      2.6165     2.05987    0.110657
          15    0.659966       3.016     3.68263    0.307926
          15    0.848528      5.7195      5.2712     0.37937
          15     1.03709       8.732     7.96433    0.407109
          15     1.22565      9.1735      8.9687    0.407198
          15     1.41421       7.759     8.86187     0.29457
          15     1.60278      9.7645     9.64343    0.350235
          15     1.79134     10.7525     9.83617    0.376239
          15      1.9799     11.4965      9.7639    0.427741
          15     2.16846       8.964     9.20797     0.27488
          15     2.35702       9.144     6.93147    0.482329
          15     2.54558       5.258     6.56027    0.325101
          15     2.73415      3.6765      5.5486     0.38231
          15     2.92271      2.6465     4.11827     0.30001
          15     3.11127      3.4765     2.84417    0.175247
          15     3.29983      2.3585     2.32843    0.196654
          15     3.48839       1.998      1.6146    0.103158
          15     3.67696      0.9075      1.1051    0.131214
          15     3.86552       0.292      0.4264    0.049186
          15     4.05408      0.0595      0.2278   0.0513552
          15     4.24264           0    0.127467   0.0547241
          15      4.4312           0   0.0604667   0.0223948
          15     4.61976           0      0.0111  0.00623346
          15     4.80833           0   0.0270333   0.0168354
          15     4.99689           0   0.0273667   0.0154788
          15     5.18545           0  0.00103333 0.000998295
          15     5.37401           0  0.00156667  0.00151354
          15     5.56257           0           0           0
          16   0.0942809       0.006   0.0563437   0.0121178
          16    0.282843       0.988    0.735906   0.0952858
          16    0.471405       1.404     2.01887    0.111074
          16    0.659966      3.0365     3.64225    0.291316
          16    0.848528      5.4945     5.28516    0.355916
          16     1.03709       8.096     7.97256    0.381748
          16     1.22565     10.3125     9.05269    0.390313
          16     1.41421       8.863     8.86194    0.276159
          16     1.60278      10.064     9.66972     0.32933
          16     1.79134       9.929     9.84197    0.352769
          16      1.9799       8.328     9.67416    0.410314
          16     2.16846     11.0745     9.32463    0.281368
          16     2.35702       9.415     7.08669    0.476505
          16     2.54558       7.975     6.64869    0.316578
          16     2.73415        4.65     5.49244    0.362517
          16     2.92271      1.7975     3.97322    0.314374
          16     3.11127       1.109     2.73572    0.194983
          16     3.29983      2.5935       2.345     0.18506
          16     3.48839       0.681     1.55625    0.112004
          16     3.67696      0.8135     1.08688    0.124273
          16     3.86552       0.495    0.430688   0.0462984
          16     4.05408       0.432    0.240562    0.049706
          16     4.24264      0.4425    0.147156   0.0547315
          16      4.4312           0   0.0566875   0.0213116
          16     4.61976           0   0.0104063  0.00588235
          16     4.80833           0   0.0253438   0.0158677
          16     4.99689           0   0.0256562   0.0146056
          16     5.18545           0  0.00096875 0.000937988
          16     5.37401           0  0.00146875  0.00142211
          16     5.56257           0           0           0
          17   0.0942809       0.004   0.0532647   0.0117897
          17    0.282843       1.057    0.754794   0.0915336
          17    0.471405       3.132     2.08435    0.122327
          17    0.659966      2.6135     3.58174    0.280395
          17    0.848528      5.3955     5.29165    0.335039
          17     1.03709      9.0845     8.03797    0.364853
          17     1.22565       7.538     8.96359    0.377386
          17     1.41421     10.8945      8.9815    0.284622
          17     1.60278      10.704     9.73056    0.315527
          17     1.79134      9.8345     9.84153    0.332018
          17      1.9799      10.899     9.74621    0.392453
          17     2.16846       8.928     9.30129    0.265783
          17     2.35702       5.735     7.00718    0.455061
          17     2.54558      6.1595     6.61991    0.299261
          17     2.73415      4.6175     5.44097    0.344827
          17     2.92271       4.071     3.97897    0.295934
          17     3.11127      2.4385     2.71824    0.184296
          17     3.29983       1.752     2.31012    0.177431
          17     3.48839       1.208     1.53576    0.107273
          17     3.67696      0.5985     1.05815    0.120237
          17     3.86552      0.4445      0.4315   0.0435821
          17     4.05408       0.402    0.250059   0.0476807
          17     4.24264      0.3135    0.156941   0.0523793
          17      4.4312      0.1755   0.0636765    0.021173
          17     4.61976           0  0.00979412  0.00556808
          17     4.80833           0   0.0238529   0.0150042
          17     4.99689           0   0.0241471   0.0138242
          17     5.18545           0 0.000911765 0.000884542
          17     5.37401           0  0.00138235  0.00134108
          17     5.56257           0           0           0
          18   0.0942809      0.4025   0.0726667   0.0218976
          18    0.282843       0.808     0.75775   0.0864961
          18    0.471405      1.5605     2.05525    0.118942
          18    0.659966       3.511     3.57781    0.264845
          18    0.848528      3.7215     5.20442    0.327584
          18     1.03709        7.98     8.03475    0.344597
          18     1.22565     11.1915     9.08736     0.37617
          18     1.41421      12.459     9.17469    0.327886
          18     1.60278      10.388     9.76708    0.300105
          18     1.79134      10.232     9.86322    0.314281
          18      1.9799       9.519     9.73358    0.370853
          18     2.16846       8.311     9.24628    0.256648
          18     2.35702      8.3775     7.08331    0.436101
          18     2.54558       5.709     6.56931    0.286882
          18     2.73415       3.454     5.33058    0.342884
          18     2.92271       3.051     3.92742    0.283948
          18     3.11127      2.4775     2.70486    0.174542
          18     3.29983       1.909     2.28783    0.168967
          18     3.48839      0.9535     1.50342    0.106078
          18     3.67696       1.044     1.05736     0.11356
          18     3.86552      0.3265    0.425667   0.0415494
          18     4.05408       0.422    0.259611   0.0459786
          18     4.24264       0.123    0.155056   0.0495033
          18      4.4312       0.069   0.0639722   0.0199988
          18     4.61976           0     0.00925  0.00528527
          18     4.80833           0   0.0225278    0.014229
          18     4.99689           0   0.0228056   0.0131211
          18     5.18545           0 0.000861111  0.00083685
          18     5.37401           0  0.00130556  0.00126877
          18     5.56257           0           0           0
          19   0.0942809       0.041       0.071   0.0208084
          19    0.282843       0.574    0.748079   0.0824826
          19    0.471405       1.176     2.00897    0.121351
          19    0.659966      4.0905     3.60479    0.252277
          19    0.848528       5.629     5.22676    0.311104
          19     1.03709       9.144     8.09313    0.331369
          19     1.22565     10.1155     9.14147    0.360243
          19     1.41421      8.5765     9.14321    0.312137
          19     1.60278     10.3445     9.79747    0.285844
          19     1.79134     10.6695     9.90566    0.300591
          19      1.9799     10.4505     9.77132    0.353248
          19     2.16846      10.354     9.30458    0.249674
          19     2.35702       5.875     7.01971     0.41776
          19     2.54558      6.8495     6.58405    0.272162
          19     2.73415       5.597     5.34461    0.325124
          19     2.92271       2.715     3.86361    0.276081
          19     3.11127       1.415     2.63697    0.178069
          19     3.29983      1.1565     2.22829    0.170243
          19     3.48839      2.1285     1.53632    0.105474
          19     3.67696       0.323     1.01871    0.113971
          19     3.86552      0.6705    0.438553   0.0413125
          19     4.05408       0.074    0.249842   0.0445844
          19     4.24264      0.0045    0.147132   0.0475278
          19      4.4312       0.007   0.0609737   0.0191697
          19     4.61976       0.013  0.00944737  0.00501078
          19     4.80833      0.0065   0.0216842   0.0135051
          19     4.99689           0   0.0216053   0.0124853
          19     5.18545           0 0.000815789 0.000794031
          19     5.37401           0  0.00123684  0.00120385
          19     5.56257           0           0           0
          20   0.0942809       0.146     0.07475   0.0201031
          20    0.282843       0.641    0.742725    0.078532
          20    0.471405      1.8085     1.99895    0.115697
          20    0.659966       3.259      3.5875    0.240255
          20    0.848528        7.33     5.33193    0.312818
          20     1.03709      9.9355     8.18525    0.327354
          20     1.22565      8.9705     9.13293    0.342332
          20     1.41421      8.3455     9.10332    0.299067
          20     1.60278      7.2415     9.66968    0.298758
          20     1.79134      10.962     9.95847    0.290165
          20      1.9799     11.6255     9.86403    0.347539
          20     2.16846      9.5875     9.31873    0.237591
          20     2.35702      5.1655       6.927    0.407029
          20     2.54558       6.732     6.59145    0.258654
          20     2.73415       5.182     5.33647    0.308969
          20     2.92271       3.538     3.84733    0.262756
          20     3.11127       3.172     2.66372    0.171163
          20     3.29983         1.7     2.20188    0.163767
          20     3.48839       0.573     1.48815    0.110653
          20     3.67696      0.2445        0.98    0.114658
          20     3.86552      0.6895      0.4511   0.0411082
          20     4.05408      1.0695    0.290825   0.0582201
          20     4.24264      0.0815     0.14385   0.0452646
          20      4.4312           0    0.057925    0.018452
          20     4.61976           0    0.008975  0.00478245
          20     4.80833           0      0.0206   0.0128733
          20     4.99689           0    0.020525   0.0119077
          20     5.18545           0    0.000775 0.000755377
          20     5.37401           0    0.001175  0.00114525
          20     5.56257           0           0           0
          21   0.0942809       0.002   0.0712857    0.019442
          21    0.282843      0.2695     0.72019   0.0779585
          21    0.471405      2.2285     2.00988    0.110703
          21    0.659966       2.364     3.52924    0.235772
          21    0.848528      6.8755     5.40543    0.306436
          21     1.03709      6.8225     8.12036    0.318133
          21     1.22565     10.0585       9.177    0.328856
          21     1.41421     10.4035     9.16524    0.291164
          21     1.60278      11.259     9.74536    0.293961
          21     1.79134     10.3275     9.97605    0.276879
          21      1.9799     10.1765      9.8789    0.331308
          21     2.16846      9.8355     9.34333    0.227548
          21     2.35702      5.4645     6.85736     0.39356
          21     2.54558       6.525     6.58829    0.246357
          21     2.73415      5.3935     5.33919    0.294268
          21     2.92271      3.6465     3.83776    0.250418
          21     3.11127        2.64      2.6626    0.163016
          21     3.29983      1.3205      2.1599    0.161257
          21     3.48839       0.449     1.43867    0.115921
          21     3.67696       0.489    0.956619    0.111557
          21     3.86552       0.385    0.447952   0.0392709
          21     4.05408      0.4865    0.300143   0.0561884
          21     4.24264       0.578    0.164524   0.0475968
          21      4.4312           0   0.0551667   0.0177783
          21     4.61976           0  0.00854762  0.00457377
          21     4.80833           0    0.019619   0.0122976
          21     4.99689           0   0.0195476   0.0113807
          21     5.18545           0 0.000738095 0.000720307
          21     5.37401           0  0.00111905  0.00109208
          21     5.56257           0           0           0
          22   0.0942809           0   0.0680455   0.0188263
          22    0.282843       1.268    0.745091   0.0782907
          22    0.471405       0.835     1.95648     0.11785
          22    0.659966       2.806     3.49636    0.227336
          22    0.848528       6.783     5.46805    0.298836
          22     1.03709       7.744     8.10325    0.304132
          22     1.22565      8.4325     9.14316    0.315644
          22     1.41421     12.2485     9.30539    0.309828
          22     1.60278     10.0285     9.75823    0.280881
          22     1.79134      12.687     10.0993    0.290422
          22      1.9799       8.932     9.83586    0.319032
          22     2.16846      7.5875     9.26352    0.230777
          22     2.35702       8.218      6.9192    0.380499
          22     2.54558      5.9415     6.55889    0.236906
          22     2.73415       4.677     5.30909    0.282428
          22     2.92271      2.4495     3.77466    0.246858
          22     3.11127      1.0965     2.59141    0.170442
          22     3.29983       1.532     2.13136    0.156433
          22     3.48839      1.3065     1.43266    0.110807
          22     3.67696       1.398    0.976682    0.108275
          22     3.86552       1.129    0.478909   0.0481659
          22     4.05408      0.4715    0.307932   0.0541716
          22     4.24264      0.4285    0.176523   0.0469213
          22      4.4312           0   0.0526591   0.0171462
          22     4.61976           0  0.00815909  0.00438234
          22     4.80833           0   0.0187273   0.0117709
          22     4.99689           0   0.0186591    0.010898
          22     5.18545           0 0.000704545 0.000688347
          22     5.37401           0  0.00106818  0.00104362
          22     5.56257           0           0           0
          23   0.0942809      0.4035   0.0826304   0.0229729
          23    0.282843      1.0625    0.758891   0.0760933
          23    0.471405      2.8705     1.99622    0.119238
          23    0.659966      3.5805     3.50002    0.217481
          23    0.848528      6.0875     5.49498    0.287055
          23     1.03709       7.805     8.09028    0.291185
          23     1.22565      9.7785     9.17078    0.303127
          23     1.41421     11.7565     9.41196    0.314152
          23     1.60278      10.074     9.77196    0.269004
          23     1.79134      13.105       10.23    0.305788
          23      1.9799      8.3655     9.77193      0.3115
          23     2.16846      6.8065      9.1567     0.24422
          23     2.35702       3.866     6.78646    0.386419
          23     2.54558      3.7525     6.43687    0.256108
          23     2.73415       5.494     5.31713    0.270263
          23     2.92271      3.4635     3.76113    0.236495
          23     3.11127      1.3985     2.53954     0.17074
          23     3.29983       1.779     2.11604    0.150379
          23     3.48839      1.0835     1.41748    0.107024
          23     3.67696      2.1505     1.02772    0.114968
          23     3.86552       1.947    0.542739   0.0775869
          23     4.05408      1.1875    0.346174   0.0639046
          23     4.24264      0.1825    0.176783    0.044882
          23      4.4312           0   0.0503696   0.0165528
          23     4.61976           0  0.00780435  0.00420614
          23     4.80833           0    0.017913   0.0112873
          23     4.99689           0   0.0178478   0.0104543
          23     5.18545           0 0.000673913   0.0006591
          23     5.37401           0  0.00102174 0.000999281
          23     5.56257           0           0           0
          24   0.0942809       0.095   0.0831458   0.0220215
          24    0.282843       0.754    0.758688    0.072923
          24    0.471405      1.5105     1.97598    0.115975
          24    0.659966       4.974     3.56144    0.216918
          24    0.848528       5.356     5.48919    0.275152
          24     1.03709      7.8555      8.0805    0.279217
          24     1.22565      8.8695     9.15823    0.290756
          24     1.41421       9.595     9.41958    0.301154
          24     1.60278       10.62     9.80729    0.260106
          24     1.79134      12.493     10.3243    0.307241
          24      1.9799      11.477     9.84298    0.306515
          24     2.16846       8.281     9.12021    0.236754
          24     2.35702       7.673      6.8234     0.37208
          24     2.54558       4.301     6.34787     0.26044
          24     2.73415      2.7905     5.21185    0.278753
          24     2.92271       1.913     3.68412    0.238849
          24     3.11127      2.3175     2.53029    0.163877
          24     3.29983       1.541     2.09208     0.14601
          24     3.48839       1.076     1.40325    0.103507
          24     3.67696       1.487     1.04685    0.111759
          24     3.86552        1.86    0.597625   0.0917359
          24     4.05408       0.892    0.368917   0.0651633
          24     4.24264      0.2685    0.180604   0.0431743
          24      4.4312           0   0.0482708   0.0159956
          24     4.61976           0  0.00747917  0.00404344
          24     4.80833           0   0.0171667   0.0108416
          24     4.99689           0   0.0171042   0.0100452
          24     5.18545           0 0.000645833 0.000632235
          24     5.37401           0 0.000979167  0.00095855
          24     5.56257           0           0           0
          25   0.0942809       0.227      0.0889   0.0218795
          25    0.282843      0.7695     0.75912   0.0700074
          25    0.471405       2.832     2.01022    0.116281
          25    0.659966       3.568      3.5617    0.208241
          25    0.848528      5.7065     5.49788    0.264284
          25     1.03709         6.6     8.02128    0.274256
          25     1.22565       7.394     9.08766    0.287563
          25     1.41421      11.124     9.48776    0.296725
          25     1.60278     10.9575      9.8533    0.253738
          25     1.79134     11.9035     10.3874    0.301375
          25      1.9799     12.6545     9.95544    0.314209
          25     2.16846       8.449     9.09336    0.228801
          25     2.35702       6.249     6.80042    0.357905
          25     2.54558      3.7955     6.24578    0.269291
          25     2.73415       5.269     5.21414    0.267612
          25     2.92271      1.8495     3.61074    0.240305
          25     3.11127       2.927     2.54616    0.158088
          25     3.29983       1.285      2.0598    0.143694
          25     3.48839       0.972       1.386    0.100793
          25     3.67696      0.5345     1.02636    0.109151
          25     3.86552       0.523     0.59464    0.088115
          25     4.05408      1.0725     0.39706   0.0683646
          25     4.24264       0.877     0.20846   0.0496265
          25      4.4312       0.276     0.05738   0.0177612
          25     4.61976        0.16     0.01358  0.00712734
          25     4.80833      0.0245     0.01746   0.0104119
          25     4.99689           0     0.01642  0.00966663
          25     5.18545           0     0.00062 0.000607473
          25     5.37401           0     0.00094 0.000921008
          25     5.56257           0           0           0
          26   0.0942809      0.3735   0.0998462   0.0236179
          26    0.282843      1.0825    0.771558   0.0684107
          26    0.471405      2.6055     2.03312     0.11404
          26    0.659966       5.064     3.61948    0.208094
          26    0.848528       5.903     5.51346    0.254578
          26     1.03709     11.7285     8.16387     0.29848
          26     1.22565      7.1485     9.01308    0.286011
          26     1.41421      8.0385     9.43202    0.290501
          26     1.60278      10.564     9.88063    0.245447
          26     1.79134      11.695     10.4377     0.29395
          26      1.9799       9.493     9.93765    0.302627
          26     2.16846       8.539     9.07204    0.220993
          26     2.35702      3.6765     6.68027    0.363748
          26     2.54558       4.359     6.17321    0.268534
          26     2.73415      3.0195     5.12973    0.270304
          26     2.92271       3.493     3.60621    0.231105
          26     3.11127      2.8935     2.55952    0.152571
          26     3.29983       2.829     2.08938     0.14118
          26     3.48839       2.404     1.42515    0.104245
          26     3.67696      1.1495      1.0311    0.105056
          26     3.86552      1.4465    0.627404   0.0906128
          26     4.05408       0.179    0.388673   0.0662476
          26     4.24264      0.1365    0.205692   0.0477949
          26      4.4312       0.088   0.0585577    0.017117
          26     4.61976       0.019   0.0137885  0.00685626
          26     4.80833       0.072   0.0195577   0.0102206
          26     4.99689           0   0.0157885  0.00931544
          26     5.18545           0 0.000596154 0.000584577
          26     5.37401           0 0.000903846 0.000886294
          26     5.56257           0           0           0
          27   0.0942809      0.0945   0.0996481    0.022744
          27    0.282843      1.1895    0.787037   0.0676056
          27    0.471405      4.1635     2.11202    0.134368
          27    0.659966       5.062     3.67291    0.207132
          27    0.848528       8.126     5.61022    0.262895
          27     1.03709       7.057     8.12287    0.290227
          27     1.22565      5.6345     8.88794    0.301551
          27     1.41421       10.33     9.46528    0.281639
          27     1.60278       9.209     9.85576    0.237613
          27     1.79134      9.3725     10.3983    0.285698
          27      1.9799       8.942     9.90078    0.293657
          27     2.16846       7.842     9.02648    0.217453
          27     2.35702       6.176     6.66159    0.350755
          27     2.54558      7.2855     6.21441    0.261729
          27     2.73415      3.9885     5.08746    0.263577
          27     2.92271      3.2885     3.59444    0.222845
          27     3.11127      3.7585     2.60393    0.153247
          27     3.29983        1.77     2.07756    0.136446
          27     3.48839      1.9535     1.44472    0.102204
          27     3.67696        1.19     1.03698     0.10133
          27     3.86552       0.629    0.627463   0.0872568
          27     4.05408       0.449    0.390907   0.0638317
          27     4.24264       0.113    0.202259   0.0461479
          27      4.4312       0.376   0.0703148   0.0201197
          27     4.61976           0   0.0132778  0.00662131
          27     4.80833           0   0.0188333  0.00986768
          27     4.99689           0   0.0152037  0.00898876
          27     5.18545           0 0.000574074 0.000563343
          27     5.37401           0  0.00087037   0.0008541
          27     5.56257           0           0           0
          28   0.0942809           0   0.0960893   0.0222084
          28    0.282843      1.2055    0.801982   0.0668226
          28    0.471405      2.6505     2.13125    0.130938
          28    0.659966      4.2125     3.69218    0.200629
          28    0.848528       7.985     5.69504    0.266837
          28     1.03709       8.213     8.12609     0.27988
          28     1.22565      8.6455     8.87929    0.290906
          28     1.41421      8.2925     9.42339    0.274677
          28     1.60278     10.0225     9.86171    0.229202
          28     1.79134     10.0345     10.3853     0.27579
          28      1.9799       10.44     9.92004      0.2838
          28     2.16846         6.8     8.94696    0.223753
          28     2.35702       5.717     6.62786    0.339847
          28     2.54558      5.8235     6.20045    0.252753
          28     2.73415       4.205     5.05595     0.25604
          28     2.92271       3.229     3.58139    0.215268
          28     3.11127      4.5265     2.67259    0.162429
          28     3.29983       1.946     2.07286    0.131654
          28     3.48839      1.6285     1.45129   0.0987642
          28     3.67696       0.589     1.02098   0.0989657
          28     3.86552      0.5755    0.625607   0.0841602
          28     4.05408       0.256    0.386089   0.0617335
          28     4.24264      0.0025    0.195125   0.0450478
          28      4.4312        0.78   0.0956607   0.0315575
          28     4.61976      0.1075   0.0166429  0.00718926
          28     4.80833      0.1125   0.0221786   0.0100663
          28     4.99689           0   0.0146607  0.00868412
          28     5.18545           0 0.000553571 0.000543596
          28     5.37401           0 0.000839286 0.000824162
          28     5.56257           0           0           0
          29   0.0942809      0.1225       0.097   0.0214613
          29    0.282843       1.127     0.81319   0.0654515
          29    0.471405      3.3085     2.17184    0.132567
          29    0.659966      3.8005     3.69591    0.193745
          29    0.848528      5.2005     5.67798     0.25818
          29     1.03709       7.389     8.10067     0.27138
          29     1.22565       9.962     8.91662     0.28326
          29     1.41421       9.189     9.41531    0.265325
          29     1.60278     10.6875     9.89019     0.22306
          29     1.79134     11.3735     10.4193    0.268377
          29      1.9799      9.8175      9.9165    0.274036
          29     2.16846       8.523     8.93234    0.216515
          29     2.35702       5.813     6.59976    0.329288
          29     2.54558      5.0375     6.16034    0.247199
          29     2.73415      3.1345     4.98969     0.25564
          29     2.92271      2.7345     3.55219    0.209816
          29     3.11127      5.1065     2.75652     0.17719
          29     3.29983       2.515      2.0881    0.127994
          29     3.48839      1.8395     1.46467   0.0962615
          29     3.67696       0.285    0.995603   0.0987536
          29     3.86552      0.0315    0.605121   0.0837144
          29     4.05408      0.6585    0.395483   0.0603152
          29     4.24264      0.3075       0.199   0.0436608
          29      4.4312      0.0365   0.0936207   0.0305352
          29     4.61976           0    0.016069  0.00696423
          29     4.80833           0   0.0214138  0.00974823
          29     4.99689           0   0.0141552  0.00839937
          29     5.18545           0 0.000534483 0.000525187
          29     5.37401           0 0.000810345 0.000796251
          29     5.56257           0           0           0
          30   0.0942809       0.145      0.0986   0.0208054
          30    0.282843       1.491    0.835783   0.0670561
          30    0.471405       1.438     2.14738    0.130385
          30    0.659966      2.5165      3.6566    0.191234
          30    0.848528       4.167     5.62762    0.254439
          30     1.03709       8.704     8.12078    0.263079
          30     1.22565     10.7685     8.97835    0.280464
          30     1.41421      9.5825     9.42088    0.256539
          30     1.60278     11.2845     9.93667    0.220414
          30     1.79134      10.282     10.4148     0.25947
          30      1.9799      8.9255     9.88347    0.266885
          30     2.16846      9.6545     8.95642    0.210632
          30     2.35702        7.89     6.64277    0.321108
          30     2.54558      3.4895     6.07132    0.254486
          30     2.73415      5.2345     4.99785    0.247249
          30     2.92271       3.441     3.54848    0.202855
          30     3.11127      4.2195     2.80528    0.177867
          30     3.29983       2.022      2.0859    0.123746
          30     3.48839       0.898     1.44578   0.0948879
          30     3.67696      0.7705      0.9881   0.0957464
          30     3.86552      0.6565    0.606833   0.0809415
          30     4.05408      0.2945    0.392117   0.0583986
          30     4.24264      0.0905    0.195383    0.042355
          30      4.4312      0.0345     0.09165   0.0295809
          30     4.61976           0   0.0155333  0.00675265
          30     4.80833           0      0.0207  0.00944939
          30     4.99689           0   0.0136833  0.00813263
          30     5.18545           0 0.000516667 0.000507983
          30     5.37401           0 0.000783333 0.000770167
          30     5.56257           0           0           0
