Progressive_r_uniform_fundamental;Progressive_r_uniform_fundamental_error;Progressive_r_uniform_excited;Progressive_r_uniform_excited_error;Progressive_r_gaussian_fundamental;Progressive_r_gaussian_fundamental_error;Progressive_r_gaussian_excited;Progressive_r_gaussian_excited_error
1.51246;0;4.99089;0;1.51369;0;4.94137;0
1.4928;0.0196642;5.00196;0.0110642;1.51223;0.00146341;4.98814;0.0467723
1.5016;0.0143633;4.99794;0.00754565;1.5066;0.00568929;4.99329;0.0274918
1.49938;0.0103967;5.00875;0.012053;1.50773;0.00417867;4.99408;0.0194556
1.50113;0.00824121;5.00211;0.0114559;1.50603;0.00365748;5.00746;0.0201532
1.50545;0.00800062;4.9975;0.0104278;1.50289;0.00433149;5.01239;0.017178
1.50383;0.00695472;4.99589;0.00895872;1.5029;0.00366081;5.01417;0.0146269
1.50047;0.00689405;4.99685;0.00781754;1.50091;0.00374739;5.00805;0.0140695
1.50046;0.00608;4.99364;0.00760403;1.49872;0.00396515;5.00049;0.0145303
1.50077;0.00544692;4.99522;0.00698216;1.49912;0.00356911;4.99593;0.0137729
1.50214;0.00511534;4.99758;0.00673981;1.49899;0.00323082;4.99433;0.0125608
1.50116;0.00477298;4.99841;0.00620905;1.49775;0.00319925;4.99879;0.0123028
1.50235;0.00454947;4.99548;0.00641886;1.49912;0.00324397;5.00074;0.0114849
1.50214;0.00421727;4.99626;0.00599398;1.49939;0.00301604;5.00225;0.0107395
1.50167;0.00395401;4.99766;0.00575176;1.49935;0.00280817;5.00506;0.0103857
1.50236;0.00376295;4.99928;0.00561835;1.49854;0.00274629;5.00321;0.00989046
1.50344;0.00369639;4.99963;0.00528944;1.49896;0.00261307;5.00118;0.00950947
1.50369;0.00349392;4.99772;0.00534028;1.49959;0.00254328;5.00061;0.00898373
1.50375;0.00330546;4.99914;0.00524574;1.49995;0.00243245;4.99913;0.00862534
1.50199;0.00359742;4.99951;0.00499031;1.5003;0.00233373;5.00227;0.00876326
1.50161;0.00344215;4.99839;0.00487576;1.50012;0.0022274;5.00244;0.00833735
1.50189;0.00329379;4.99933;0.00474267;1.50024;0.00212725;5.00152;0.00800318
1.50187;0.00314745;4.99692;0.00513393;1.49999;0.00204725;4.99905;0.00803479
1.50209;0.00302201;4.99819;0.00507659;1.49994;0.00196074;5.00135;0.00802757
1.50169;0.00292595;4.9977;0.00489324;1.49972;0.00189455;5.00057;0.00773919
1.50078;0.00295478;4.99932;0.00496964;1.49884;0.00201847;5.00279;0.0077618
1.50061;0.00284853;4.99944;0.00478356;1.49856;0.00196289;5.00282;0.00746886
1.50067;0.00274556;5.00015;0.00466424;1.49911;0.0019689;5.00162;0.00729644
1.50101;0.00267145;5.00235;0.00500849;1.49951;0.00194217;5.00074;0.00709611
1.50084;0.00258675;5.00311;0.00489864;1.4997;0.00188548;5.00184;0.00694376
1.50072;0.00250457;5.00179;0.00491737;1.49896;0.00196592;5.00025;0.00690196
1.50037;0.00245109;5.00317;0.00495583;1.49868;0.00192461;5.00041;0.00668485
1.50015;0.00238557;5.00301;0.00480611;1.49874;0.0018663;4.99913;0.0066053
1.5001;0.00231493;5.00302;0.00466262;1.49937;0.00191797;4.99862;0.00642797
1.50037;0.00226446;5.00091;0.00499252;1.49947;0.00186495;4.99658;0.00656729
1.50014;0.00221285;4.99975;0.00498852;1.49969;0.00182677;4.99738;0.00643191
1.50026;0.00215567;4.99893;0.00492075;1.49997;0.00179752;4.99876;0.00640621
1.50048;0.00210907;4.99869;0.00479547;1.5001;0.00175477;4.99887;0.00623631
1.5001;0.00208895;4.99851;0.00467435;1.49983;0.00173001;4.9985;0.00608548
1.4995;0.00212157;4.99864;0.00455788;1.49998;0.0016922;4.99905;0.00595652
1.49893;0.00214704;4.99912;0.0044704;1.49971;0.00167135;4.99875;0.00581704
1.49902;0.00209724;4.99885;0.00437094;1.49964;0.00163296;4.99759;0.00579342
1.49901;0.0020479;5.00021;0.0044791;1.49997;0.00163016;4.99739;0.0056609
1.49881;0.00201115;5.00035;0.00437835;1.50023;0.00161243;4.99798;0.00556283
1.49891;0.00196867;5.00135;0.00439508;1.49995;0.00160049;4.9969;0.00554517
1.4991;0.00193434;5.00272;0.00451336;1.50016;0.00157918;4.99768;0.00547984
1.49953;0.00194038;5.00326;0.00444862;1.50008;0.00154713;4.9968;0.00543333
1.49986;0.00192822;5.00344;0.00435881;1.49985;0.0015317;4.99807;0.00546705
1.49962;0.00190382;5.00404;0.00431139;1.49985;0.00150013;4.99787;0.00535787
1.49953;0.00186738;5.00412;0.00422501;1.49993;0.00147193;4.99839;0.00527463
1.49937;0.00183736;5.00457;0.00416587;1.49976;0.00145245;4.99745;0.00525496
1.49954;0.0018096;5.0047;0.00408682;1.49963;0.00142964;4.9984;0.00524047
1.49953;0.00177514;5.00455;0.0040117;1.49965;0.00140254;4.99835;0.00514087
1.49983;0.0017668;5.0044;0.00393969;1.49966;0.00137635;4.99775;0.00508014
1.4998;0.00173462;5.00458;0.003872;1.49991;0.00137458;4.99678;0.00508081
1.49983;0.00170369;5.00495;0.00381968;1.49989;0.00135007;4.99726;0.00501223
1.49964;0.00168444;5.00449;0.00377971;1.49959;0.00135821;4.99805;0.00498623
1.49986;0.0016696;5.00378;0.00378226;1.49928;0.00137044;4.9968;0.00505516
1.50007;0.00165422;5.00229;0.00400465;1.49945;0.00135735;4.9965;0.00497823
1.50012;0.00162737;5.00227;0.00393741;1.49926;0.0013474;4.99651;0.00489458
1.49985;0.00162319;5.00247;0.00387771;1.49929;0.00132543;4.99621;0.00482302
1.5002;0.00163507;5.00198;0.00384603;1.49965;0.00135215;4.99659;0.00475947
1.50004;0.00161767;5.00293;0.00390186;1.49964;0.00133054;4.99693;0.00469616
1.49992;0.00159633;5.00289;0.00384063;1.49944;0.00132533;4.99632;0.00466319
1.50002;0.0015745;5.00322;0.00379575;1.49931;0.00131111;4.99626;0.00459121
1.49984;0.00156019;5.00253;0.00380037;1.49928;0.00129154;4.99711;0.00459978
1.49974;0.00154047;5.00204;0.00377621;1.49895;0.00131274;4.99696;0.00453309
1.49963;0.00152125;5.00149;0.00375966;1.49947;0.00139476;4.99689;0.00446646
1.49988;0.00151904;5.00164;0.00370754;1.49933;0.00138158;4.99717;0.00441036
1.49988;0.00149718;5.00183;0.00365941;1.49954;0.00137777;4.99722;0.0043471
1.49975;0.00148171;5.00253;0.00367516;1.49976;0.00137605;4.99789;0.00433851
1.49987;0.00146613;5.00192;0.00367599;1.49975;0.00135688;4.99759;0.00428866
1.4999;0.00144614;5.00196;0.00362551;1.4998;0.00133927;4.99838;0.0043035
1.50001;0.00143076;5.00136;0.00362494;1.50001;0.00133743;4.9989;0.00427599
1.49985;0.00142042;5.00155;0.00358097;1.50013;0.00132437;4.99887;0.00421866
1.50024;0.00145384;5.00207;0.00357248;1.50008;0.00130773;4.99908;0.00416819
1.50019;0.00143563;5.00158;0.0035608;1.50008;0.00129064;4.99891;0.00411718
1.50033;0.00142378;5.00169;0.00351686;1.5002;0.00127981;4.99917;0.00407199
1.50043;0.00140906;5.00174;0.00347233;1.50016;0.00126415;4.99881;0.00403606
1.50037;0.0013924;5.00191;0.00343319;1.49975;0.00131411;4.99876;0.00398557
1.50049;0.00137995;5.00187;0.00339084;1.49986;0.00130187;4.99879;0.00393615
1.5003;0.00137582;5.00174;0.00335153;1.4995;0.00133366;4.99852;0.00389721
1.50034;0.00135962;5.0016;0.00331391;1.4994;0.00132157;4.99851;0.00385
1.50035;0.00134344;5.00134;0.00328481;1.49938;0.00130589;4.9975;0.00393394
1.50048;0.00133404;5.00092;0.00327337;1.49955;0.00130188;4.99759;0.00388847
1.50058;0.00132177;5.00163;0.00331241;1.49952;0.00128705;4.99803;0.00386784
1.50059;0.0013066;5.00124;0.00329744;1.49955;0.00127251;4.99787;0.0038264
1.50053;0.00129333;5.00089;0.00327846;1.4995;0.00125881;4.99804;0.00378644
1.50048;0.00127962;5.00089;0.00324142;1.49976;0.00127113;4.99771;0.00375833
1.50006;0.00133279;5.00056;0.0032222;1.49972;0.00125767;4.9978;0.00371745
1.50021;0.00132652;5.00094;0.00320921;1.49998;0.00127178;4.99759;0.00368241
1.5002;0.00131206;5.00132;0.00319698;1.4999;0.00126081;4.99817;0.00368734
1.50018;0.00129813;5.00135;0.00316254;1.49957;0.00128898;4.9978;0.00366539
1.50005;0.00129039;5.00159;0.00313799;1.49938;0.00128987;4.99782;0.0036262
1.49996;0.00127967;5.00164;0.00310515;1.49945;0.00127839;4.99819;0.00360698
1.49998;0.00126644;5.00161;0.00307282;1.49947;0.00126515;4.99822;0.0035694
1.50015;0.00126461;5.00158;0.00304112;1.49939;0.00125444;4.99855;0.00354767
1.50014;0.00125168;5.00191;0.00302804;1.4995;0.0012462;4.99865;0.00351279
1.50017;0.00123923;5.00147;0.00302942;1.49943;0.00123584;4.99934;0.00354465
1.50021;0.00122748;5.00153;0.00299974;1.49921;0.00124254;4.99917;0.00351353
