0 440.575 492.969
1 432.53 475.875
2 403.998 460.806
3 403.998 447.161
4 389.796 434.69
5 381.743 421.104
6 379.243 409.705
7 367.613 399.656
8 362.54 390.923
9 351.814 383.56
10 344.869 376.607
11 338.295 368.396
12 333.398 360.667
13 327.447 353.991
14 314.794 348.356
15 314.733 343.322
16 308.907 338.161
17 305.122 332.366
18 299.608 324.675
19 298.279 319.042
20 294.853 314.382
21 287.978 310.325
22 282.963 306.157
23 277.625 301.387
24 268.83 295.309
25 267.603 289.969
26 264.066 284.172
27 258.351 278.903
28 255.009 274.027
29 252.331 269.357
30 252.331 266.063
31 248.755 263.458
32 244.432 261.821
33 243.837 260.11
34 238.667 257.351
35 238.016 255.114
36 235.346 252.545
37 230.339 249.101
38 230.116 246.213
39 228.749 243.686
40 225.523 239.564
41 220.398 236.385
42 219.906 233.105
43 218.484 229.541
44 214.91 227.979
45 214.91 225.967
46 212.995 223.548
47 211.512 221.326
48 210.776 218.769
49 206.027 217.451
50 200.871 216.389
51 200.871 215.015
52 200.574 213.89
53 199.889 211.876
54 189.557 210.067
55 189.557 207.817
56 189.557 204.698
57 187.208 201.522
58 187.208 198.167
59 185.863 196.714
60 185.863 196.607
61 185.863 196.908
62 184.234 196.36
63 183.416 196.706
64 183.416 196.01
65 180.76 194.689
66 178.699 192.547
67 178.699 191.394
68 178.558 189.104
69 177.24 187.01
70 175.03 185.149
71 172.731 183.223
72 172.731 181.782
73 172.316 180.801
74 171.205 180.249
75 170.5 178.838
76 169.742 177.505
77 167.614 176.673
78 166.189 175.468
79 166.189 175.276
80 166.189 175.561
81 162.372 174.877
82 162.312 174.072
83 159.911 173.384
84 159.543 172.836
85 159.343 172.503
86 157.917 171.264
87 155.989 170.67
88 155.989 168.635
89 155.256 168.392
90 155.256 165.748
91 153.071 163.474
92 153.071 160.884
93 151.859 160.138
94 151.859 159.388
95 150.269 159.25
96 148.767 158.63
97 148.538 158.233
98 148.328 157.728
99 147.909 156.928
100 130.275 156.922
101 130.275 156.057
102 130.275 155.243
103 129.449 154.718
104 129.278 152.002
105 129.037 149.549
106 129.037 145.013
107 128.2 141.434
108 127.977 137.376
109 127.815 135.139
110 126.749 134.25
111 126.364 132.822
112 126.185 131.206
113 125.093 130.816
114 125.093 130.39
115 124.123 129.848
116 123.738 129.487
117 122.879 129.496
118 122.879 129.479
119 120.462 129.186
120 120.462 130.415
121 120.462 130.664
122 120.429 131.481
123 120.429 131.946
124 120.205 131.122
125 120.135 130.544
126 119.106 129.96
127 118.761 128.519
128 118.453 127.776
129 118.127 126.814
130 116.688 125.845
131 116.688 126.27
132 116.688 125.056
133 116.277 124.787
134 116.277 124.181
135 115.636 124.254
136 114.999 124.79
137 114.999 124.488
138 114.742 124.242
139 114.102 122.911
140 113.846 121.306
141 113.843 120.174
142 113.586 118.838
143 113.586 117.972
144 113.512 117.51
145 113.252 116.636
146 112.025 116.162
147 111.592 116.57
148 110.909 115.999
149 110.909 115.464
150 110.319 114.665
151 109.621 114.765
152 109.621 114.341
153 109.621 113.434
154 109.295 112.922
155 108.939 113.062
156 108.939 113.189
157 108.267 113.586
158 108.01 113.34
159 108.01 112.911
160 107.578 112.548
161 107.578 112.321
162 107.055 111.336
163 106.924 111.356
164 106.623 111.172
165 106.191 111.744
166 106.191 111.334
167 105.494 110.223
168 105.494 109.435
169 105.494 109.045
170 104.919 108.267
171 104.707 108.061
172 104.707 107.475
173 104.132 107.603
174 104.132 107.559
175 104.132 107.327
176 103.839 107.334
177 103.011 107.354
178 103.011 107.138
179 103.011 107.697
180 103.011 108.865
181 103.011 110.551
182 102.738 112.176
183 102.504 112.512
184 102.481 113.734
185 102.481 114.575
186 102.38 115.655
187 102.123 115.146
188 102.123 114.66
189 102.123 115.272
190 101.371 115.255
191 101.371 115.242
192 101.369 113.321
193 101.369 111.637
194 101.369 108.968
195 101.369 108.058
196 100.965 107.386
197 100.965 106.547
198 100.965 105.818
199 100.67 105.089
200 96.5688 103.867
201 96.5688 103.82
202 96.5688 103.983
203 96.5688 105.424
204 96.5688 106.339
205 96.5688 108.272
206 96.5688 109.186
207 96.0628 109.797
208 96.0628 108.104
209 96.0628 105.495
210 96.0347 105.18
211 96.0347 104.542
212 96.0347 104.056
213 95.4277 103.535
214 95.4277 102.607
215 95.3996 102.567
216 95.3996 102.73
217 95.3996 101.524
218 95.3996 101.647
219 95.3996 101.812
220 95.3996 103.5
221 95.3996 104.348
222 95.3996 104.215
223 95.2819 104.871
224 95.2819 105.488
225 94.5731 106.406
226 94.5731 105.818
227 94.5731 105.404
228 94.5731 104.776
229 94.3809 104.57
230 94.3809 104.375
231 94.3809 104.215
232 94.3809 104.35
233 94.3809 104.104
234 94.3809 103.249
235 94.3731 102.582
236 94.1436 101.075
237 94.1436 101.245
238 94.1436 101.077
239 94.052 100.935
240 93.441 100.486
241 93.441 99.0142
242 93.441 98.4418
243 93.3493 98.1944
244 93.3493 97.4379
245 93.3493 96.8822
246 92.7401 96.9808
247 92.7401 96.4714
248 92.3434 96.7346
249 92.3434 96.4282
250 92.1838 95.9302
251 92.0001 96.0624
252 92.0001 95.7771
253 91.3734 95.6145
254 91.2136 95.379
255 91.2136 94.7427
256 90.4391 94.7014
257 90.2794 95.062
258 90.2499 94.3587
259 90.0282 94.1647
260 89.2537 93.8816
261 88.7114 93.2707
262 88.7114 93.1787
263 88.5222 92.8007
264 88.5222 92.2714
265 88.5222 92.0921
266 88.2613 92.2214
267 88.2613 91.7682
268 87.8369 92.1914
269 87.8369 92.1293
270 87.8369 91.8514
271 87.8369 91.9948
272 87.8369 91.6967
273 87.5683 91.3938
274 87.5683 91.225
275 87.5683 91.7756
276 87.5683 90.9125
277 87.5683 90.8447
278 87.1816 91.339
279 87.1816 92.5582
280 87.1816 92.1494
281 87.0995 92.9072
282 87.0995 94.0099
283 87.0995 93.2614
284 87.0995 92.5174
285 87.0995 92.4138
286 87.0995 91.6627
287 86.4873 91.498
288 86.4873 91.0404
289 86.4873 90.8726
290 86.38 90.1617
291 86.0613 89.786
292 86.0613 90.02
293 85.9809 90.1678
294 85.9809 89.6512
295 85.3074 89.5764
296 85.3074 90.143
297 85.3074 89.7638
298 85.3074 91.4586
299 85.3074 92.7374
300 80.036 93.748
301 80.036 93.5823
302 80.036 93.2071
303 80.036 93.7127
304 80.036 94.1614
305 80.036 93.7565
306 79.8159 90.9609
307 79.7185 89.619
308 79.5941 88.409
309 79.5941 86.5218
310 78.9705 85.4993
311 78.9705 84.5237
312 78.9705 84.2886
313 78.9705 83.4551
314 78.9705 83.2904
315 78.9705 83.176
316 78.4179 82.3063
317 78.4179 82.0725
318 78.4179 81.8373
319 78.4179 82.2223
320 78.4179 82.6793
321 78.4179 82.2563
322 78.3179 82.2999
323 77.5852 81.6115
324 77.5852 81.2032
325 77.4851 81.2316
326 77.4648 80.5279
327 76.924 80.3093
328 76.7075 80.265
329 76.7075 80.556
330 76.7075 80.2256
331 76.7075 80.1239
332 76.705 79.6232
333 76.2085 79.4665
334 76.206 79.364
335 76.1769 78.834
336 76.0712 79.334
337 75.5407 79.5592
338 75.5407 78.9536
339 75.4309 79.2635
340 75.3993 79.9763
341 75.1692 79.5783
342 75.1692 79.0364
343 75.0279 78.6292
344 75.0279 78.3446
345 75.0279 78.0797
346 74.9178 78.2387
347 74.7764 78.3427
348 74.7764 77.2144
349 74.4262 77.2444
350 74.4262 77.822
351 74.3415 77.6945
352 74.3415 77.8256
353 74.3415 77.7987
354 74.3415 77.7198
355 74.23 77.6124
356 74.23 77.4864
357 74.1984 77.4616
358 74.1984 77.206
359 74.1372 77.2042
360 73.9161 77.2635
361 73.773 77.1524
362 73.6802 76.7647
363 73.6802 77.1534
364 73.6802 76.8136
365 73.3228 76.679
366 73.3228 76.4358
367 73.3228 76.0526
368 73.0343 76.2817
369 73.0343 76.5588
370 73.0343 76.3753
371 73.0343 76.0695
372 72.8903 75.8468
373 72.8903 75.9738
374 72.8903 75.7747
375 72.8903 75.9844
376 72.8903 75.8841
377 72.8903 75.5893
378 72.8903 75.7318
379 72.8903 76.1129
380 72.8903 75.8352
381 72.8848 75.0164
382 72.8848 75.7474
383 72.8848 76.0004
384 72.8848 77.0604
385 72.8848 76.455
386 72.1308 76.8597
387 72.1253 76.3461
388 72.1253 76.5705
389 72.1253 75.8411
390 72.1253 75.9574
391 72.1253 75.7767
392 72.1253 75.7887
393 72.1253 75.728
394 72.1253 75.2063
395 71.5622 75.4352
396 71.5622 74.8357
397 71.5622 74.6996
398 71.5622 74.5175
399 71.1329 74.1518
400 71.1329 74.1779
401 71.1329 73.826
402 71.1329 73.7237
403 71.1329 74.2737
404 71.1329 73.812
405 71.1329 73.9312
406 71.1329 74.4769
407 71.1329 74.4413
408 71.1329 73.9622
409 71.1329 73.8314
410 71.1329 73.3912
411 71.1329 73.861
412 71.1329 73.6613
413 71.1329 74.1313
414 70.9912 74.9778
415 70.9912 74.5178
416 70.4646 74.6869
417 70.4646 74.885
418 70.4646 74.5802
419 70.4646 73.4827
420 70.4646 74.2877
421 70.4646 74.3016
422 70.4646 73.4399
423 70.4646 73.6732
424 70.4646 74.0244
425 70.4646 74.5435
426 70.4646 74.3476
427 70.4646 73.996
428 70.4646 73.8519
429 70.4646 73.8234
430 70.4646 73.7416
431 70.4646 73.8955
432 70.4646 73.2495
433 70.4646 73.1516
434 70.4646 73.2851
435 70.4646 73.3948
436 70.4646 73.5213
437 70.4646 73.0187
438 70.4646 73.2146
439 70.4646 73.3677
440 70.4646 73.4702
441 70.4646 72.981
442 70.4646 72.4797
443 70.4646 72.1624
444 70.4646 72.1326
445 70.3244 72.1562
446 70.3244 72.6408
447 70.3244 72.5337
448 70.3244 72.6356
449 70.3244 73.2061
450 70.3244 73.7529
451 70.3244 73.4106
452 70.3244 74.1035
453 70.3244 74.2319
454 70.3244 73.6312
455 70.3244 73.5282
456 70.3244 73.3067
457 70.3244 72.4758
458 70.3244 72.8903
459 70.3244 72.6841
460 70.3244 72.9617
461 70.3244 73.3263
462 70.3244 73.0277
463 70.3244 73.186
464 70.3244 72.6184
465 70.3244 73.2622
466 70.3244 72.9407
467 70.3244 73.7011
468 70.3244 73.3453
469 70.3244 73.1811
470 70.3244 72.4427
471 70.3244 73.2984
472 70.3244 72.5112
473 70.3244 72.3839
474 70.3244 72.759
475 70.3244 72.3346
476 70.3244 72.7707
477 70.3244 73.1392
478 70.3244 72.6317
479 70.3244 72.8627
480 70.3244 73.1092
481 70.3244 73.1542
482 70.3244 73.0665
483 70.3244 72.5349
484 70.3244 72.8551
485 70.3244 72.9129
486 70.3244 73.4015
487 70.3244 73.1207
488 70.3244 72.4837
489 70.3244 73.4592
490 70.3244 72.6094
491 70.3244 73.2178
492 69.9444 72.8986
493 69.9444 72.5635
494 69.9444 72.8663
495 69.9444 73.525
496 69.7639 73.9016
497 69.7639 73.4935
498 69.7639 73.7893
499 69.7639 72.7416
500 69.3905 72.9724
501 68.5899 72.9718
502 68.1099 73.203
503 67.9602 73.2885
504 67.5378 73.6453
505 67.4053 72.5782
506 67.3677 72.3219
507 67.3677 72.3278
508 67.2351 71.706
509 67.2351 71.7764
510 67.2351 70.619
511 67.2351 70.0421
512 67.2351 70.08
513 67.2351 70.405
514 67.2351 70.4652
515 67.2351 70.0789
516 67.2351 70.6967
517 67.2351 70.0609
518 67.2351 70.415
519 67.1307 69.9613
520 67.1307 70.0675
521 67.1307 69.4136
522 67.1307 69.1469
523 67.1307 70.2567
524 66.984 70.7253
525 66.984 70.6994
526 66.984 70.0728
527 66.984 69.783
528 66.984 70.2049
529 66.984 69.6662
530 66.984 70.6186
531 66.984 70.0005
532 66.984 68.9525
533 66.984 69.7991
534 66.984 69.9319
535 66.984 70.081
536 66.984 70.0987
537 66.984 70.1929
538 66.984 69.6311
539 66.984 70.0973
540 66.984 70.6736
541 66.984 70.0017
542 66.5847 69.2265
543 66.5847 69.159
544 66.5847 69.5242
545 66.5847 69.3917
546 66.5847 69.56
547 66.5758 69.8315
548 66.5758 69.7376
549 66.5758 70.1688
550 66.5758 70.5099
551 66.5758 70.1528
552 66.5758 69.8588
553 66.5758 69.1843
554 66.5758 69.3321
555 66.5758 69.1842
556 66.5758 69.9413
557 66.5758 69.7221
558 66.5758 69.7936
559 66.5758 70.1958
560 66.5758 70.2128
561 66.5758 70.0626
562 66.5758 70.3689
563 66.5758 69.3486
564 66.5758 70.5112
565 66.5758 69.8024
566 66.5758 70.3949
567 66.5758 69.1953
568 66.5758 69.3442
569 66.5758 69.1191
570 66.5419 69.4269
571 66.5419 69.4458
572 66.5419 69.9926
573 66.5419 69.7538
574 66.5419 70.3818
575 66.5419 69.4656
576 66.5419 69.1439
577 66.5419 69.3167
578 66.5419 69.3391
579 66.5419 69.0789
580 66.5419 69.0239
581 66.5419 69.992
582 66.5419 69.3467
583 66.5419 68.5675
584 66.5419 68.8641
585 66.5419 69.6186
586 66.5419 69.9492
587 66.5419 69.6746
588 66.5419 69.6457
589 66.5419 69.823
590 66.5419 69.694
591 66.5419 70.0897
592 66.5419 70.0951
593 66.5419 69.5819
594 66.5419 69.581
595 66.5419 69.3763
596 66.5419 69.1979
597 66.5419 69.1086
598 66.5419 69.7866
599 66.5419 70.1614
600 66.5419 70.1905
601 66.5419 69.6406
602 66.5419 69.5913
603 66.5419 69.5984
604 66.5419 68.9978
605 66.5419 69.1077
606 66.5419 68.8203
607 66.5419 69.6218
608 66.5419 69.5048
609 66.5419 69.5173
610 66.5419 69.1488
611 66.5419 69.6739
612 66.5419 69.6697
613 66.5419 69.393
614 66.5419 68.9647
615 66.5419 69.3037
616 66.5419 69.3491
617 66.5419 69.2605
618 66.5419 69.4092
619 66.5419 69.173
620 66.5419 69.4313
621 66.5419 69.4959
622 66.5419 69.9475
623 66.5419 69.3883
624 66.5419 69.299
625 66.5419 69.6377
626 66.5419 70.0273
627 66.5419 69.8985
628 66.5419 69.499
629 66.5419 69.6394
630 66.5419 70.0058
631 66.5419 69.717
632 66.5419 69.8758
633 66.5419 69.8624
634 66.5419 69.5049
635 66.5419 69.2538
636 66.5419 69.4966
637 66.5419 68.9238
638 66.5419 69.0448
639 66.5419 69.439
640 66.5419 69.5199
641 66.5419 69.6223
642 66.5419 69.4317
643 66.5419 69.4243
644 66.5419 69.9418
645 66.5419 69.3466
646 66.5419 69.1605
647 66.5419 68.9685
648 66.5419 68.9652
649 66.5419 69.2807
650 66.5419 69.3788
651 66.5419 69.7161
652 66.5419 69.6595
653 66.5419 69.7282
654 66.5419 69.0482
655 66.5419 69.1717
656 66.5419 69.2942
657 66.5419 69.5263
658 66.5419 69.6431
659 66.5419 69.2572
660 66.5419 69.6566
661 66.5419 69.7926
662 66.5419 69.4357
663 66.5419 69.9157
664 66.5419 69.7154
665 66.5419 70.111
666 66.5419 70.1332
667 66.5419 69.841
668 66.5419 70.1462
669 66.5419 69.5792
670 66.5419 69.4635
671 66.5419 69.6914
672 66.5419 70.0515
673 66.5419 69.7214
674 66.5419 70.0801
675 66.5419 70.0738
676 66.5419 69.7349
677 66.5419 69.6314
678 66.5419 69.1577
679 66.5419 69.6995
680 66.5419 69.0973
681 66.5419 69.7215
682 66.5419 69.2838
683 66.5419 69.8004
684 66.5419 68.8744
685 66.5419 68.9374
686 66.5419 69.3044
687 66.5419 69.7846
688 66.5419 69.3352
689 66.5419 69.291
690 66.5419 69.2864
691 66.5419 69.6982
692 66.5419 69.5754
693 66.5419 69.5616
694 66.5419 68.9881
695 66.5419 69.3014
696 66.5419 69.3242
697 66.5419 69.459
698 66.5419 69.143
699 66.5419 69.2107
700 65.7762 69.4192
701 65.7762 69.009
702 65.7762 68.9798
703 65.7762 68.9999
704 65.7762 68.9812
705 65.7762 69.1491
706 65.7762 69.4092
707 65.7762 69.2042
708 65.7762 68.7507
709 65.7762 69.1509
710 65.7762 69.7664
711 65.7762 68.9255
712 65.7762 68.8083
713 65.7762 68.559
714 65.7762 68.1244
715 65.7762 68.5701
716 65.7762 68.7137
717 65.7762 69.3128
718 65.7762 69.0119
719 65.7762 69.2536
720 65.7762 68.9052
721 65.7762 68.8383
722 65.7762 69.1736
723 65.7762 69.0388
724 65.7762 69.3011
725 65.7762 68.1346
726 65.7762 68.5547
727 65.7762 69.2335
728 65.7762 69.1794
729 65.7762 69.3517
730 65.7762 69.2206
731 65.7762 69.2022
732 65.7762 69.1599
733 65.7762 69.6071
734 65.7762 69.5287
735 65.7762 69.5029
736 65.7762 69.5095
737 65.7762 69.7288
738 65.7762 69.2661
739 65.7762 69.5123
740 65.7762 69.3146
741 65.7762 69.2183
742 65.7762 69.5317
743 65.7762 69.5873
744 65.7762 69.402
745 65.7762 68.9173
746 65.7762 68.2698
747 65.7762 68.4446
748 65.7762 68.7873
749 65.7762 68.5285
750 65.7762 68.8684
751 65.7762 67.4291
752 65.7762 67.6586
753 65.7762 68.1193
754 65.7762 68.3169
755 65.7762 67.8711
756 65.7762 68.0966
757 65.7762 67.8709
758 65.7762 68.0537
759 65.7762 68.5985
760 65.7762 68.8807
761 65.7762 68.875
762 65.7762 69.0759
763 65.7762 69.0831
764 65.7762 68.6504
765 65.7762 68.618
766 65.7762 68.7458
767 65.7762 68.7144
768 65.7762 68.0265
769 65.7762 68.4213
770 65.7762 68.589
771 65.7762 68.0305
772 65.7762 68.1098
773 65.7762 68.509
774 65.7762 69.2476
775 65.7762 69.187
776 65.7762 69.3999
777 65.7762 68.4488
778 65.7762 68.7322
779 65.7762 68.072
780 65.7762 68.3831
781 65.7762 68.7477
782 65.7762 69.1435
783 65.7762 68.5912
784 65.7762 68.2356
785 65.7762 67.937
786 65.7762 68.7831
787 65.7762 69.259
788 65.7762 68.7496
789 65.7762 68.9564
790 65.7762 69.0628
791 65.7762 68.4389
792 65.7762 68.428
793 65.7762 68.2311
794 65.7762 68.1894
795 65.7762 68.4182
796 65.7762 68.1757
797 65.7762 67.9574
798 65.7762 68.3412
799 65.7762 67.9565
800 65.6179 67.9688
801 65.6179 67.7107
802 65.6179 68.3783
803 65.6179 68.0246
804 65.6179 68.1808
805 65.6179 68.5049
806 65.6179 68.0909
807 65.6179 67.7977
808 65.6179 67.7637
809 65.6179 68.3884
810 65.6179 68.3422
811 65.6179 67.9916
812 65.6179 68.0668
813 65.6179 68.1319
814 65.6179 69.0096
815 65.6179 69.025
816 65.6179 68.6581
817 65.6179 68.4473
818 65.6179 68.5975
819 65.6179 68.5028
820 65.6179 68.5384
821 65.6179 67.8966
822 65.6179 67.8819
823 65.6179 67.875
824 65.6179 67.7602
825 65.6179 68.2747
826 65.6179 67.7989
827 65.6179 68.0939
828 65.6179 68.2095
829 65.6179 68.8726
830 65.6179 69.8389
831 65.6179 69.2983
832 65.6179 68.2617
833 65.6179 67.9908
834 65.6179 68.3192
835 65.6179 68.7765
836 65.6179 69.1081
837 65.6179 68.9977
838 65.6179 68.6764
839 65.6179 68.5159
840 65.6179 68.5829
841 65.6179 68.1866
842 65.6179 68.0223
843 65.6179 68.9397
844 65.6179 68.6851
845 65.6179 68.9815
846 65.6179 68.9672
847 65.6179 69.345
848 65.6179 69.198
849 65.6179 68.5361
850 65.6179 68.4837
851 65.6179 68.5819
852 65.6179 68.3503
853 65.6179 67.8498
854 65.6179 68.1566
855 65.6179 68.2666
856 65.6179 68.2414
857 65.6179 68.84
858 65.6179 69.0561
859 65.6179 69.073
860 65.6179 68.8698
861 65.6179 68.4592
862 65.6179 68.2009
863 65.6179 68.3752
864 65.6179 67.5895
865 65.6179 68.3586
866 65.6179 68.6861
867 65.6179 68.4035
868 65.6179 68.3385
869 65.6179 68.0184
870 65.6179 68.6742
871 65.6179 68.8051
872 65.6179 68.8724
873 65.6179 69.7504
874 65.6179 68.9654
875 65.6179 68.5202
876 65.6179 69.0877
877 65.6179 68.3504
878 65.6179 68.2475
879 65.6179 68.5608
880 65.6179 69.0978
881 65.6179 68.6306
882 65.6179 69.0105
883 65.6179 69.0214
884 65.6179 68.0871
885 65.6179 68.1673
886 65.6179 67.9456
887 65.6179 67.5238
888 65.6179 67.9436
889 65.6179 68.436
890 65.6179 68.3671
891 65.6179 68.8963
892 65.6179 68.8783
893 65.6179 68.7118
894 65.6179 68.8515
895 65.6179 68.8067
896 65.6179 68.6009
897 65.6179 68.6529
898 65.6179 68.6687
899 65.6179 69.1488
900 65.5343 68.658
901 65.5343 68.9275
902 65.5343 68.0675
903 65.5343 68.1449
904 65.5343 68.6388
905 65.5343 69.2006
906 65.5343 69.0691
907 65.5343 69.0982
908 65.5343 69.0382
909 65.5343 69.3692
910 65.5343 69.2636
911 65.5343 68.3736
912 65.5343 68.5738
913 65.5343 67.8402
914 65.5343 67.9278
915 65.5343 68.3291
916 65.5343 67.8466
917 65.5343 68.4751
918 65.5343 68.1577
919 65.5343 67.7267
920 65.5343 68.0789
921 65.5343 67.6973
922 65.5343 68.1387
923 65.5343 68.1978
924 65.5343 67.3585
925 65.5343 67.308
926 65.5343 67.2105
927 65.5343 67.538
928 65.5343 68.0033
929 65.5343 68.134
930 65.5343 69.0087
931 65.5343 69.6479
932 65.5343 69.4188
933 65.5343 68.7147
934 65.5343 69.0721
935 65.5343 69.014
936 65.5343 68.5437
937 65.5343 68.1999
938 65.5343 67.981
939 65.5343 68.2464
940 65.5343 67.8798
941 65.5343 68.2333
942 65.5343 67.9513
943 65.5252 68.3921
944 65.5252 68.4702
945 65.5252 68.9737
946 65.5252 68.9988
947 65.5252 67.9704
948 65.5252 68.9249
949 65.5252 67.6278
950 65.5252 68.4984
951 65.5252 68.3921
952 65.5252 68.6143
953 65.5252 68.7832
954 65.5252 68.7399
955 65.5252 68.6792
956 65.5252 69.0895
957 65.5252 68.9857
958 65.5252 69.1671
959 65.5252 69.1574
960 65.5252 68.6811
961 65.5252 68.0806
962 65.5252 68.4719
963 65.5252 68.3835
964 65.5252 68.6946
965 65.5252 68.8928
966 65.5252 68.9479
967 65.5252 68.3323
968 65.5252 67.6855
969 65.5252 68.8109
970 65.5252 68.2227
971 65.5252 68.776
972 65.5252 68.3271
973 65.3119 68.6291
974 65.3119 68.8047
975 65.3119 68.3134
976 65.3119 68.3321
977 65.3119 68.1919
978 65.3119 67.8496
979 65.3119 68.1305
980 65.3119 68.6526
981 65.3119 68.6203
982 65.3119 69.2548
983 65.3119 68.8374
984 65.3119 68.7055
985 65.3119 68.6499
986 65.3119 69.033
987 65.3119 69.3985
988 65.3119 68.9323
989 65.3119 68.3048
990 65.3119 67.3758
991 65.3119 67.5065
992 65.3119 67.6606
993 65.3119 67.9549
994 65.3119 68.5339
995 65.3119 68.4365
996 65.3119 67.3304
997 65.3119 67.4195
998 65.3119 67.6583
999 65.3119 67.7351
1000 65.3119 67.9464
1001 65.3119 67.4918
1002 65.3119 67.8948
1003 65.3119 67.593
1004 65.3119 67.7953
1005 65.3119 67.6356
1006 65.3119 68.2684
1007 65.3119 67.4492
1008 65.3119 68.3995
1009 65.3119 68.075
1010 65.3119 68.4406
1011 65.3119 68.4154
1012 65.3119 68.1903
1013 65.3119 67.7108
1014 65.3119 67.4486
1015 65.3119 68.0693
1016 65.3119 67.8396
1017 65.3119 68.4029
1018 65.3119 68.1628
1019 65.3119 68.0382
1020 65.3119 68.1278
1021 65.3119 67.8444
1022 65.3119 67.7827
1023 65.3119 68.2314
1024 65.3119 68.9141
1025 65.3119 68.5352
1026 65.3119 69.4906
1027 65.3119 69.3042
1028 65.3119 68.7281
1029 65.3119 68.5012
1030 65.3119 67.8957
1031 65.3119 68.4831
1032 65.3119 67.7268
1033 65.3119 67.7445
1034 65.3119 67.9576
1035 65.3119 68.0909
1036 65.3119 67.9864
1037 65.3119 67.8153
1038 65.3119 68.3413
1039 65.3119 68.2987
1040 65.3119 68.6697
1041 65.3119 68.2636
1042 65.3119 67.5865
1043 65.3119 67.6395
1044 65.3119 68.2663
1045 65.3119 67.8236
1046 65.3119 67.9768
1047 65.3119 67.6993
1048 65.3119 68.3066
1049 65.3119 68.4388
1050 65.3119 68.0306
1051 65.3119 68.1545
1052 65.3119 68.4039
1053 65.3119 67.9844
1054 65.3119 67.8825
1055 65.3119 68.2046
1056 65.3119 68.8751
1057 65.3119 68.3972
1058 65.3119 67.7726
1059 65.3119 67.9452
1060 65.3119 67.8184
1061 65.3119 67.7656
1062 65.3119 67.5032
1063 65.3119 67.6021
1064 65.3119 67.1255
1065 65.3119 67.4111
1066 65.3119 67.195
1067 65.3119 67.13
1068 65.3119 67.7381
1069 65.3119 67.6279
1070 65.3119 68.0414
1071 65.3119 68.7202
1072 65.3119 68.3335
1073 65.3119 68.7835
1074 65.3119 69.0917
1075 65.3119 68.9634
1076 65.3119 68.1922
1077 65.3119 68.083
1078 65.3119 67.8977
1079 65.3119 67.8866
1080 65.3119 68.1811
1081 65.3119 68.3917
1082 65.3119 68.4556
1083 65.3119 68.0183
1084 65.3119 67.8356
1085 65.3119 67.7795
1086 65.3119 68.1378
1087 65.3119 67.7756
1088 65.3119 67.5918
1089 65.3119 67.7721
1090 65.3119 67.6514
1091 65.3119 68.3734
1092 65.3119 68.2712
1093 65.3119 68.6329
1094 65.3119 68.4097
1095 65.3119 68.8708
1096 65.3119 68.6422
1097 65.3119 68.6692
1098 65.3119 67.8319
1099 65.3119 67.4775
1100 65.3119 67.9852
1101 65.3119 68.1236
1102 65.3119 68.161
1103 65.3119 68.4496
1104 65.3119 68.5345
1105 65.3119 68.4753
1106 65.3119 68.4907
1107 65.3119 68.5294
1108 65.3119 68.2472
1109 65.3119 68.3516
1110 65.3119 68.3562
1111 65.3119 68.8575
1112 65.3119 68.2422
1113 65.3119 68.3989
1114 65.3119 68.6613
1115 65.3119 68.4321
1116 65.3119 68.9557
1117 65.3119 69.5272
1118 65.3119 68.7489
1119 65.3119 68.7111
1120 65.3119 68.8517
1121 65.3119 69.1308
1122 65.3119 69.114
1123 65.3119 69.1729
1124 65.3119 69.6755
1125 65.3119 69.6339
1126 65.3119 68.3166
1127 65.3119 67.8779
1128 65.3119 68.5608
1129 65.3119 68.2584
1130 65.3119 68.9514
1131 65.3119 68.5833
1132 65.3119 68.6061
1133 65.3119 68.4032
1134 65.3119 68.4452
1135 65.3119 68.4539
1136 65.3119 68.3352
1137 65.3119 67.8192
1138 65.3119 67.8064
1139 65.3119 67.6062
1140 65.3119 67.9839
1141 65.3119 67.6986
1142 65.3119 67.6259
1143 65.3119 67.9539
1144 65.3119 67.8906
1145 65.3119 68.583
1146 65.3119 68.4638
1147 65.3119 68.502
1148 65.3119 68.0024
1149 65.3119 68.3135
1150 65.3119 67.9661
1151 65.3119 68.2349
1152 65.3119 68.2054
1153 65.3119 67.9863
1154 65.3119 68.1334
1155 65.3119 67.4463
1156 65.3119 67.6941
1157 65.3119 67.6125
1158 65.3119 67.7452
1159 65.3119 67.9373
1160 65.3119 68.4032
1161 65.3119 68.9274
1162 65.3119 68.3631
1163 65.3119 68.2744
1164 65.3119 67.2341
1165 65.3119 67.5866
1166 65.3119 68.0467
1167 65.3119 67.7531
1168 65.3119 68.0529
1169 65.3119 67.6383
1170 65.3119 67.1524
1171 65.3119 67.0416
1172 65.3119 67.6864
1173 65.3119 67.8146
1174 65.3119 68.2863
1175 65.3119 68.8782
1176 65.3119 69.1462
1177 65.3119 68.6212
1178 65.3119 68.1276
1179 65.3119 68.4521
1180 65.3119 68.9373
1181 65.3119 68.3453
1182 65.3119 68.4855
1183 65.3119 68.0239
1184 65.3119 68.9264
1185 65.3119 68.5877
1186 65.3119 68.2121
1187 65.3119 68.0136
1188 65.3119 68.2108
1189 65.3119 67.6816
1190 65.3119 67.6496
1191 65.3119 68.2317
1192 65.3119 67.2953
1193 65.3119 67.7585
1194 65.3119 68.2394
1195 65.3119 67.7271
1196 65.3119 67.8277
1197 65.3119 67.5534
1198 65.3119 67.9458
1199 65.3119 68.5144
1200 65.3119 69.0782
1201 65.3119 68.8001
1202 65.3119 67.8376
1203 65.3119 68.417
1204 65.3119 68.1159
1205 65.3119 67.9192
1206 65.3119 68.7908
1207 65.3119 68.6002
1208 65.3119 68.2508
1209 65.3119 68.4033
1210 65.3119 68.7741
1211 65.3119 68.34
1212 65.3119 68.8219
1213 65.3119 69.5226
1214 65.3119 68.6279
1215 65.3119 68.2517
1216 65.3119 68.3259
1217 65.3119 68.459
1218 65.3119 68.8075
1219 65.3119 68.7
1220 65.3119 68.8633
1221 65.3119 69.6512
1222 65.3119 69.1058
1223 65.3119 69.042
1224 65.3119 69.2244
1225 65.3119 69.8151
1226 65.3119 69.3723
1227 65.3119 69.4199
1228 65.3119 68.7137
1229 65.3119 68.4218
1230 65.3119 68.3961
1231 65.3119 69.1604
1232 65.3119 68.361
1233 65.3119 68.0991
1234 65.3119 68.5368
1235 65.3119 68.4205
1236 65.3119 68.3632
1237 65.3119 68.2453
1238 65.3119 68.0345
1239 65.3119 67.7742
1240 65.3119 67.7783
1241 65.3119 67.8139
1242 65.3119 67.9115
1243 65.3119 69.2198
1244 65.3119 68.8226
1245 65.3119 68.325
1246 65.3119 68.3264
1247 65.3119 68.0693
1248 65.3119 68.7581
1249 65.3119 69.5725
1250 65.3119 68.9205
1251 65.3119 68.7677
1252 65.3119 68.4535
1253 65.3119 68.5068
1254 65.3119 68.2978
1255 65.3119 68.3171
1256 65.3119 68.3771
1257 65.3119 67.8473
1258 65.3119 68.1507
1259 65.3119 68.2313
1260 65.3119 68.4158
1261 65.3119 68.4133
1262 65.3119 68.4312
1263 65.3119 68.0166
1264 65.3119 67.7401
1265 65.3119 68.3286
1266 65.3119 67.8017
1267 65.3119 67.4493
1268 65.3119 68.0602
1269 65.3119 68.1513
1270 65.3119 68.8545
1271 65.3119 68.5063
1272 65.3119 68.8632
1273 65.3119 68.3302
1274 65.3119 68.4245
1275 65.3119 68.4628
1276 65.3119 69.1292
1277 65.3119 68.3829
1278 65.3119 68.5542
1279 65.3119 68.1904
1280 65.3119 67.3814
1281 65.3119 67.7232
1282 65.3119 68.4057
1283 65.3119 67.7386
1284 65.3119 67.8073
1285 65.3119 67.6763
1286 65.3119 68.4248
1287 65.3119 68.2151
1288 65.3119 68.6102
1289 65.3119 68.2056
1290 65.3119 68.0841
1291 65.3119 67.7158
1292 65.3119 68.0949
1293 65.3119 68.3955
1294 65.3119 67.919
1295 65.3119 67.9503
1296 65.3119 67.7765
1297 65.3119 67.8863
1298 65.3119 67.6449
1299 65.3119 67.8024
1300 64.9522 68.3202
1301 64.9522 67.9724
1302 64.9522 67.895
1303 64.9522 67.7734
1304 64.9522 67.6324
1305 64.9522 67.2019
1306 64.9522 67.4479
1307 64.9522 67.9268
1308 64.9522 67.3587
1309 64.9522 67.5841
1310 64.9522 66.9075
1311 64.9522 67.2882
1312 64.9522 67.332
1313 64.9522 67.5239
1314 64.9522 67.8457
1315 64.9522 68.3631
1316 64.9522 68.422
1317 64.9522 67.9198
1318 64.9522 67.9101
1319 64.9522 68.004
1320 64.9522 67.3436
1321 64.9522 67.2845
1322 64.9522 67.3413
1323 64.9522 67.2873
1324 64.9522 67.0656
1325 64.9522 67.5002
1326 64.9522 68.3003
1327 64.9522 68.4551
1328 64.9522 67.5975
1329 64.9522 67.179
1330 64.9522 67.1331
1331 64.9522 67.371
1332 64.9522 66.9792
1333 64.9522 67.1822
1334 64.9522 67.0074
1335 64.9522 66.6539
1336 64.9522 66.6321
1337 64.9522 68.1099
1338 64.9522 67.8115
1339 64.9522 67.8366
1340 64.9522 67.4477
1341 64.9522 67.8746
1342 64.9522 67.8927
1343 64.9522 67.5902
1344 64.9522 68.0186
1345 64.9522 68.4479
1346 64.9522 68.0418
1347 64.9522 68.1286
1348 64.9522 68.2546
1349 64.9522 68.3254
1350 64.9522 68.3719
1351 64.9522 68.0776
1352 64.9522 68.178
1353 64.9522 68.5641
1354 64.9522 68.0794
1355 64.9522 67.899
1356 64.9522 68.337
1357 64.9522 68.2257
1358 64.9522 67.8836
1359 64.9522 67.7552
1360 64.9522 67.823
1361 64.9522 67.9165
1362 64.9522 68.5642
1363 64.9522 68.0913
1364 64.9522 68.1847
1365 64.9522 67.9892
1366 64.9522 68.1252
1367 64.9522 68.893
1368 64.9522 68.2625
1369 64.9522 68.9674
1370 64.9522 68.3798
1371 64.9522 68.084
1372 64.9522 68.113
1373 64.9522 68.0407
1374 64.9522 68.8612
1375 64.9522 68.8076
1376 64.9522 68.1846
1377 64.9522 68.7855
1378 64.9522 68.4101
1379 64.9522 67.8644
1380 64.9522 67.001
1381 64.9522 67.3165
1382 64.9522 67.8016
1383 64.9522 67.6785
1384 64.9522 68.2739
1385 64.9522 67.7001
1386 64.9522 68.3692
1387 64.9522 68.3806
1388 64.9522 67.9546
1389 64.9522 67.8182
1390 64.9522 68.0178
1391 64.9522 68.2113
1392 64.9522 68.16
1393 64.9522 68.3093
1394 64.9522 68.4351
1395 64.9522 68.489
1396 64.9522 68.2634
1397 64.9522 67.4703
1398 64.9522 67.2519
1399 64.9522 68.1441
1400 64.9522 68.0027
1401 64.9522 67.8768
1402 64.9522 67.4145
1403 64.9522 67.204
1404 64.9522 68.0595
1405 64.9522 67.4712
1406 64.9522 67.4861
1407 64.9522 68.1501
1408 64.9522 67.6024
1409 64.9522 68.0123
1410 64.9522 67.8349
1411 64.9522 67.1655
1412 64.9522 67.2073
1413 64.9522 67.763
1414 64.9522 67.5953
1415 64.9522 67.6769
1416 64.9522 67.7879
1417 64.9522 68.2759
1418 64.9522 67.7991
1419 64.9522 68.2446
1420 64.9522 67.4911
1421 64.9522 67.6276
1422 64.9522 67.6477
1423 64.9522 67.9334
1424 64.9522 67.733
1425 64.9522 68.2793
1426 64.9522 68.0326
1427 64.9522 67.384
1428 64.9522 67.1434
1429 64.9522 67.4563
1430 64.9522 67.094
1431 64.9522 67.8188
1432 64.9522 68.1866
1433 64.9522 67.6309
1434 64.9522 67.5261
1435 64.9522 68.3634
1436 64.9522 68.602
1437 64.9522 68.6023
1438 64.9522 68.3289
1439 64.9522 68.111
1440 64.9522 67.6418
1441 64.9522 68.0152
1442 64.9522 67.931
1443 64.9522 67.7208
1444 64.9522 67.3105
1445 64.9522 67.6681
1446 64.9522 67.9491
1447 64.9522 67.9688
1448 64.9522 67.5507
1449 64.9522 67.8832
1450 64.9522 67.9997
1451 64.9522 67.119
1452 64.9522 66.4887
1453 64.9522 66.807
1454 64.9522 67.3443
1455 64.9522 67.1471
1456 64.9522 67.4976
1457 64.9522 67.5237
1458 64.9522 67.9112
1459 64.9522 67.5498
1460 64.9522 67.5792
1461 64.9522 67.6314
1462 64.9522 67.4933
1463 64.9522 68.0212
1464 64.9522 68.5339
1465 64.9522 68.5123
1466 64.9522 68.2006
1467 64.9522 68.0039
1468 64.9522 67.6775
1469 64.9522 67.5505
1470 64.9522 67.064
1471 64.9522 67.4935
1472 64.9522 67.5847
1473 64.9522 67.8765
1474 64.9522 67.9408
1475 64.9522 67.04
1476 64.9522 67.1705
1477 64.9522 67.4425
1478 64.9522 67.7499
1479 64.9522 68.1324
1480 64.9522 67.5056
1481 64.9522 67.2077
1482 64.9522 66.7255
1483 64.9522 67.0859
1484 64.9522 67.6002
1485 64.9522 67.8973
1486 64.9522 67.6957
1487 64.9522 67.8053
1488 64.9522 67.5345
1489 64.9522 67.0356
1490 64.9522 67.7321
1491 64.9522 67.9866
1492 64.9522 67.4038
1493 64.9522 67.512
1494 64.9522 68.0373
1495 64.9522 67.9117
1496 64.9522 67.76
1497 64.9522 67.5744
1498 64.9522 66.9283
1499 64.9522 67.4031
1500 64.9522 67.0601
1501 64.9522 67.4969
1502 64.9522 67.6008
1503 64.9522 67.0226
1504 64.9522 67.2269
1505 64.9522 67.6302
1506 64.9522 67.6407
1507 64.9522 68.0243
1508 64.9522 67.835
1509 64.9522 68.5556
1510 64.9522 68.8821
1511 64.9522 68.4866
1512 64.9522 68.3901
1513 64.9522 68.1216
1514 64.9522 67.613
1515 64.9522 68.0157
1516 64.9522 67.4663
1517 64.9522 68.6066
1518 64.9522 68.4194
1519 64.9522 68.2335
1520 64.9522 68.1227
1521 64.9522 67.9427
1522 64.9522 67.4631
1523 64.9522 67.8073
1524 64.9522 67.1705
1525 64.9522 67.3669
1526 64.9522 68.0523
1527 64.9522 67.7559
1528 64.9522 67.7747
1529 64.9522 68.0488
1530 64.9522 68.5438
1531 64.9522 67.8343
1532 64.9522 67.3808
1533 64.9522 68.326
1534 64.9522 67.9343
1535 64.9522 67.9367
1536 64.9522 67.9412
1537 64.9522 67.9084
1538 64.9522 68.9116
1539 64.9522 68.4911
1540 64.9522 68.505
1541 64.9522 67.8439
1542 64.9522 68.5786
1543 64.9522 69.0256
1544 64.9522 69.0775
1545 64.9522 68.4845
1546 64.9522 67.8538
1547 64.9522 67.6869
1548 64.9522 68.0451
1549 64.9522 67.4327
1550 64.9522 67.4257
1551 64.9522 67.8082
1552 64.9522 67.905
1553 64.9522 67.7625
1554 64.9522 68.2091
1555 64.9522 68.0625
1556 64.9522 68.4418
1557 64.9522 67.8365
1558 64.9522 67.8481
1559 64.9522 68.1706
1560 64.9522 68.0186
1561 64.9522 68.1064
1562 64.9522 68.1436
1563 64.9522 67.9374
1564 64.9522 68.3249
1565 64.9522 68.6197
1566 64.9522 67.2876
1567 64.9522 67.542
1568 64.9522 68.1248
1569 64.9522 68.3991
1570 64.9522 67.8468
1571 64.9522 67.2409
1572 64.9522 67.2886
1573 64.9522 67.671
1574 64.9522 68.1245
1575 64.9522 68.3424
1576 64.9522 67.8311
1577 64.9522 67.7266
1578 64.9522 67.5307
1579 64.9522 67.8709
1580 64.9522 67.9002
1581 64.9522 67.7021
1582 64.9522 67.846
1583 64.9522 67.7435
1584 64.9522 67.4696
1585 64.9522 67.7667
1586 64.9522 67.404
1587 64.9522 67.8684
1588 64.9522 67.5125
1589 64.9522 67.0588
1590 64.9522 67.2956
1591 64.9522 67.2064
1592 64.9522 67.822
1593 64.9522 67.8487
1594 64.9522 68.2584
1595 64.9522 67.748
1596 64.9522 66.9195
1597 64.9522 67.4337
1598 64.9522 67.5614
1599 64.9522 67.3241
1600 64.9522 67.7983
1601 64.9522 67.9723
1602 64.9522 68.0389
1603 64.9522 67.5567
1604 64.9522 67.1791
1605 64.9522 67.2013
1606 64.9522 67.5831
1607 64.9522 67.8911
1608 64.9522 67.9252
1609 64.9522 67.9532
1610 64.9522 67.9206
1611 64.9522 67.5952
1612 64.9522 67.9023
1613 64.9522 67.582
1614 64.9522 67.2401
1615 64.9522 67.5404
1616 64.9522 68.2732
1617 64.9522 67.5917
1618 64.9522 67.0959
1619 64.9522 67.383
1620 64.9522 67.817
1621 64.9522 67.672
1622 64.9522 66.8972
1623 64.9522 67.137
1624 64.9522 67.0269
1625 64.9522 67.3675
1626 64.9522 67.573
1627 64.9522 67.5228
1628 64.9522 67.3291
1629 64.9522 67.0974
1630 64.9522 67.6145
1631 64.9522 67.2954
1632 64.9522 67.7437
1633 64.9522 67.4841
1634 64.9522 67.1179
1635 64.9522 67.4499
1636 64.9522 67.494
1637 64.9522 67.466
1638 64.9522 67.7105
1639 64.9522 67.686
1640 64.9522 67.5718
1641 64.9522 67.9783
1642 64.9522 68.2198
1643 64.9522 68.1683
1644 64.9522 67.7843
1645 64.9522 68.016
1646 64.9522 68.0057
1647 64.9522 68.6201
1648 64.9522 68.2969
1649 64.9522 68.9912
1650 64.9522 69.0622
1651 64.9522 68.6796
1652 64.9522 68.4188
1653 64.9522 69.1354
1654 64.9522 68.5597
1655 64.9522 69.17
1656 64.9522 68.9311
1657 64.9522 68.7121
1658 64.9522 69.0682
1659 64.9522 68.5402
1660 64.9522 68.2124
1661 64.9522 68.4309
1662 64.9522 68.5265
1663 64.9522 68.6312
1664 64.9522 68.5057
1665 64.9522 68.2187
1666 64.9522 67.976
1667 64.9522 68.4085
1668 64.9522 67.3176
1669 64.9522 67.6692
1670 64.9522 67.6151
1671 64.9522 67.9645
1672 64.9522 68.272
1673 64.9522 68.0417
1674 64.9522 67.215
1675 64.9522 67.7768
1676 64.9522 68.1457
1677 64.9522 68.085
1678 64.9522 68.1017
1679 64.9522 67.872
1680 64.9522 66.9667
1681 64.9522 67.0244
1682 64.9522 67.5766
1683 64.9522 68.0301
1684 64.9522 68.1424
1685 64.9522 67.5503
1686 64.9522 68.2102
1687 64.9522 67.8496
1688 64.9522 68.1345
1689 64.9522 68.501
1690 64.9522 67.744
1691 64.9522 67.444
1692 64.9522 67.397
1693 64.9522 67.5685
1694 64.9522 67.8234
1695 64.9522 67.1438
1696 64.9522 67.0995
1697 64.9522 67.7825
1698 64.9522 68.1758
1699 64.9522 67.9182
1700 64.9128 67.4066
1701 64.9128 67.9998
1702 64.9128 67.9299
1703 64.9128 68.1003
1704 64.9128 67.8054
1705 64.9128 67.0914
1706 64.9128 66.7074
1707 64.9128 66.866
1708 64.9128 67.2207
1709 64.9128 67.0105
1710 64.9128 67.501
1711 64.9128 67.9808
1712 64.9128 67.8957
1713 64.9128 67.5936
1714 64.9128 67.473
1715 64.9128 68.2129
1716 64.9128 67.7561
1717 64.9128 67.7263
1718 64.9128 67.8898
1719 64.9128 67.9999
1720 64.9128 67.8793
1721 64.9128 67.9298
1722 64.9128 68.0476
1723 64.9128 66.9038
1724 64.9128 66.6517
1725 64.9128 67.1334
1726 64.9128 67.6263
1727 64.9128 67.3402
1728 64.9128 67.8505
1729 64.9128 67.5274
1730 64.9128 67.3301
1731 64.9128 67.8526
1732 64.9128 67.6299
1733 64.9128 68.2188
1734 64.9128 68.0175
1735 64.9128 67.1207
1736 64.9128 68.3249
1737 64.9128 67.6965
1738 64.9128 68.0733
1739 64.9128 67.8989
1740 64.9128 67.8423
1741 64.9128 68.5469
1742 64.9128 68.2502
1743 64.9128 68.1032
1744 64.9128 67.4163
1745 64.9128 67.8675
1746 64.9128 67.8197
1747 64.9128 67.2066
1748 64.9128 66.5117
1749 64.9128 67.2178
1750 64.9128 66.6
1751 64.9128 66.9774
1752 64.9128 66.9704
1753 64.9128 67.0959
1754 64.9128 67.164
1755 64.9128 67.4925
1756 64.9128 67.3619
1757 64.9128 68.1107
1758 64.9128 67.5199
1759 64.9128 67.4244
1760 64.9128 66.9445
1761 64.9128 67.8319
1762 64.9128 66.8792
1763 64.9128 66.4422
1764 64.9128 67.2441
1765 64.9128 67.7802
1766 64.9128 67.7856
1767 64.9128 67.4344
1768 64.9128 67.1273
1769 64.9128 66.5329
1770 64.9128 66.7897
1771 64.9128 67.418
1772 64.9128 67.6746
1773 64.9128 67.6396
1774 64.9128 68.1642
1775 64.9128 67.7502
1776 64.9128 68.4787
1777 64.9128 68.2838
1778 64.9128 67.463
1779 64.9128 67.5176
1780 64.9128 67.6391
1781 64.9128 68.5154
1782 64.9128 68.018
1783 64.9128 67.7808
1784 64.9128 67.8337
1785 64.9128 68.199
1786 64.9128 68.1549
1787 64.9128 67.6943
1788 64.9128 67.6987
1789 64.9128 67.3976
1790 64.9128 67.5112
1791 64.9128 67.7903
1792 64.9128 67.3881
1793 64.9128 67.7744
1794 64.9128 67.8233
1795 64.9128 67.7298
1796 64.9128 67.5804
1797 64.9128 67.9975
1798 64.9128 68.0577
1799 64.9128 67.7994
1800 64.9128 67.4186
1801 64.9128 68.028
1802 64.9128 67.5814
1803 64.9128 67.4746
1804 64.9128 67.7824
1805 64.9128 69.1589
1806 64.9128 68.7143
1807 64.9128 68.8365
1808 64.9128 68.4755
1809 64.9128 68.0456
1810 64.9128 67.5463
1811 64.9128 67.4656
1812 64.9128 67.9429
1813 64.9128 67.4758
1814 64.9128 67.7458
1815 64.9128 67.749
1816 64.9128 67.6262
1817 64.9128 67.82
1818 64.9128 67.9053
1819 64.9128 67.5457
1820 64.9128 67.4803
1821 64.9128 68.0613
1822 64.9128 67.1693
1823 64.9128 67.2661
1824 64.9128 66.8444
1825 64.9128 67.1779
1826 64.9128 66.901
1827 64.9128 67.2029
1828 64.9128 67.3442
1829 64.9128 67.506
1830 64.9128 67.9633
1831 64.9128 67.7698
1832 64.9128 68.302
1833 64.9128 68.2262
1834 64.9128 68.1747
1835 64.9128 68.1244
1836 64.9128 67.6267
1837 64.9128 67.9497
1838 64.9128 67.8349
1839 64.9128 68.193
1840 64.9128 67.4243
1841 64.9128 67.6152
1842 64.9128 67.3041
1843 64.9128 67.5343
1844 64.9128 67.7173
1845 64.9128 67.8563
1846 64.9128 68.31
1847 64.9128 68.0885
1848 64.9128 68.0517
1849 64.9128 67.7095
1850 64.9128 67.663
1851 64.9128 68.0849
1852 64.9128 68.1709
1853 64.9128 67.9272
1854 64.9128 67.6817
1855 64.9128 68.1987
1856 64.9128 68.0201
1857 64.9128 68.6299
1858 64.9128 67.5614
1859 64.9128 68.038
1860 64.9128 67.7994
1861 64.9128 67.3773
1862 64.9128 66.9648
1863 64.9128 67.2095
1864 64.9128 67.212
1865 64.9128 67.6317
1866 64.9128 67.5972
1867 64.9128 68.429
1868 64.9128 68.3462
1869 64.9128 68.391
1870 64.9128 67.9608
1871 64.9128 67.9948
1872 64.9128 68.7728
1873 64.9128 68.907
1874 64.9128 68.2896
1875 64.9128 67.7759
1876 64.9128 68.3468
1877 64.9128 67.9604
1878 64.9128 68.1674
1879 64.9128 68.4067
1880 64.9128 69.5674
1881 64.9128 68.4085
1882 64.9128 67.9972
1883 64.9128 67.9322
1884 64.9128 68.0794
1885 64.9128 68.3447
1886 64.9128 67.9679
1887 64.9128 68.4824
1888 64.9128 67.9735
1889 64.9128 68.2449
1890 64.9128 68.3068
1891 64.9128 68.5812
1892 64.9128 68.1017
1893 64.9128 68.4383
1894 64.9128 68.7423
1895 64.9128 67.5053
1896 64.9128 67.2297
1897 64.9128 67.6349
1898 64.9128 68.2647
1899 64.9128 67.606
1900 64.9128 67.3739
1901 64.9128 68.6655
1902 64.9128 68.1178
1903 64.9128 68.2597
1904 64.9128 67.9378
1905 64.9128 67.559
1906 64.9128 67.8261
1907 64.9128 67.0631
1908 64.9128 67.4544
1909 64.9128 67.24
1910 64.9128 67.5827
1911 64.9128 66.8858
1912 64.9128 67.5028
1913 64.9128 67.2804
1914 64.9128 67.5569
1915 64.9128 67.9159
1916 64.9128 67.3741
1917 64.9128 67.7376
1918 64.9128 67.7956
1919 64.9128 68.152
1920 64.9128 68.5383
1921 64.9128 68.0195
1922 64.9128 67.3547
1923 64.9128 67.7347
1924 64.9128 67.5438
1925 64.9128 67.6886
1926 64.9128 67.7158
1927 64.9128 67.6274
1928 64.9128 67.6325
1929 64.9128 68.1386
1930 64.9128 67.4703
1931 64.9128 68.4536
1932 64.9128 68.3715
1933 64.9128 68.9811
1934 64.9128 68.6357
1935 64.9128 68.2277
1936 64.9128 68.3792
1937 64.9128 68.0992
1938 64.9128 67.6386
1939 64.9128 67.3876
1940 64.9128 67.3922
1941 64.9128 67.4693
1942 64.9128 67.5321
1943 64.9128 68.3427
1944 64.9128 68.0972
1945 64.9128 68.2987
1946 64.9128 68.1552
1947 64.9128 67.6139
1948 64.9128 67.6569
1949 64.9128 67.4714
1950 64.9128 67.8678
1951 64.9128 67.6511
1952 64.9128 67.7327
1953 64.9128 68.2066
1954 64.9128 68.5253
1955 64.9128 68.222
1956 64.9128 67.7293
1957 64.9128 67.4167
1958 64.9128 68.0126
1959 64.9128 67.4181
1960 64.9128 67.991
1961 64.9128 68.2143
1962 64.9128 67.5852
1963 64.9128 67.2852
1964 64.9128 66.9101
1965 64.9128 67.0683
1966 64.9128 66.9057
1967 64.9128 66.8928
1968 64.9128 67.2936
1969 64.9128 66.9898
1970 64.9128 67.12
1971 64.9128 67.5907
1972 64.9128 67.8821
1973 64.9128 68.3056
1974 64.9128 68.0259
1975 64.9128 68.1777
1976 64.9128 68.7787
1977 64.9128 68.805
1978 64.9128 68.9137
1979 64.9128 68.8486
1980 64.9128 68.2368
1981 64.9128 68.8873
1982 64.9128 68.7457
1983 64.9128 68.6351
1984 64.9128 68.644
1985 64.9128 68.0313
1986 64.9128 67.8963
1987 64.9128 67.7049
1988 64.9128 68.8469
1989 64.9128 68.1082
1990 64.9128 67.7863
1991 64.9128 68.1026
1992 64.9128 67.7338
1993 64.9128 67.8743
1994 64.9128 67.919
1995 64.9128 67.6878
1996 64.9128 68.6051
1997 64.9128 67.4985
1998 64.9128 68.2802
1999 64.9128 67.6814
2000 64.9128 67.0832
