0 434.065 490.917
1 408.049 472.429
2 407.151 455.912
3 397.546 438.94
4 392.849 425.013
5 384.789 414.695
6 383.057 407.572
7 372.165 401.128
8 360.154 395.356
9 359.31 388.137
10 347.426 381.069
11 336.376 373.06
12 327.081 365.745
13 327.081 359.254
14 321.891 351.166
15 310.73 343.52
16 306.361 337.466
17 302.931 331.671
18 295.459 324.712
19 291.798 318.949
20 284.633 312.828
21 284.515 307.271
22 279.498 301.845
23 272.265 294.895
24 269.069 288.796
25 268.112 283.933
26 263.939 279.603
27 258.962 275.484
28 256.45 272.83
29 253.182 269.142
30 249.93 266.011
31 246.61 262.804
32 240.468 259.982
33 237.171 257.127
34 235.169 254.388
35 228.756 250.419
36 228.756 246.397
37 223.273 241.657
38 220.258 236.963
39 217.393 233.312
40 216.6 230.977
41 214.98 228.73
42 213.289 226.589
43 213.289 224.302
44 210.087 222.228
45 206.867 220.151
46 203.665 218.092
47 202.406 216.06
48 198.596 213.011
49 198.596 211.219
50 197.607 208.214
51 195.472 204.865
52 194.664 203.15
53 192.854 200.861
54 191.097 199.743
55 190.388 198.606
56 188.365 197.537
57 179.599 196.411
58 174.58 194.662
59 174.58 191.637
60 174.274 188.669
61 171.074 185.37
62 166.055 182.768
63 162.886 179.772
64 162.886 176.973
65 162.886 173.982
66 161.125 171.427
67 160.985 169.678
68 159.819 167.978
69 156.322 166.842
70 154.134 165.583
71 153.131 164.137
72 152.304 161.687
73 149.607 159.243
74 148.637 157.483
75 148.331 155.902
76 146.958 154.472
77 144.291 152.923
78 142.642 151.694
79 142.642 150.814
80 139.958 149.116
81 139.834 148.674
82 139.834 149.103
83 138.585 149.171
84 138.585 149.818
85 138.585 150.717
86 138.585 150.361
87 138.56 147.584
88 137.311 144.978
89 135.263 143.695
90 135.263 141.876
91 135.263 140.879
92 132.359 140.048
93 130.876 139.412
94 130.876 138.017
95 130.876 137.367
96 129.541 136.468
97 129.541 135.727
98 128.582 134.655
99 128.545 133.932
100 128.545 133.487
101 127.898 132.322
102 127.898 132.115
103 127.326 131.66
104 127.09 131.797
105 126.535 131.427
106 125.633 131.159
107 124.416 131.001
108 123.457 130.459
109 123.457 128.706
110 123.457 128
111 122.648 127.395
112 121.689 127.052
113 121.689 126.925
114 119.806 126.862
115 119.806 126.372
116 119.806 125.759
117 119.806 124.865
118 119.35 124.064
119 118.866 124.13
120 118.847 124.094
121 118.092 124.067
122 117.735 123.724
123 116.922 123.136
124 116.572 122.695
125 115.632 122.42
126 115.632 121.452
127 115.344 120.994
128 115.344 119.731
129 115.099 119.469
130 114.914 118.638
131 114.125 118.184
132 114.125 117.516
133 114.125 117.577
134 113.987 117.776
135 113.013 117.54
136 112.36 117.355
137 112.36 117.584
138 112.36 117.786
139 112.072 116.365
140 112.072 116.132
141 111.87 115.548
142 111.702 115.084
143 111.501 115.251
144 111.341 115.062
145 111.133 114.673
146 110.59 114.526
147 110.59 115.252
148 109.542 114.539
149 109.107 114.656
150 109.041 113.741
151 108.812 113.31
152 107.544 112.471
153 107.109 112.038
154 106.666 111.294
155 106.666 111.181
156 105.641 110.279
157 105.198 109.814
158 104.899 109.472
159 104.538 108.537
160 103.07 108.473
161 103.07 108.653
162 101.974 108.096
163 101.974 106.899
164 101.051 106.976
165 100.69 107.32
166 100.69 107.957
167 100.562 108.101
168 100.562 108.125
169 100.562 108.066
170 100.562 107.742
171 100.256 107.025
172 100.256 106.633
173 99.4823 105.941
174 99.0479 104.625
175 99.0479 104.701
176 99.0479 103.667
177 98.5188 103.223
178 98.5188 102.421
179 97.734 103.001
180 97.6064 102.401
181 97.1752 101.395
182 97.0212 101.226
183 97.0212 100.331
184 96.2051 100.362
185 96.0774 100.039
186 95.4228 99.9179
187 95.4228 100.599
188 95.4228 101.008
189 95.4016 100.952
190 95.274 101.297
191 94.8447 101.751
192 94.8447 101.88
193 94.8447 101.012
194 94.8447 101.262
195 94.8447 100.038
196 94.8447 99.5223
197 94.3936 99.7967
198 94.0878 100.76
199 93.77 99.8649
200 92.9148 99.3391
201 92.9148 99.3826
202 92.9148 98.7185
203 92.6161 97.34
204 92.6161 97.0719
205 92.6161 96.7269
206 92.6161 96.5274
207 92.3281 95.7624
208 92.3281 95.5081
209 92.3152 95.285
210 92.3152 95.8335
211 91.6259 95.1492
212 91.338 94.8089
213 90.8236 94.3602
214 90.5357 94.3231
215 90.007 94.2946
216 90.007 94.144
217 90.007 93.9797
218 89.9277 93.8743
219 89.9277 93.875
220 89.9147 93.9638
221 89.7316 93.507
222 89.6522 93.8484
223 89.6393 93.699
224 89.6393 93.2072
225 89.4951 93.1141
226 89.4951 93.0216
227 89.4951 92.8723
228 89.4951 92.8317
229 89.4951 92.7528
230 89.2672 92.2608
231 89.2672 91.7443
232 89.2672 91.6416
233 89.2672 91.8265
234 89.2672 91.7857
235 89.2672 91.743
236 89.2315 91.6605
237 88.9767 91.5238
238 88.941 91.167
239 88.3674 91.3016
240 88.3674 91.4848
241 88.0769 91.8727
242 88.0769 91.9271
243 88.0769 91.7468
244 88.0197 91.3824
245 88.0197 91.83
246 88.0197 92.1982
247 88.0197 91.8404
248 88.0197 91.1524
249 86.7433 91.7836
250 86.7433 91.1775
251 86.7433 91.3787
252 86.7433 91.5811
253 86.7433 91.4349
254 86.7433 92.4297
255 86.4804 91.8283
256 86.4804 90.7871
257 86.4804 90.0057
258 86.3354 90.345
259 86.1321 90.0219
260 85.4321 89.5753
261 85.2288 88.6316
262 85.0655 88.6515
263 85.0655 88.182
264 85.0655 87.5816
265 85.0655 87.7604
266 85.0655 87.9016
267 85.0655 88.2722
268 85.0655 87.4637
269 85.0655 87.9142
270 84.6992 87.446
271 84.677 88.1175
272 84.3125 88.0598
273 84.3125 88.3052
274 84.2903 87.959
275 84.2903 87.6061
276 84.2903 87.6852
277 84.2903 87.3721
278 84.2903 87.1923
279 84.2903 87.1234
280 84.2438 86.7826
281 83.9343 87.1873
282 83.9343 87.2135
283 83.9122 86.9589
284 83.9122 86.5392
285 83.5292 86.515
286 83.5292 86.7433
287 83.5292 86.6884
288 83.5292 86.136
289 83.5292 86.8785
290 83.2629 87.37
291 83.2629 87.0214
292 82.7833 86.7848
293 82.7833 86.9542
294 82.1802 87.0066
295 82.1802 86.3844
296 82.1802 86.3807
297 82.1802 87.2029
298 82.1802 86.4192
299 81.826 85.4397
300 78.1806 85.3017
301 78.1806 85.3242
302 78.1806 86.0096
303 78.1806 86.5654
304 78.1806 87.4772
305 78.1806 89.2454
306 78.1806 89.6198
307 78.1806 89.3103
308 77.7978 88.8544
309 77.7978 88.0719
310 77.7978 86.6089
311 77.7978 85.9404
312 77.5188 84.3029
313 77.5188 84.182
314 77.5188 83.0843
315 77.5188 83.4227
316 77.3648 83.1617
317 77.3648 82.3839
318 77.0858 81.7902
319 77.0858 81.1437
320 77.0858 80.7804
321 77.0858 80.9472
322 77.0858 80.3069
323 77.0858 80.6108
324 77.0858 80.2096
325 77.0858 79.8153
326 77.0858 79.4814
327 77.0858 79.6829
328 77.0858 79.5181
329 77.0858 79.8282
330 77.0858 80.0033
331 77.0858 79.8456
332 77.0858 79.8662
333 77.0858 79.8536
334 77.0858 79.9777
335 77.0858 79.6811
336 77.0858 79.9149
337 77.0858 80.1725
338 77.0858 80.1368
339 76.9229 79.673
340 76.9229 79.7068
341 76.9229 80.1981
342 76.9229 80.6316
343 76.9229 80.5648
344 76.9229 80.3926
345 76.9229 80.4615
346 76.9229 79.542
347 76.9229 79.3225
348 76.9229 80.2553
349 76.9229 80.3092
350 76.9229 79.7223
351 76.9229 79.7975
352 76.5895 79.7282
353 76.5895 80.5593
354 76.5895 80.1505
355 76.5895 80.3789
356 76.5895 80.2334
357 76.5895 79.4915
358 76.5895 78.7088
359 76.5895 79.4765
360 76.4194 79.5918
361 75.5125 80.5683
362 75.5125 80.312
363 75.5125 80.3135
364 75.5125 79.5091
365 75.5125 79.0702
366 75.5125 78.861
367 75.5125 78.881
368 75.5125 79.5818
369 75.5125 79.3112
370 75.0334 79.2625
371 75.0334 78.764
372 75.0127 78.094
373 75.0127 78.0132
374 75.0127 78.1752
375 74.9511 78.2233
376 74.9102 78.692
377 74.9102 79.32
378 74.8895 79.2276
379 74.8895 79.6412
380 74.6172 79.4786
381 74.5965 79.2796
382 74.5965 79.2977
383 74.5965 79.2054
384 74.5965 79.293
385 74.5965 78.5048
386 74.5965 79.3489
387 74.5965 78.8304
388 74.0186 78.5235
389 74.0186 78.4007
390 73.4184 78.6841
391 73.4184 78.0089
392 73.2953 78.1447
393 73.2953 78.4379
394 73.2953 77.8947
395 73.2953 77.7508
396 72.9379 76.9467
397 72.9379 76.3254
398 72.7739 76.3999
399 72.7739 76.3021
400 72.7739 76.1224
401 72.6476 76.1402
402 72.6476 77.1056
403 72.6476 76.9589
404 72.3658 76.6956
405 72.3477 76.3906
406 72.1683 76.4895
407 72.1503 76.6652
408 72.1503 75.9837
409 71.997 75.691
410 71.997 75.1744
411 71.997 74.3886
412 71.997 74.3041
413 71.9199 73.9729
414 71.5552 74.2587
415 71.5552 74.9978
416 71.5552 74.8785
417 71.5433 75.091
418 71.5433 74.575
419 71.5433 74.0767
420 71.5433 73.9641
421 71.5433 74.1518
422 71.5433 74.2531
423 71.5433 74.4815
424 71.5433 74.903
425 71.5433 74.3185
426 71.5433 74.367
427 71.5433 73.9868
428 71.5433 73.6216
429 71.5433 74.0664
430 71.5433 74.1725
431 71.5433 74.6059
432 71.5433 75.0356
433 71.5433 74.3961
434 71.5433 74.0947
435 71.5433 73.8579
436 71.5433 74.5228
437 71.5433 74.7734
438 71.3666 74.603
439 71.3666 74.9745
440 71.3666 76.3144
441 71.3666 76.164
442 71.3666 76.8688
443 71.3666 77.0122
444 71.3666 76.5111
445 71.2435 76.2068
446 71.2435 76.1651
447 71.2435 75.8568
448 71.1472 76.4263
449 71.1472 76.9935
450 71.1472 77.4626
451 71.1472 77.6713
452 71.1472 76.644
453 71.1472 75.8236
454 71.1472 75.7654
455 71.1472 75.6697
456 71.1472 74.9109
457 71.1472 74.5362
458 71.1472 73.8184
459 71.1472 73.4504
460 71.1472 73.3355
461 71.1472 73.755
462 71.0136 74.0343
463 71.0136 73.9867
464 71.0136 74.1058
465 71.0136 74.6005
466 71.0136 74.4556
467 71.0136 74.173
468 71.0136 74.5492
469 71.0136 75.134
470 71.0136 74.8646
471 71.0136 75.0262
472 70.5563 73.8928
473 70.5563 74.0086
474 70.5563 74.0572
475 70.5563 74.2449
476 70.5563 73.5697
477 70.5563 72.9456
478 70.4758 72.7203
479 70.4758 72.8275
480 70.4758 72.6393
481 70.3214 73.3331
482 70.268 73.8262
483 70.1137 72.8766
484 70.1137 72.8206
485 70.1137 72.7409
486 69.8684 73.3442
487 69.8684 73.5291
488 69.8684 73.1333
489 69.8684 72.3212
490 69.8684 72.8405
491 69.801 73.1691
492 69.801 72.9886
493 69.801 73.2635
494 69.801 73.2431
495 69.801 73.2568
496 69.6222 73.0465
497 69.6222 72.3803
498 69.5693 72.5843
499 69.3905 73.2757
500 67.9867 73.0378
501 67.9867 72.6944
502 67.8495 72.388
503 66.9489 72.166
504 66.9489 72.3576
505 66.9489 71.8668
506 66.9489 70.8185
507 66.9489 70.2706
508 66.9489 70.2196
509 66.9489 70.1171
510 66.9489 69.9978
511 66.9489 70.1247
512 66.9489 70.051
513 66.9489 70.1975
514 66.9489 70.8376
515 66.8584 69.9777
516 66.8584 70.5053
517 66.8584 69.9259
518 66.8584 69.7827
519 66.8584 69.9624
520 66.8584 69.0419
521 66.8584 68.9888
522 66.8584 68.9908
523 66.8584 69.6223
524 66.6965 69.4024
525 66.6965 69.5791
526 66.6965 69.3799
527 66.6965 69.3372
528 66.6965 68.9421
529 66.6965 69.6721
530 66.6965 69.9421
531 66.6965 69.6139
532 66.6965 69.3351
533 66.6965 70.0319
534 66.6965 70.0351
535 66.6965 69.8842
536 66.6965 69.5864
537 66.6965 69.6621
538 66.459 69.3452
539 66.459 69.104
540 66.459 69.8595
541 66.459 69.4765
542 66.459 69.2048
543 66.459 68.6205
544 66.459 69.0543
545 66.459 68.7355
546 66.459 68.2948
547 66.459 68.6884
548 66.459 68.726
549 66.459 69.1348
550 66.459 69.5072
551 66.459 69.6229
552 66.459 69.2488
553 66.459 69.3583
554 66.459 68.7316
555 66.459 69.0192
556 66.459 69.054
557 66.459 68.5964
558 66.459 68.5892
559 66.459 69.0339
560 66.459 69.3939
561 66.459 69.2205
562 66.4515 69.9555
563 66.4515 69.3877
564 66.4515 69.3036
565 66.4515 69.0054
566 66.4515 69.0693
567 66.4515 68.8465
568 66.4515 68.9924
569 66.4515 69.1866
570 66.4515 69.2355
571 66.4515 68.8867
572 66.4515 69.0561
573 66.4515 69.4353
574 66.4515 69.4289
575 66.4515 68.6178
576 66.4515 69.3249
577 66.4515 69.4631
578 66.4515 69.524
579 66.4515 69.2212
580 66.4515 69.6024
581 66.4515 69.6925
582 66.4515 69.4579
583 66.4515 69.2548
584 66.4515 69.6289
585 66.4515 69.7044
586 66.4515 69.3373
587 66.4515 69.8809
588 66.4515 69.3369
589 66.2027 69.8089
590 66.2027 68.384
591 66.2027 68.4579
592 66.2027 68.3767
593 66.2027 68.9676
594 66.039 68.5612
595 66.039 68.5603
596 66.039 69.5251
597 66.039 68.4442
598 66.039 68.3142
599 66.039 68.944
600 66.039 68.7624
601 66.039 68.3319
602 66.039 67.6502
603 66.039 68.1296
604 66.039 68.2403
605 66.039 68.9368
606 66.039 69.0904
607 66.039 68.7808
608 66.039 69.0743
609 66.039 69.0173
610 66.039 69.0421
611 66.039 68.3985
612 66.039 68.5323
613 66.039 68.9744
614 66.039 69.3205
615 66.039 68.8183
616 66.039 68.1679
617 66.039 67.8793
618 66.039 68.5415
619 66.039 69.3101
620 66.039 68.8853
621 66.039 68.6631
622 66.039 69.0557
623 66.039 68.8085
624 66.039 69.0627
625 66.039 69.381
626 66.039 68.7657
627 66.039 69.1034
628 66.039 68.7291
629 66.039 68.7649
630 66.039 68.4812
631 66.039 68.6856
632 66.039 68.92
633 66.039 69.2878
634 66.039 69.0375
635 66.039 69.1679
636 66.039 68.3194
637 66.039 68.3633
638 66.039 68.2957
639 66.039 68.2457
640 66.039 68.1587
641 66.039 68.9108
642 66.039 69.0552
643 66.039 68.7957
644 66.039 68.8486
645 66.039 69.12
646 66.039 69.2525
647 66.039 68.8763
648 66.039 69.4395
649 66.039 69.1399
650 66.039 69.3899
651 66.039 69.2326
652 66.039 68.9354
653 66.039 68.5884
654 66.039 68.6007
655 66.039 68.6739
656 66.039 68.614
657 66.039 68.2704
658 66.039 68.1728
659 66.039 68.8379
660 66.039 69.1488
661 66.039 69.1442
662 66.0348 68.8745
663 66.0348 68.561
664 66.0348 68.4796
665 66.0348 68.1857
666 66.0348 68.2405
667 66.0348 68.4356
668 66.0348 68.1885
669 66.0348 68.1453
670 66.0348 68.2411
671 66.0348 68.2904
672 66.0348 68.8744
673 66.0348 68.5739
674 66.0348 67.9199
675 66.0348 68.2566
676 66.0348 68.2138
677 66.0348 69.1912
678 66.0348 69.1783
679 66.0348 70.2352
680 66.0348 69.7068
681 66.0348 69.4685
682 66.0348 69.0969
683 66.0348 69.2478
684 66.0348 68.4629
685 66.0348 68.4654
686 66.0348 68.3995
687 66.0348 68.4632
688 66.0348 68.5317
689 66.0348 68.8139
690 66.0348 69.0209
691 66.0348 68.7152
692 66.0348 68.5816
693 66.0348 69.2685
694 66.0348 69.2801
695 65.7762 69.0389
696 65.7762 69.2159
697 65.7762 68.6889
698 65.7762 68.9428
699 65.7762 68.4414
700 65.7762 69.0563
701 65.7762 68.8483
702 65.7762 68.6818
703 65.7762 68.6475
704 65.7762 68.7207
705 65.7762 68.5772
706 65.7762 68.1711
707 65.7762 67.746
708 65.7762 68.0212
709 65.7762 68.4584
710 65.7762 68.3603
711 65.7762 67.5635
712 65.7762 67.6048
713 65.7762 67.9235
714 65.7762 68.008
715 65.7762 68.3419
716 65.7762 68.6778
717 65.7762 68.3845
718 65.7762 68.0499
719 65.7762 68.8991
720 65.7762 68.8727
721 65.7762 68.6536
722 65.7762 68.6249
723 65.7762 68.769
724 65.7762 69.3798
725 65.7762 69.2484
726 65.7762 68.2354
727 65.7762 69.6427
728 65.7762 69.4206
729 65.7762 69.3621
730 65.7762 69.1295
731 65.7762 69.4444
732 65.7762 69.163
733 65.7762 68.666
734 65.7762 68.3051
735 65.7762 68.062
736 65.7762 67.9005
737 65.7762 68.1669
738 65.7762 68.1655
739 65.7762 68.9634
740 65.7762 68.7912
741 65.7762 69.2356
742 65.7762 69.2153
743 65.7762 68.7314
744 65.7762 68.6848
745 65.7762 69.1882
746 65.7762 68.9383
747 65.7762 68.4784
748 65.7762 68.6214
749 65.7762 69.5172
750 65.7762 69.6151
751 65.7762 68.9642
752 65.7762 68.4474
753 65.7762 68.1134
754 65.7762 68.2689
755 65.7762 68.5284
756 65.7762 68.3261
757 65.7762 68.4018
758 65.7762 68.624
759 65.7762 68.8691
760 65.7762 68.81
761 65.7762 68.938
762 65.7762 69.2325
763 65.7762 68.7236
764 65.7762 68.6815
765 65.7762 68.0462
766 65.7762 67.9691
767 65.7762 67.9042
768 65.7762 68.1893
769 65.7762 68.1398
770 65.7762 68.9087
771 65.7762 69.5961
772 65.7762 69.8825
773 65.7762 69.1547
774 65.7762 68.7098
775 65.7762 68.0712
776 65.7762 68.7861
777 65.7762 68.4175
778 65.7762 68.6021
779 65.7762 68.2927
780 65.7762 67.9135
781 65.7762 67.9348
782 65.7762 68.0184
783 65.7762 67.6346
784 65.7762 67.5718
785 65.7762 68.5931
786 65.7762 69.2029
787 65.7762 69.167
788 65.7762 69.1601
789 65.7762 69.0601
790 65.7762 69.5437
791 65.7762 69.6806
792 65.7762 69.7728
793 65.7762 69.5237
794 65.7762 68.5102
795 65.7762 68.3067
796 65.7762 68.6843
797 65.7762 68.8481
798 65.7762 68.8454
799 65.7762 68.5527
800 65.321 68.5337
801 65.321 69.0081
802 65.321 69.6466
803 65.321 69.7032
804 65.321 69.04
805 65.321 68.1546
806 65.321 68.547
807 65.321 69.0216
808 65.321 68.6961
809 65.321 68.6084
810 65.321 68.926
811 65.321 68.9618
812 65.321 69.5035
813 65.3119 69.4105
814 65.3119 68.7722
815 65.3119 68.0684
816 65.3119 68.8329
817 65.3119 68.9446
818 65.3119 68.3859
819 65.3119 68.9987
820 65.3119 68.0103
821 65.3119 68.8701
822 65.3119 68.6054
823 65.3119 68.4233
824 65.3119 68.4825
825 65.3119 67.9895
826 65.3119 68.0066
827 65.3119 67.9747
828 65.3119 68.1909
829 65.3119 68.1537
830 65.3119 67.9352
831 65.3119 67.8863
832 65.3119 67.7371
833 65.3119 68.0078
834 65.3119 68.3353
835 65.3119 68.2434
836 65.3119 68.0935
837 65.3119 68.9745
838 65.3119 68.4706
839 65.3119 68.3351
840 65.3119 68.944
841 65.3119 69.0992
842 65.3119 67.9031
843 65.3119 67.9599
844 65.3119 68.077
845 65.3119 68.5377
846 65.3119 68.3905
847 65.3119 68.2211
848 65.3119 68.6444
849 65.3119 68.1032
850 65.3119 68.0851
851 65.3119 67.8895
852 65.3119 68.2614
853 65.3119 68.9542
854 65.3119 68.6985
855 65.3119 68.2778
856 65.3119 67.9027
857 65.3119 68.082
858 65.3119 68.3741
859 65.3119 68.8286
860 65.3119 68.6094
861 65.3119 68.1791
862 65.3119 68.6603
863 65.3119 68.6374
864 65.3119 68.6399
865 65.3119 68.4064
866 65.3119 68.7419
867 65.3119 68.9953
868 65.3119 68.2195
869 65.3119 68.1629
870 65.3119 68.2704
871 65.3119 68.0193
872 65.3119 68.17
873 65.3119 68.2
874 65.3119 68.397
875 65.3119 68.2546
876 65.3119 67.3793
877 65.3119 67.4644
878 65.3119 67.0131
879 65.3119 67.271
880 65.3119 67.6269
881 65.3119 67.7584
882 65.3119 67.6284
883 65.3119 67.6716
884 65.3119 67.9823
885 65.3119 68.2502
886 65.3119 68.2477
887 65.3119 68.2357
888 65.3119 68.3075
889 65.3119 67.9895
890 65.3119 67.9394
891 65.3119 67.6447
892 65.3119 68.3582
893 65.3119 67.7267
894 65.3119 68.0037
895 65.3119 67.8542
896 65.3119 68.4979
897 65.3119 68.5425
898 65.3119 68.3479
899 65.3119 68.229
900 65.3119 67.7944
901 65.3119 67.266
902 65.3119 67.2225
903 65.3119 67.726
904 65.3119 68.1357
905 65.3119 68.4842
906 65.3119 68.0869
907 65.3119 67.6017
908 65.3119 67.1739
909 65.3119 67.7521
910 65.3119 68.0095
911 65.3119 67.9864
912 65.3119 67.1965
913 65.3119 67.4092
914 65.3119 67.6254
915 65.3119 67.7991
916 65.3119 67.7233
917 65.3119 67.9478
918 65.3119 68.1523
919 65.3119 68.2202
920 65.3119 67.8604
921 65.3119 67.9763
922 65.3119 68.3411
923 65.3119 68.3037
924 65.3119 68.0122
925 65.3119 68.3913
926 65.3119 67.9158
927 65.3119 67.6537
928 65.3119 68.2567
929 65.3119 69.1081
930 65.3119 67.7286
931 65.3119 68.6057
932 65.3119 68.4955
933 65.3119 68.5523
934 65.3119 68.9128
935 65.3119 68.5763
936 65.3119 68.637
937 65.3119 68.4801
938 65.3119 67.9044
939 65.3119 67.6028
940 65.3119 67.7503
941 65.3119 68.7664
942 65.3119 68.1396
943 65.3119 68.8011
944 65.3119 68.8747
945 65.3119 68.4669
946 65.3119 69.007
947 65.3119 69.1351
948 65.3119 69.5885
949 65.3119 70.0102
950 65.3119 69.4306
951 65.3119 68.9355
952 65.3119 68.5553
953 65.3119 68.169
954 65.3119 67.7329
955 65.3119 67.9877
956 65.3119 68.052
957 65.3119 67.9007
958 65.3119 67.8056
959 65.3119 67.9725
960 65.3119 67.4204
961 65.3119 67.8546
962 65.3119 68.0387
963 65.3119 68.4754
964 65.3119 68.604
965 65.3119 68.2806
966 65.3119 67.8733
967 65.3119 68.2591
968 65.3119 68.3267
969 65.3119 68.1733
970 65.3119 68.2631
971 65.3119 67.9384
972 65.3119 67.8593
973 65.3119 67.2678
974 65.3119 67.406
975 65.3119 67.9768
976 65.3119 68.0273
977 65.3119 68.6527
978 65.3119 68.0829
979 65.3119 67.7801
980 65.3119 67.9849
981 65.3119 67.9249
982 65.3119 68.4182
983 65.3119 67.7398
984 65.3119 67.621
985 65.3119 67.1225
986 65.3119 67.0955
987 65.3119 67.5341
988 65.3119 67.8734
989 65.3119 68.5044
990 65.3119 68.6205
991 65.3119 68.4978
992 65.3119 68.5913
993 65.3119 68.5755
994 65.3119 68.5482
995 65.3119 68.4152
996 65.3119 68.5909
997 65.3119 68.5816
998 65.3119 68.4813
999 65.3119 68.8892
1000 65.3119 68.7129
1001 65.3119 68.803
1002 65.3119 69.2734
1003 65.3119 68.92
1004 65.3119 68.8852
1005 65.3119 68.5321
1006 65.3119 68.753
1007 65.3119 69.1007
1008 65.3119 68.6736
1009 65.3119 68.3879
1010 65.3119 67.808
1011 65.3119 68.3654
1012 65.3119 67.9905
1013 65.3119 67.161
1014 65.3119 68.2802
1015 65.3119 67.8859
1016 65.3119 67.9367
1017 65.3119 68.2826
1018 65.3119 68.2471
1019 65.3119 68.4859
1020 65.3119 68.4173
1021 65.3119 68.4295
1022 65.3119 68.0579
1023 65.3119 69.2262
1024 65.3119 69.1213
1025 65.3119 69.2632
1026 65.3119 68.5946
1027 65.3119 68.6762
1028 65.3119 68.335
1029 65.3119 70.125
1030 65.3119 69.0908
1031 65.3119 68.2753
1032 65.3119 68.2768
1033 65.3119 68.5279
1034 65.3119 68.9197
1035 65.3119 68.6308
1036 65.3119 68.2152
1037 65.3119 68.9188
1038 65.3119 68.6052
1039 65.3119 68.4721
1040 65.3119 67.5954
1041 65.3119 68.0919
1042 65.3119 68.2535
1043 65.3119 68.1101
1044 65.3119 68.6769
1045 65.3119 68.6576
1046 65.3119 69.1495
1047 65.3119 68.4174
1048 65.3119 68.5052
1049 65.3119 68.5534
1050 65.3119 68.3019
1051 65.3119 68.9964
1052 65.3119 68.7378
1053 65.3119 68.8802
1054 65.3119 68.8203
1055 65.3119 69.553
1056 65.3119 68.2526
1057 65.3119 67.9093
1058 65.3119 68.2825
1059 65.3119 68.3051
1060 65.3119 67.6741
1061 65.3119 68.0734
1062 65.3119 68.0834
1063 65.3119 68.5514
1064 65.3119 68.0354
1065 65.3119 67.8884
1066 65.3119 67.7817
1067 65.3119 67.7873
1068 65.3119 67.6855
1069 65.3119 67.3505
1070 65.3119 67.764
1071 65.3119 67.7586
1072 65.3119 67.5075
1073 65.3119 68.2578
1074 65.3119 68.41
1075 65.3119 67.5399
1076 65.3119 67.6473
1077 65.3119 68.3235
1078 65.3119 67.9768
1079 65.3119 67.2719
1080 65.3119 68.2749
1081 65.3119 68.475
1082 65.3119 68.3434
1083 65.3119 67.735
1084 65.3119 68.2699
1085 65.3119 69.0394
1086 65.3119 68.6686
1087 65.3119 68.6973
1088 65.3119 69.0846
1089 65.3119 68.8844
1090 65.3119 68.9437
1091 65.3119 69.1125
1092 65.3119 69.3491
1093 65.3119 68.9711
1094 65.3119 67.9676
1095 65.3119 67.8376
1096 65.3119 67.3631
1097 65.3119 67.6394
1098 65.3119 67.5308
1099 65.3119 67.4542
1100 65.3119 67.1067
1101 65.3119 67.1112
1102 65.3119 67.8476
1103 65.3119 67.5222
1104 65.3119 68.4213
1105 65.3119 68.6825
1106 65.3119 68.929
1107 65.3119 68.896
1108 65.3119 68.7604
1109 65.3119 68.734
1110 65.3119 68.7999
1111 65.3119 69.4799
1112 65.3119 69.0167
1113 65.3119 68.4233
1114 65.3119 68.2313
1115 65.3119 68.4306
1116 65.3119 68.3765
1117 65.3119 68.4564
1118 65.3119 68.4312
1119 65.3119 68.1866
1120 65.3119 67.9645
1121 65.3119 68.4397
1122 65.3119 68.1647
1123 65.3119 68.2529
1124 65.3119 67.6741
1125 65.3119 68.4076
1126 65.3119 68.4512
1127 65.3119 67.9761
1128 65.3119 67.8528
1129 65.3119 67.504
1130 65.3119 67.6419
1131 65.3119 67.9382
1132 65.3119 67.7385
1133 65.3119 67.6078
1134 65.3119 68.2641
1135 65.3119 68.329
1136 65.3119 68.0487
1137 65.3119 68.1313
1138 65.3119 68.5552
1139 65.3119 68.2764
1140 65.3119 67.7257
1141 65.3119 67.5866
1142 65.3119 67.7519
1143 65.3119 68.4544
1144 65.3119 68.4089
1145 65.3119 68.2752
1146 65.3119 67.9396
1147 65.3119 66.9961
1148 65.3119 67.6476
1149 65.3119 67.594
1150 65.3119 67.6857
1151 65.3119 67.7616
1152 65.3119 67.7479
1153 65.3119 67.8589
1154 65.3119 68.0363
1155 65.3119 67.7419
1156 65.3119 67.185
1157 65.3119 67.4693
1158 65.3119 68.1485
1159 65.3119 67.4572
1160 65.3119 67.8708
1161 65.3119 68.3785
1162 65.3119 68.5208
1163 65.3119 68.5777
1164 65.3119 67.7609
1165 65.3119 68.0401
1166 65.3119 68.4505
1167 65.3119 68.2363
1168 65.3119 68.5832
1169 65.3119 69.0837
1170 65.3119 68.0902
1171 65.3119 68.055
1172 65.3119 68.3939
1173 65.3119 68.4334
1174 65.3119 68.5106
1175 65.3119 68.5314
1176 65.3119 68.2963
1177 65.3119 68.5036
1178 65.3119 69.3908
1179 65.3119 69.3739
1180 65.3119 69.2995
1181 65.3119 68.8119
1182 65.3119 69.2214
1183 65.3119 68.5853
1184 65.3119 67.9638
1185 65.3119 67.6293
1186 65.3119 67.5229
1187 65.3119 67.95
1188 65.3119 68.4731
1189 65.3119 68.5554
1190 65.3119 69.1089
1191 65.3119 68.8021
1192 65.3119 68.3358
1193 65.3119 68.4442
1194 65.3119 68.2382
1195 65.3119 68.3903
1196 65.3119 67.9143
1197 65.3119 67.9345
1198 65.3119 67.7335
1199 65.3119 68.1384
1200 65.3119 68.6595
1201 65.3119 69.2859
1202 65.3119 68.7186
1203 65.3119 69.1186
1204 65.3119 68.6416
1205 65.3119 68.7598
1206 65.3119 68.5843
1207 65.3119 68.1691
1208 65.3119 68.3091
1209 65.3119 67.9815
1210 65.3119 68.3724
1211 65.3119 68.4373
1212 65.3119 68.0598
1213 65.3119 68.2496
1214 65.3119 68.6229
1215 65.3119 68.6103
1216 65.3119 69.4931
1217 65.3119 68.9479
1218 65.3119 68.9629
1219 65.3119 68.7335
1220 65.3119 68.0352
1221 65.3119 68.1258
1222 65.3119 68.5807
1223 65.3119 68.891
1224 65.3119 68.6878
1225 65.3119 69.079
1226 65.3119 68.9351
1227 65.3119 68.5837
1228 65.3119 67.9124
1229 65.3119 68.1785
1230 65.3119 67.5922
1231 65.3119 68.4284
1232 65.3119 68.0298
1233 65.3119 67.3259
1234 65.3119 67.4689
1235 65.3119 67.5439
1236 65.3119 67.7647
1237 65.3119 67.2154
1238 65.3119 67.636
1239 65.3119 68.1954
1240 65.3119 68.4709
1241 65.3119 69.0414
1242 65.3119 68.4857
1243 65.3119 68.3719
1244 65.3119 67.7566
1245 65.3119 67.8059
1246 65.3119 68.188
1247 65.3119 67.8925
1248 65.3119 68.217
1249 65.3119 68.0027
1250 65.3119 67.9603
1251 65.3119 67.9671
1252 65.3119 68.4347
1253 65.3119 68.1579
1254 65.3119 68.2584
1255 65.3119 69.0862
1256 65.3119 69.0647
1257 65.3119 69.3949
1258 65.3119 68.3078
1259 65.3119 68.7803
1260 65.3119 68.1351
1261 65.3119 67.987
1262 65.3119 67.9067
1263 65.3119 68.311
1264 65.3119 68.5133
1265 65.3119 68.1051
1266 65.3119 67.7699
1267 65.3119 68.0929
1268 65.3119 68.3308
1269 65.3119 67.3881
1270 65.3119 67.7972
1271 65.3119 67.8756
1272 65.3119 68.253
1273 65.3119 67.7512
1274 65.3119 67.7101
1275 65.3119 68.364
1276 65.3119 68.5547
1277 65.3119 67.7095
1278 65.3119 67.615
1279 65.3119 67.4834
1280 65.3119 67.964
1281 65.3119 68.1355
1282 65.3119 68.2515
1283 65.3119 68.1658
1284 65.3119 68.6179
1285 65.3119 68.5893
1286 65.3119 68.2732
1287 65.3119 67.5554
1288 65.3119 67.4989
1289 65.3119 67.6785
1290 65.3119 67.4639
1291 65.3119 67.329
1292 65.3119 67.7812
1293 65.3119 68.5863
1294 65.3119 68.2458
1295 65.3119 67.8659
1296 65.3119 67.9975
1297 65.3119 68.4694
1298 65.3119 67.3068
1299 65.3119 67.7561
1300 65.2319 68.5011
1301 65.2319 68.0264
1302 65.2319 68.274
1303 65.2319 67.7894
1304 65.2319 67.5877
1305 65.2319 67.8735
1306 65.2319 67.9604
1307 65.2319 68.2671
1308 65.2319 68.0679
1309 65.2319 68.3586
1310 65.2319 68.8448
1311 65.2319 68.8626
1312 65.2319 68.471
1313 65.2319 68.1498
1314 65.2319 68.0314
1315 65.2319 67.9467
1316 65.2319 68.0494
1317 65.2319 68.5423
1318 65.2319 68.7003
1319 65.2319 68.5967
1320 65.2319 68.38
1321 65.2319 68.9025
1322 65.2319 68.249
1323 65.2319 68.7192
1324 65.2319 68.2905
1325 64.9709 67.7899
1326 64.9709 67.5806
1327 64.9709 67.6452
1328 64.9709 68.1891
1329 64.9709 68.1773
1330 64.9709 67.7324
1331 64.9709 67.7403
1332 64.9709 67.7282
1333 64.9709 67.9922
1334 64.9709 68.1027
1335 64.9709 68.1675
1336 64.9709 68.2094
1337 64.9709 68.0691
1338 64.9709 67.5138
1339 64.9709 67.2455
1340 64.9709 67.6118
1341 64.9709 67.7515
1342 64.9709 68.3717
1343 64.9709 68.4227
1344 64.9709 68.4686
1345 64.9709 67.7249
1346 64.9709 67.029
1347 64.9709 67.3818
1348 64.9709 67.5059
1349 64.9709 67.5868
1350 64.9709 66.7762
1351 64.9709 66.9205
1352 64.9709 67.4189
1353 64.9709 66.9193
1354 64.9709 67.5218
1355 64.9709 68.383
1356 64.9709 67.9988
1357 64.9709 68.1081
1358 64.9709 68.3198
1359 64.9709 68.2403
1360 64.9709 68.249
1361 64.9709 67.5488
1362 64.9709 67.7433
1363 64.9709 68.1698
1364 64.9709 67.8345
1365 64.9709 67.997
1366 64.9709 67.6137
1367 64.9709 67.8191
1368 64.9709 67.3503
1369 64.9709 67.38
1370 64.9709 67.8052
1371 64.9709 68.2553
1372 64.9709 68.5516
1373 64.9709 68.1062
1374 64.9709 68.541
1375 64.9709 68.4137
1376 64.9709 68.5175
1377 64.9709 68.1931
1378 64.9709 68.1997
1379 64.9709 68.7359
1380 64.9709 68.4364
1381 64.9709 68.573
1382 64.9709 68.0274
1383 64.9709 68.0165
1384 64.9709 67.7568
1385 64.9709 68.0225
1386 64.9709 67.6984
1387 64.9709 67.991
1388 64.9709 68.0142
1389 64.9709 67.9118
1390 64.9709 67.7385
1391 64.9709 68.0546
1392 64.9709 68.7375
1393 64.9709 68.9568
1394 64.9709 69.0946
1395 64.9709 68.1713
1396 64.9709 67.6588
1397 64.9709 67.5849
1398 64.9709 67.8341
1399 64.9709 67.9917
1400 64.9709 67.6285
1401 64.9709 68.1326
1402 64.9709 68.126
1403 64.9709 68.6046
1404 64.9709 68.6014
1405 64.9709 68.4671
1406 64.9709 68.4559
1407 64.9709 68.4382
1408 64.9709 67.8665
1409 64.9709 67.9587
1410 64.9709 68.5944
1411 64.9709 68.0584
1412 64.9709 67.9876
1413 64.9709 67.7757
1414 64.9709 67.7163
1415 64.9709 67.6144
1416 64.9709 67.3452
1417 64.9709 67.7819
1418 64.9709 67.8329
1419 64.9709 67.3086
1420 64.9709 67.1774
1421 64.9709 66.9355
1422 64.9709 67.2581
1423 64.9709 67.8839
1424 64.9709 68.316
1425 64.9709 68.0764
1426 64.9709 67.8906
1427 64.9709 67.962
1428 64.9709 67.4998
1429 64.9709 67.3998
1430 64.9709 67.9207
1431 64.9709 67.8856
1432 64.9709 68.0604
1433 64.9709 68.1124
1434 64.9709 68.4791
1435 64.9709 69.012
1436 64.9709 68.5937
1437 64.9709 68.651
1438 64.9709 67.9987
1439 64.9709 68.3675
1440 64.9709 68.0976
1441 64.9709 68.2938
1442 64.9709 68.586
1443 64.9709 68.2784
1444 64.9709 68.1965
1445 64.9709 68.4268
1446 64.9709 68.2145
1447 64.9709 68.2124
1448 64.9709 67.4451
1449 64.9709 67.473
1450 64.9709 67.8817
1451 64.9709 68.3292
1452 64.9709 67.9524
1453 64.9709 67.6528
1454 64.9709 67.32
1455 64.9709 67.1966
1456 64.9709 67.45
1457 64.9709 67.5022
1458 64.9709 67.2663
1459 64.9709 67.1496
1460 64.9709 66.9377
1461 64.9709 67.2329
1462 64.9709 67.953
1463 64.9709 67.9206
1464 64.9709 67.5707
1465 64.9709 67.3905
1466 64.9709 67.7287
1467 64.9709 67.7981
1468 64.9709 67.6908
1469 64.9709 68.2732
1470 64.9709 68.6959
1471 64.9709 68.6019
1472 64.9709 68.419
1473 64.9709 67.706
1474 64.9709 67.648
1475 64.9709 68.4188
1476 64.9709 67.9362
1477 64.9709 68.1944
1478 64.9709 68.0176
1479 64.9709 68.0392
1480 64.9709 67.5138
1481 64.9709 67.709
1482 64.9709 67.753
1483 64.9709 67.2473
1484 64.9709 67.5203
1485 64.9709 67.663
1486 64.9709 67.6747
1487 64.9709 67.8529
1488 64.9709 67.5031
1489 64.9709 68.2299
1490 64.9709 67.8713
1491 64.9709 67.561
1492 64.9709 67.6376
1493 64.9709 67.7908
1494 64.9709 67.1858
1495 64.9709 67.3142
1496 64.9709 67.5495
1497 64.9709 67.4178
1498 64.9709 67.9621
1499 64.9709 67.7361
1500 64.9522 68.081
1501 64.9128 67.1762
1502 64.9128 67.6377
1503 64.9128 68.1083
1504 64.9128 68.253
1505 64.9128 67.6326
1506 64.9128 67.8676
1507 64.9128 67.1939
1508 64.9128 67.1942
1509 64.9128 67.3689
1510 64.9128 67.4461
1511 64.9128 67.6392
1512 64.9128 67.4118
1513 64.9128 68.003
1514 64.9128 68.0837
1515 64.9128 68.2547
1516 64.9128 67.842
1517 64.9128 67.8519
1518 64.9128 67.5272
1519 64.9128 67.8035
1520 64.9128 67.3629
1521 64.9128 67.7735
1522 64.9128 67.6246
1523 64.9128 67.946
1524 64.9128 68.442
1525 64.9128 68.3098
1526 64.9128 67.9058
1527 64.9128 67.8703
1528 64.9128 67.8471
1529 64.9128 67.2994
1530 64.9128 67.586
1531 64.9128 67.6607
1532 64.9128 68.2481
1533 64.9128 68.0286
1534 64.9128 68.2182
1535 64.9128 67.8724
1536 64.9128 67.7372
1537 64.9128 68.457
1538 64.9128 68.03
1539 64.9128 68.2148
1540 64.9128 67.4555
1541 64.9128 67.8301
1542 64.9128 67.5953
1543 64.9128 68.0117
1544 64.9128 67.3543
1545 64.9128 68.22
1546 64.9128 67.9776
1547 64.9128 68.3098
1548 64.9128 67.6084
1549 64.9128 67.5693
1550 64.9128 68.0346
1551 64.9128 67.8919
1552 64.9128 67.6067
1553 64.9128 67.3538
1554 64.9128 66.7956
1555 64.9128 67.1165
1556 64.9128 67.8301
1557 64.9128 67.1598
1558 64.9128 66.7301
1559 64.9128 66.7171
1560 64.9128 66.786
1561 64.9128 67.0587
1562 64.9128 66.7429
1563 64.9128 67.213
1564 64.9128 67.491
1565 64.9128 67.7593
1566 64.9128 67.2631
1567 64.9128 67.2269
1568 64.9128 67.2252
1569 64.9128 67.2737
1570 64.9128 67.3939
1571 64.9128 67.3167
1572 64.9128 67.9411
1573 64.9128 67.6125
1574 64.9128 67.9043
1575 64.9128 67.9715
1576 64.9128 68.1067
1577 64.9128 67.5689
1578 64.9128 67.7625
1579 64.9128 67.379
1580 64.9128 67.3078
1581 64.9128 67.6759
1582 64.9128 67.7038
1583 64.9128 67.3103
1584 64.9128 67.7867
1585 64.9128 67.761
1586 64.9128 68.235
1587 64.9128 68.0792
1588 64.9128 67.5767
1589 64.9128 67.2592
1590 64.9128 67.0384
1591 64.9128 66.9647
1592 64.9128 67.913
1593 64.9128 68.1982
1594 64.9128 68.443
1595 64.9128 68.2324
1596 64.9128 67.683
1597 64.9128 67.6817
1598 64.9128 67.6734
1599 64.9128 67.2544
1600 64.9128 67.4162
1601 64.9128 67.6284
1602 64.9128 67.4892
1603 64.9128 67.5301
1604 64.9128 67.4946
1605 64.9128 68.0324
1606 64.9128 67.0863
1607 64.9128 67.4626
1608 64.9128 67.0794
1609 64.9128 67.7233
1610 64.9128 68.3706
1611 64.9128 68.0151
1612 64.9128 67.9641
1613 64.9128 67.8984
1614 64.9128 68.0175
1615 64.9128 68.6608
1616 64.9128 68.3217
1617 64.9128 69.0683
1618 64.9128 69.2081
1619 64.9128 68.6892
1620 64.9128 68.1225
1621 64.9128 67.8394
1622 64.9128 68.0669
1623 64.9128 67.5476
1624 64.9128 67.2483
1625 64.9128 67.4768
1626 64.9128 67.9167
1627 64.9128 67.8747
1628 64.9128 67.6616
1629 64.9128 68.1098
1630 64.9128 68.4452
1631 64.9128 68.0961
1632 64.9128 67.9317
1633 64.9128 67.4358
1634 64.9128 67.6041
1635 64.9128 67.9727
1636 64.9128 67.7856
1637 64.9128 67.9644
1638 64.9128 67.2674
1639 64.9128 67.4939
1640 64.9128 67.4053
1641 64.9128 67.1628
1642 64.9128 67.8443
1643 64.9128 67.8411
1644 64.9128 67.7187
1645 64.9128 67.7684
1646 64.9128 68.1831
1647 64.9128 68.1282
1648 64.9128 68.5712
1649 64.9128 68.7415
1650 64.9128 68.3786
1651 64.9128 67.6965
1652 64.9128 67.7259
1653 64.9128 68.3612
1654 64.9128 68.2656
1655 64.9128 67.9306
1656 64.9128 67.279
1657 64.9128 67.5679
1658 64.9128 67.2588
1659 64.9128 67.3591
1660 64.9128 67.7501
1661 64.9128 67.9272
1662 64.9128 68.9234
1663 64.9128 68.6389
1664 64.9128 68.2405
1665 64.9128 68.3841
1666 64.9128 67.6204
1667 64.9128 68.7183
1668 64.9128 68.1007
1669 64.9128 68.0448
1670 64.9128 67.6506
1671 64.9128 67.5782
1672 64.9128 68.483
1673 64.9128 68.8823
1674 64.9128 68.8804
1675 64.9128 68.2623
1676 64.9128 67.9609
1677 64.9128 67.8234
1678 64.9128 67.959
1679 64.9128 68.0467
1680 64.9128 67.9195
1681 64.9128 67.2749
1682 64.9128 68.0944
1683 64.9128 67.6034
1684 64.9128 68.0554
1685 64.9128 68.1286
1686 64.9128 67.8972
1687 64.9128 67.4996
1688 64.9128 67.9046
1689 64.9128 68.2124
1690 64.9128 68.3648
1691 64.9128 67.9212
1692 64.9128 67.1666
1693 64.9128 67.5203
1694 64.9128 68.0373
1695 64.9128 68.5563
1696 64.9128 68.0507
1697 64.9128 67.8481
1698 64.9128 67.3441
1699 64.9128 67.8243
1700 64.9128 67.1468
1701 64.9128 67.1041
1702 64.9128 67.3414
1703 64.9128 67.6204
1704 64.9128 67.7382
1705 64.9128 67.2689
1706 64.9128 67.3433
1707 64.9128 67.8993
1708 64.9128 68.106
1709 64.9128 67.7486
1710 64.9128 67.6186
1711 64.9128 67.1321
1712 64.9128 67.3122
1713 64.9128 67.5502
1714 64.9128 67.3544
1715 64.9128 67.136
1716 64.9128 67.1493
1717 64.9128 67.4242
1718 64.9128 67.5336
1719 64.9128 67.129
1720 64.9128 67.3351
1721 64.9128 67.3012
1722 64.9128 67.6266
1723 64.9128 67.1008
1724 64.9128 67.6542
1725 64.9128 67.7879
1726 64.9128 67.6837
1727 64.9128 67.4936
1728 64.9128 67.3933
1729 64.9128 67.6837
1730 64.9128 67.5442
1731 64.9128 67.8475
1732 64.9128 68.2404
1733 64.9128 67.288
1734 64.9128 67.8896
1735 64.9128 68.3805
1736 64.9128 68.4201
1737 64.9128 68.451
1738 64.9128 68.345
1739 64.9128 68.6279
1740 64.9128 68.3221
1741 64.9128 67.563
1742 64.9128 67.4412
1743 64.9128 67.185
1744 64.9128 67.1837
1745 64.9128 67.048
1746 64.9128 66.7551
1747 64.9128 67.025
1748 64.9128 67.3447
1749 64.9128 67.2444
1750 64.9128 67.4065
1751 64.9128 67.4995
1752 64.9128 68.053
1753 64.9128 67.6805
1754 64.9128 67.4681
1755 64.9128 67.6141
1756 64.9128 67.6934
1757 64.9128 68.1314
1758 64.9128 68.2041
1759 64.9128 67.9792
1760 64.9128 67.6619
1761 64.9128 67.5507
1762 64.9128 67.9674
1763 64.9128 67.8375
1764 64.9128 67.5503
1765 64.9128 68.2844
1766 64.9128 68.0368
1767 64.9128 68.4893
1768 64.9128 67.9091
1769 64.9128 68.075
1770 64.9128 68.8128
1771 64.9128 68.5615
1772 64.9128 67.7206
1773 64.9128 67.4425
1774 64.9128 67.452
1775 64.9128 67.7005
1776 64.9128 68.1285
1777 64.9128 68.0115
1778 64.9128 67.8708
1779 64.9128 67.5102
1780 64.9128 68.3802
1781 64.9128 67.4053
1782 64.9128 67.2623
1783 64.9128 67.3513
1784 64.9128 67.2257
1785 64.9128 67.2042
1786 64.9128 67.7322
1787 64.9128 67.5462
1788 64.9128 67.8724
1789 64.9128 67.5804
1790 64.9128 67.6847
1791 64.9128 67.2222
1792 64.9128 67.2328
1793 64.9128 68.1814
1794 64.9128 67.8976
1795 64.9128 67.9637
1796 64.9128 67.9829
1797 64.9128 68.2235
1798 64.9128 67.7298
1799 64.9128 67.0123
1800 64.9128 67.0586
1801 64.9128 66.7979
1802 64.9128 67.023
1803 64.9128 66.9963
1804 64.9128 67.2022
1805 64.9128 67.6155
1806 64.9128 67.5798
1807 64.9128 67.9143
1808 64.9128 68.2964
1809 64.9128 67.9057
1810 64.9128 67.6558
1811 64.9128 67.8889
1812 64.9128 67.7916
1813 64.9128 67.9142
1814 64.9128 67.8132
1815 64.9128 67.7912
1816 64.9128 67.9705
1817 64.9128 68.1593
1818 64.9128 68.7947
1819 64.9128 68.2783
1820 64.9128 67.8799
1821 64.9128 67.5903
1822 64.9128 67.6744
1823 64.9128 67.4711
1824 64.9128 67.3601
1825 64.9128 67.7156
1826 64.9128 67.3021
1827 64.9128 68.1064
1828 64.9128 67.6017
1829 64.9128 68.6398
1830 64.9128 68.091
1831 64.9128 67.6986
1832 64.9128 67.6868
1833 64.9128 67.2579
1834 64.9128 67.1633
1835 64.9128 67.378
1836 64.9128 68.2067
1837 64.9128 67.9261
1838 64.9128 67.7077
1839 64.9128 67.7594
1840 64.9128 67.0957
1841 64.9128 67.3489
1842 64.9128 67.5588
1843 64.9128 67.545
1844 64.9128 67.3847
1845 64.9128 67.1977
1846 64.9128 66.7865
1847 64.9128 67.5665
1848 64.9128 66.8159
1849 64.9128 67.4714
1850 64.9128 67.36
1851 64.9128 66.8034
1852 64.9128 66.8514
1853 64.9128 66.9515
1854 64.9128 67.0236
1855 64.9128 68.1553
1856 64.9128 67.4374
1857 64.9128 67.7881
1858 64.9128 68.1615
1859 64.9128 68.5125
1860 64.9128 68.291
1861 64.9128 68.6423
1862 64.9128 68.5087
1863 64.9128 67.3396
1864 64.9128 66.8916
1865 64.9128 67.7859
1866 64.9128 67.7415
1867 64.9128 67.9057
1868 64.9128 67.9452
1869 64.9128 67.5512
1870 64.9128 68.0181
1871 64.9128 67.6934
1872 64.9128 68.3179
1873 64.9128 67.901
1874 64.9128 67.5255
1875 64.9128 67.5944
1876 64.9128 67.3919
1877 64.9128 67.5621
1878 64.9128 67.7476
1879 64.9128 67.7277
1880 64.9128 67.7783
1881 64.9128 67.706
1882 64.9128 68.0337
1883 64.9128 67.372
1884 64.9128 67.6641
1885 64.9128 67.6992
1886 64.9128 67.7399
1887 64.9128 67.9429
1888 64.9128 66.9963
1889 64.9128 67.2919
1890 64.9128 67.383
1891 64.9128 68.1359
1892 64.9128 68.0452
1893 64.9128 68.2414
1894 64.9128 68.0371
1895 64.9128 67.444
1896 64.9128 66.6021
1897 64.9128 66.6987
1898 64.9128 67.3983
1899 64.9128 67.6345
1900 64.9128 68.079
1901 64.9128 68.8818
1902 64.9128 67.8833
1903 64.9128 67.8353
1904 64.9128 68.0426
1905 64.9128 68.6289
1906 64.9128 68.4581
1907 64.9128 68.3976
1908 64.9128 67.8959
1909 64.9128 67.8523
1910 64.9128 66.9942
1911 64.9128 67.7019
1912 64.9128 68.0039
1913 64.9128 68.3309
1914 64.9128 68.4023
1915 64.9128 68.0702
1916 64.9128 68.2816
1917 64.9128 67.7423
1918 64.9128 68.1675
1919 64.9128 68.1474
1920 64.9128 68.1095
1921 64.9128 67.9975
1922 64.9128 67.2293
1923 64.9128 67.2758
1924 64.9128 67.5607
1925 64.9128 67.6174
1926 64.9128 66.9876
1927 64.9128 66.5804
1928 64.9128 66.7465
1929 64.9128 66.9363
1930 64.9128 67.7448
1931 64.9128 67.1346
1932 64.9128 66.8091
1933 64.9128 67.0405
1934 64.9128 66.8947
1935 64.9128 67.0679
1936 64.9128 67.9454
1937 64.9128 67.4316
1938 64.9128 67.2422
1939 64.9128 67.5186
1940 64.9128 67.638
1941 64.9128 68.1011
1942 64.9128 68.2569
1943 64.9128 68.1575
1944 64.9128 67.857
1945 64.9128 68.1279
1946 64.9128 67.7556
1947 64.9128 67.6023
1948 64.9128 67.9419
1949 64.9128 68.5382
1950 64.9128 67.6578
1951 64.9128 67.3921
1952 64.9128 67.2756
1953 64.9128 67.5422
1954 64.9128 67.7205
1955 64.9128 68.561
1956 64.9128 68.6467
1957 64.9128 67.8965
1958 64.9128 67.8091
1959 64.9128 68.5521
1960 64.9128 68.1221
1961 64.9128 68.3953
1962 64.9128 69.1634
1963 64.9128 67.9858
1964 64.9128 67.8377
1965 64.9128 67.8075
1966 64.9128 67.2871
1967 64.9128 67.7248
1968 64.9128 67.699
1969 64.9128 67.9735
1970 64.9128 67.7894
1971 64.9128 68.4653
1972 64.9128 68.02
1973 64.9128 67.5748
1974 64.9128 67.8806
1975 64.9128 67.883
1976 64.9128 67.4539
1977 64.9128 68.5567
1978 64.9128 67.9764
1979 64.9128 67.8321
1980 64.9128 68.2616
1981 64.9128 67.7382
1982 64.9128 67.4964
1983 64.9128 68.1799
1984 64.9128 68.4593
1985 64.9128 68.6487
1986 64.9128 68.6935
1987 64.9128 68.2796
1988 64.9128 67.5694
1989 64.9128 68.029
1990 64.9128 68.366
1991 64.9128 68.1722
1992 64.9128 68.2773
1993 64.9128 67.5683
1994 64.9128 67.3418
1995 64.9128 67.3002
1996 64.9128 67.1986
1997 64.9128 67.1298
1998 64.9128 66.7988
1999 64.9128 67.0039
2000 64.9128 66.7918
