0 435.817 491.978
1 423.108 474.927
2 410.087 458.506
3 390.969 444.536
4 378.384 432.976
5 364.932 417.93
6 364.932 401.677
7 347.055 390.622
8 344.415 381.885
9 339.037 371.014
10 325.133 362.28
11 322.44 354.361
12 315.263 346.37
13 310.488 339.704
14 300.044 332.207
15 299.849 324.517
16 294.761 316.593
17 291.61 310.545
18 291.61 307.609
19 286.026 305.121
20 282.889 303.244
21 280.371 299.082
22 277.796 294.901
23 271.958 291.463
24 263.921 287.107
25 257.138 282.919
26 246.869 279.7
27 246.869 274.401
28 245.217 268.573
29 243.917 261.729
30 238.754 257.65
31 236.022 252.515
32 236.022 248.628
33 232.346 245.288
34 229.075 241.675
35 226.243 238.742
36 222.051 236.034
37 219.714 233.913
38 218.188 231.019
39 211.323 228.139
40 207.839 224.811
41 207.556 221.323
42 205.756 217.198
43 203.635 214.208
44 202.818 212.24
45 200.533 210.529
46 195.949 208.562
47 194.951 206.607
48 191.701 205.343
49 190.304 203.229
50 187.053 201.285
51 187.037 198.225
52 185.517 196.707
53 185.517 195.359
54 184.656 193.891
55 183.888 192.517
56 183.888 191.953
57 180.626 190.567
58 180.626 189.567
59 180.485 188.839
60 180.105 187.819
61 179.092 187.619
62 178.486 185.756
63 177.605 184.969
64 176.492 184.022
65 175.005 183.449
66 174.213 182.662
67 174.213 181.909
68 172.928 181.57
69 171.805 180.546
70 171.369 180.241
71 169.87 178.773
72 169.869 177.074
73 169.869 175.2
74 167.768 174.172
75 167.004 173.432
76 167.004 173.684
77 165.698 174.932
78 165.698 175.011
79 165.698 176.478
80 164.507 176.24
81 159.344 176.32
82 158.471 175.354
83 158.305 173.018
84 157.935 170.479
85 156.613 167.995
86 156.323 166.348
87 156.323 165.359
88 150.062 164.419
89 150.062 162.656
90 149.55 160.931
91 147.253 159.275
92 146.742 158.287
93 145.932 156.366
94 145.804 155.718
95 144.142 152.605
96 144.142 151.562
97 143.656 150.437
98 142.688 149.724
99 141.006 148.363
100 132.519 147.151
101 132.519 146.088
102 132.519 146.787
103 132.519 148.047
104 132.314 148.358
105 132.312 149.615
106 131.177 147.431
107 130.972 145.234
108 130.615 141.935
109 129.17 139.561
110 129.17 138.501
111 128.277 137.995
112 128.277 136.53
113 127.926 135.812
114 126.683 134.588
115 125.749 133.898
116 125.749 132.8
117 125.035 131.731
118 124.437 130.531
119 123.719 130.027
120 123.004 128.65
121 122.14 127.898
122 121.856 126.963
123 120.55 126.559
124 119.377 125.89
125 118.165 126.001
126 116.909 125.008
127 116.909 124.381
128 116.144 122.945
129 115.966 122.032
130 115.061 121.47
131 114.448 120.045
132 113.492 120.345
133 112.989 120.004
134 112.989 119.951
135 112.061 119.392
136 112.061 117.96
137 111.691 117.824
138 111.691 119.024
139 110.981 119.881
140 110.981 119.774
141 110.803 119.285
142 110.803 118.473
143 110.803 117.644
144 110.803 116.856
145 110.534 116.869
146 110.321 115.785
147 110.123 115.738
148 109.647 115.83
149 108.77 116.278
150 108.77 115.055
151 108.77 115.34
152 108.501 114.986
153 108.138 114.583
154 108.138 113.808
155 107.688 112.296
156 106.061 111.28
157 105.429 111.117
158 104.287 111.254
159 104.287 111.499
160 103.733 110.199
161 103.164 109.835
162 103.124 109.647
163 103.124 108.257
164 103.124 108.348
165 103.051 107.859
166 103.051 107.29
167 102.994 107.883
168 102.763 107.518
169 102.763 106.939
170 100.905 106.218
171 100.905 106.428
172 100.847 106.864
173 100.847 106.218
174 100.847 105.399
175 100.13 105.177
176 99.5118 105.209
177 99.4545 104.636
178 97.394 103.952
179 97.394 103.05
180 96.8735 103.185
181 96.8735 102.551
182 96.3747 102.236
183 96.3747 101.52
184 96.3747 100.841
185 96.3747 100.987
186 96.3747 101.384
187 96.0785 100.971
188 95.6893 100.899
189 95.6893 100.227
190 95.0594 100.233
191 95.0594 99.7968
192 94.374 98.7529
193 94.1416 98.904
194 93.4562 98.3555
195 93.4562 97.9478
196 93.4562 97.4154
197 92.9875 97.4367
198 92.9875 97.6934
199 92.9875 97.2029
200 91.8775 96.4244
201 91.8775 96.4556
202 91.8775 97.6104
203 91.8775 99.0782
204 91.8775 99.3442
205 91.8775 99.5957
206 91.8775 101.71
207 91.8775 102.046
208 91.8775 101.312
209 91.8775 99.3919
210 91.023 98.3721
211 91.023 97.1305
212 91.023 97.4724
213 90.9454 98.7144
214 90.9454 99.5904
215 90.9454 100.202
216 90.0789 100.525
217 90.0789 99.9365
218 90.0789 99.0643
219 90.0789 98.146
220 89.1914 97.3073
221 89.1914 97.147
222 88.9726 95.9006
223 88.8267 95.3019
224 88.6078 96.0165
225 88.6078 96.8644
226 87.6422 95.1821
227 87.2027 94.778
228 87.2027 93.9877
229 87.2027 92.2985
230 87.2027 91.8274
231 86.3483 91.552
232 86.3483 91.1966
233 86.3483 92.047
234 86.3483 92.757
235 86.3483 94.8184
236 86.3483 95.8092
237 86.3483 96.1852
238 86.2011 96.5325
239 86.2011 95.7772
240 86.2011 95.0126
241 86.2011 93.5352
242 86.2011 92.6456
243 85.6755 91.7813
244 85.6755 91.1946
245 85.4403 91.1883
246 85.1579 90.5193
247 85.1579 90.7154
248 85.1579 90.5513
249 85.1579 90.335
250 85.1236 90.3463
251 85.1236 90.4345
252 84.517 90.1909
253 84.361 89.1045
254 84.1177 89.2942
255 84.0835 88.4127
256 84.0835 87.571
257 83.2899 87.3511
258 83.2899 86.833
259 83.2899 87.0338
260 83.2718 86.859
261 82.9288 86.409
262 82.9288 86.2555
263 82.9107 86.5249
264 82.9107 86.3316
265 82.4372 85.5255
266 82.3905 86.0165
267 81.9905 86.2193
268 81.9905 86.3028
269 81.4436 87.2527
270 81.4255 87.4495
271 81.4255 87.1175
272 80.9421 86.7043
273 80.6957 85.3479
274 80.6957 85.8737
275 80.5294 85.9538
276 80.1664 85.7383
277 80.0602 85.9421
278 79.7664 85.3436
279 79.564 85.4918
280 79.2703 85.0023
281 79.2703 84.4608
282 79.2703 83.3165
283 79.257 83.0617
284 79.2567 82.2523
285 78.963 81.9842
286 78.9497 82.0787
287 78.9497 82.2317
288 78.9497 82.5998
289 78.7078 82.0381
290 78.5939 81.4562
291 78.3001 81.7394
292 78.0583 81.8069
293 78.045 81.3073
294 78.045 81.0545
295 78.045 80.5353
296 78.045 80.8751
297 78.045 81.3455
298 77.5697 80.0909
299 77.5697 80.6007
300 77.5697 80.9213
301 77.478 81.1883
302 77.3538 81.4624
303 77.2783 81.3363
304 77.2783 81.3458
305 77.0369 81.2032
306 76.8533 80.9481
307 76.8533 81.3661
308 76.8533 81.4394
309 76.5651 80.7821
310 76.5651 80.1336
311 76.5651 80.5396
312 76.5651 80.6853
313 76.5651 80.0373
314 76.5651 80.5401
315 76.5651 80.916
316 76.5651 80.3058
317 76.5651 79.7165
318 76.5651 79.1445
319 76.5651 79.4312
320 76.5651 78.9534
321 76.5651 78.8594
322 76.5651 78.9468
323 76.5651 79.3666
324 76.5651 78.6057
325 76.5651 79.2966
326 76.4387 79.1039
327 76.4387 79.8056
328 76.4387 79.038
329 76.4387 80.0276
330 76.4387 79.4196
331 76.4387 79.3891
332 76.4387 79.8753
333 76.2144 79.4361
334 76.2144 78.9556
335 76.1567 79.1928
336 76.1567 79.4451
337 76.1023 79.432
338 76.1023 78.9201
339 76.1023 78.7468
340 76.1023 78.9485
341 76.1023 78.4372
342 76.1023 79.2537
343 76.1023 79.0797
344 76.1023 78.5669
345 76.1023 78.936
346 75.8441 78.6542
347 75.8441 78.9514
348 75.8441 78.9985
349 75.8441 79.3381
350 75.8441 79.1905
351 75.8441 79.2636
352 75.8441 78.8885
353 75.8441 78.78
354 75.8441 79.17
355 75.8441 78.2577
356 75.8441 78.5139
357 75.8441 78.1879
358 75.6676 78.5282
359 75.6676 78.4753
360 75.6676 78.7382
361 75.6321 78.8721
362 75.4866 79.1496
363 75.2746 78.804
364 75.2746 78.9093
365 75.2746 79.0729
366 75.2746 78.9725
367 75.2341 79.7215
368 74.8766 79.7031
369 74.8766 80.3933
370 74.8766 79.9367
371 74.8766 80.0123
372 74.8766 79.8185
373 74.8766 78.5029
374 74.8766 78.7879
375 74.8766 78.3499
376 74.7148 78.2839
377 74.7148 78.3839
378 74.5706 78.3093
379 74.5706 77.725
380 74.5706 77.3412
381 74.5706 77.4106
382 74.5706 78.4556
383 74.5706 79.9957
384 74.5706 81.7405
385 74.5706 83.3763
386 74.5706 84.6224
387 74.5706 86.0587
388 74.5706 85.7985
389 74.5706 84.708
390 74.5706 83.3984
391 74.5706 82.1745
392 74.5706 81.9349
393 74.5706 81.0966
394 74.5706 80.8332
395 74.4392 79.5526
396 74.4392 78.2633
397 74.4392 77.7623
398 74.4392 77.7794
399 74.4392 77.0982
400 72.7768 77.9197
401 72.7768 78.3069
402 72.7768 78.3656
403 72.7768 78.271
404 72.7768 78.89
405 72.7768 79.0878
406 72.7768 78.7901
407 72.4153 78.8812
408 72.2711 78.4589
409 72.2711 77.3699
410 72.194 76.6061
411 72.194 76.1663
412 72.194 76.1561
413 72.194 76.6152
414 72.194 76.1217
415 72.194 75.8811
416 72.194 76.3586
417 72.194 76.0894
418 72.194 75.4287
419 72.194 75.4519
420 72.194 75.6624
421 72.194 75.4951
422 72.194 75.5783
423 72.194 75.2557
424 72.194 75.0567
425 72.194 75.306
426 72.194 75.5207
427 72.194 74.6347
428 72.194 74.045
429 71.8073 74.0408
430 71.8073 74.0609
431 71.8073 74.5531
432 71.8073 74.4876
433 71.8073 74.4983
434 71.8073 74.5519
435 71.8073 74.9956
436 71.8073 74.7877
437 71.8073 74.9467
438 71.8073 75.2811
439 71.8073 76.6844
440 71.574 78.0578
441 71.574 79.0401
442 71.574 77.7899
443 71.574 77.4228
444 71.574 77.4378
445 71.574 76.5135
446 71.574 75.307
447 71.574 74.7991
448 71.574 74.2091
449 71.574 74.4729
450 71.574 76.1291
451 71.574 78.0727
452 71.574 79.8882
453 71.574 81.252
454 71.574 81.5705
455 71.574 81.7729
456 71.574 82.223
457 71.574 80.5898
458 71.574 79.2588
459 71.574 79.3225
460 70.9962 78.2575
461 70.9962 77.6262
462 70.9962 76.6545
463 70.9962 75.3644
464 70.9962 74.895
465 70.9962 74.8815
466 70.9962 74.8296
467 70.9962 74.4025
468 70.9962 73.6406
469 70.9962 73.5881
470 70.9962 73.7107
471 70.9962 73.6847
472 70.9962 73.5658
473 70.9962 73.4117
474 70.9962 73.3311
475 70.9962 73.2943
476 70.9962 73.1224
477 70.9962 73.6935
478 70.9962 73.5537
479 70.9962 73.9891
480 70.9962 74.6087
481 70.9962 74.3627
482 70.9962 74.9069
483 70.9962 74.3784
484 70.9962 74.3166
485 70.9962 73.7665
486 70.9962 73.8627
487 70.9962 73.8441
488 70.9962 73.7096
489 70.9962 73.9529
490 70.9962 74.7352
491 70.9962 74.1461
492 70.9962 74.0388
493 70.9962 74.7427
494 70.9962 74.3148
495 70.9962 74.4412
496 70.9962 73.9349
497 70.7395 73.2281
498 70.7395 73.5007
499 70.7395 73.6378
500 69.9993 73.8824
501 69.9993 74.5591
502 69.9993 75.2044
503 69.9993 76.4306
504 69.9993 77.0495
505 69.9993 78.7421
506 69.9993 78.919
507 69.9993 79.9354
508 69.8135 78.9663
509 69.8135 79.0086
510 69.6121 77.5892
511 69.3995 76.7323
512 69.3995 76.0666
513 69.3995 74.3542
514 69.3995 73.7247
515 69.3995 73.3315
516 69.3995 73.1296
517 69.3995 72.8471
518 69.3995 72.7885
519 69.3995 72.3527
520 69.3995 71.6662
521 69.2719 72.0979
522 69.2719 72.0943
523 69.1789 72.7467
524 69.1789 72.7074
525 69.1789 72.3835
526 69.1789 72.1165
527 69.1789 72.6516
528 69.1789 72.3141
529 69.1789 72.3535
530 69.0494 72.7177
531 69.0494 73.0701
532 69.0494 72.3397
533 69.0494 73.1965
534 69.0494 72.6064
535 69.0494 72.3712
536 69.0494 71.8096
537 69.0494 71.5838
538 69.0494 71.3835
539 69.0494 71.4525
540 69.0494 71.4111
541 69.0494 72.0234
542 69.0494 72.3219
543 69.0494 72.2742
544 68.7225 72.8774
545 68.7225 72.1512
546 68.7225 72.4887
547 68.7225 72.0876
548 68.7225 71.9848
549 68.7225 72.0658
550 68.7225 71.8318
551 68.7225 71.7814
552 68.7225 71.868
553 68.7225 71.7484
554 68.7225 71.8182
555 68.7225 71.5721
556 68.7225 71.2101
557 68.7225 71.2747
558 68.7225 71.3599
559 68.7225 71.2394
560 68.7225 70.7381
561 68.7225 70.6992
562 68.7225 70.6925
563 68.7225 70.9612
564 68.7225 70.4951
565 68.7225 71.1647
566 68.7225 71.3465
567 68.7225 71.1657
568 68.7225 71.5714
569 68.7225 71.3544
570 68.7225 71.2938
571 68.7225 71.0159
572 68.7225 70.9796
573 68.7225 71.2935
574 68.7225 72.0464
575 68.7225 71.8377
576 68.7225 71.2086
577 68.7225 71.3675
578 68.7225 71.4735
579 68.7225 71.5481
580 68.7225 71.6564
581 68.7225 71.5365
582 68.7225 71.4557
583 68.7225 71.6801
584 68.7225 71.9777
585 68.7225 72.5753
586 68.7225 72.079
587 68.7225 72.6312
588 68.7225 71.6993
589 68.7225 72.2066
590 68.7225 71.7222
591 68.7225 71.2415
592 68.7225 72.1811
593 68.7225 72.268
594 68.7225 71.3931
595 68.7225 71.0125
596 68.7225 70.9572
597 68.7225 70.9189
598 68.7225 71.29
599 68.7225 71.9166
600 66.8179 71.1756
601 66.8179 71.9324
602 66.8179 73.0972
603 66.8179 73.1417
604 66.8179 74.6894
605 66.8179 76.0032
606 66.8179 77.4153
607 66.8179 77.4104
608 66.8179 77.3111
609 66.8179 76.9686
610 66.8179 76.4972
611 66.8179 75.0121
612 66.8179 74.0849
613 66.8179 72.7188
614 66.8179 71.9754
615 66.8179 71.0665
616 66.8179 71.0552
617 66.8179 71.0234
618 66.8179 70.176
619 66.8179 70.1455
620 66.8179 70.3922
621 66.8179 70.1825
622 66.8179 70.2649
623 66.8179 69.6765
624 66.8179 69.9577
625 66.8179 69.8974
626 66.8179 69.9261
627 66.8179 69.5565
628 66.8179 70.3788
629 66.8179 69.8273
630 66.8179 69.7701
631 66.8179 69.5067
632 66.8179 69.3414
633 66.8179 69.4058
634 66.8179 69.4706
635 66.8179 69.3835
636 66.8179 68.8488
637 66.8179 69.1322
638 66.8179 69.1792
639 66.8179 69.3267
640 66.8179 69.4306
641 66.8179 69.8222
642 66.8179 69.6101
643 66.8179 69.6698
644 66.8179 69.0439
645 66.8179 69.2169
646 66.817 69.6797
647 66.817 69.0294
648 66.817 69.7025
649 66.5907 69.5119
650 66.5907 69.6139
651 66.5907 69.1753
652 66.5907 69.0393
653 66.5907 69.5462
654 66.5907 69.8996
655 66.5907 69.0695
656 66.5907 70.0042
657 66.5907 70.275
658 66.5907 69.8285
659 66.5907 69.1569
660 66.5907 69.9072
661 66.5907 69.1268
662 66.5907 69.8631
663 66.5907 70.0489
664 66.5907 69.7272
665 66.5907 69.9695
666 66.5907 69.7908
667 66.5907 69.3468
668 66.5907 69.367
669 66.5907 69.1562
670 66.5907 69.31
671 66.5907 69.1352
672 66.5907 68.9564
673 66.5907 68.3084
674 66.5907 68.966
675 66.5907 69.439
676 66.5907 69.4202
677 66.5907 69.2619
678 66.5907 69.2362
679 66.5907 68.6064
680 66.5907 69.7944
681 66.5907 70.0523
682 66.5907 69.7809
683 66.5907 70.5681
684 66.5907 69.4455
685 66.5024 69.6494
686 66.5024 69.8226
687 66.5024 69.4545
688 66.5024 69.1551
689 66.5024 68.7143
690 66.5024 68.1465
691 66.5024 68.1426
692 66.5024 68.9413
693 66.5024 69.0421
694 66.5024 68.9027
695 66.5024 69.5556
696 66.5024 69.7526
697 66.5024 70.0598
698 66.5024 69.9604
699 66.5024 69.8042
700 66.5024 70.1922
701 66.5024 69.7454
702 66.5024 69.5293
703 66.376 69.3598
704 66.376 69.5455
705 66.3656 71.0504
706 66.3656 69.9807
707 66.3656 69.8103
708 66.3656 69.2292
709 66.3656 69.7426
710 66.3656 69.8649
711 66.3656 69.3934
712 66.3656 69.1006
713 66.3656 68.6996
714 66.3656 68.5642
715 66.3656 69.3005
716 66.3656 69.4472
717 66.3656 69.597
718 66.3656 69.5607
719 66.3656 70.3251
720 66.3656 69.4345
721 66.3656 69.8325
722 66.3656 69.5962
723 66.3656 69.7063
724 66.3656 68.4426
725 66.3656 68.6208
726 66.3656 68.775
727 66.3656 69.2266
728 66.3656 68.7511
729 66.3656 69.1274
730 66.3656 69.307
731 66.3656 69.0891
732 66.3656 69.4073
733 66.3656 68.9868
734 66.3656 69.2202
735 66.3656 69.6687
736 66.3656 69.5303
737 66.3656 69.569
738 66.3656 69.4382
739 66.3656 69.6327
740 66.3656 69.0712
741 66.3656 68.6277
742 66.3656 68.6941
743 66.3656 68.7758
744 66.3656 68.9132
745 66.3656 69.451
746 66.3656 68.9458
747 66.3656 68.749
748 66.3656 68.6451
749 66.3656 69.8051
750 66.3656 68.8811
751 66.3656 69.5141
752 66.3656 69.9962
753 66.3656 70.4964
754 66.3656 69.817
755 66.3656 69.5696
756 66.3656 68.7858
757 66.3656 68.7984
758 66.3656 69.064
759 66.3656 69.6863
760 66.3656 69.3728
761 66.3656 68.8368
762 66.3656 68.4312
763 66.3656 68.4272
764 66.1167 68.288
765 66.1167 68.6757
766 66.1167 69.1621
767 66.1167 68.8292
768 66.1167 69.1366
769 66.1167 69.6052
770 66.1167 68.8704
771 66.1167 68.4323
772 66.1167 69.0364
773 66.1167 68.6805
774 66.1167 69.4042
775 66.1167 69.0966
776 66.1167 68.4439
777 66.1167 68.9395
778 66.1167 69.2558
779 66.1167 68.5551
780 66.1167 70.0587
781 66.1167 70.8592
782 66.1167 70.8151
783 66.1167 69.2814
784 66.1167 68.7019
785 66.1167 69.047
786 66.1167 69.2873
787 66.1167 69.484
788 66.1167 69.7223
789 66.1167 69.1798
790 66.1167 69.0238
791 66.1167 69.5805
792 66.1167 68.8342
793 66.1167 69.2229
794 66.1167 69.3691
795 66.1167 69.2265
796 66.1167 69.4016
797 66.1167 69.5985
798 66.1167 69.5298
799 66.1167 69.4155
800 65.6248 69.2297
801 65.6248 68.9799
802 65.6179 68.8694
803 65.5343 68.3613
804 65.5343 68.7379
805 65.5343 68.7939
806 65.5343 68.2066
807 65.5343 68.4112
808 65.5343 68.9636
809 65.5343 68.8084
810 65.5343 69.3701
811 65.5343 69.5486
812 65.5343 68.9295
813 65.5343 69.5182
814 65.5343 69.1327
815 65.5343 68.7349
816 65.5343 68.849
817 65.5343 69.0783
818 65.5343 68.6089
819 65.5343 68.3864
820 65.5343 68.4842
821 65.5343 68.4953
822 65.5343 68.304
823 65.5343 68.1874
824 65.5343 69.1582
825 65.5343 67.7599
826 65.5343 68.0587
827 65.5343 67.6215
828 65.5343 67.9628
829 65.5343 68.2413
830 65.5343 67.9457
831 65.5343 68.3284
832 65.5343 67.7096
833 65.5343 68.0589
834 65.5343 68.4265
835 65.5343 68.7913
836 65.5343 68.4108
837 65.5343 68.5636
838 65.5343 68.0506
839 65.5343 68.1956
840 65.5343 68.81
841 65.5343 68.2619
842 65.5343 68.0859
843 65.5343 68.2459
844 65.5343 68.4919
845 65.5343 68.1844
846 65.5343 67.9813
847 65.5343 68.8978
848 65.5343 69.3033
849 65.5343 68.8829
850 65.5343 69.0374
851 65.5343 69.4282
852 65.5343 68.3133
853 65.5343 68.1405
854 65.5343 67.994
855 65.5343 68.0862
856 65.5343 68.358
857 65.5343 68.3787
858 65.5343 68.7166
859 65.5343 69.0338
860 65.5343 68.9303
861 65.5343 67.7929
862 65.5343 68.5254
863 65.5343 68.8306
864 65.5343 68.6995
865 65.5343 69.1573
866 65.5343 68.5308
867 65.5343 68.7937
868 65.5343 68.8943
869 65.5343 68.4971
870 65.5343 69.0396
871 65.5343 68.404
872 65.5343 69.1551
873 65.5343 68.0338
874 65.5343 68.2921
875 65.5343 68.4675
876 65.5343 68.3239
877 65.5343 68.585
878 65.5343 67.8298
879 65.5343 67.9034
880 65.5343 68.4595
881 65.5343 68.4472
882 65.5343 68.033
883 65.5343 67.6399
884 65.5343 68.2451
885 65.5343 67.656
886 65.5343 67.5215
887 65.5343 67.9127
888 65.5343 67.8425
889 65.5343 68.3079
890 65.5343 68.546
891 65.5343 68.4088
892 65.5343 68.5585
893 65.5343 68.4667
894 65.5343 68.5836
895 65.5343 68.0764
896 65.5343 67.8587
897 65.5343 68.0891
898 65.5343 68.1883
899 65.5343 68.8152
900 65.3119 68.9127
901 65.3119 68.6116
902 65.3119 68.6472
903 65.3119 69.1283
904 65.3119 68.6156
905 65.3119 68.6035
906 65.3119 68.3065
907 65.3119 67.9678
908 65.3119 68.1464
909 65.3119 68.1141
910 65.3119 68.4855
911 65.3119 68.1637
912 65.3119 68.7356
913 65.3119 69.0849
914 65.3119 68.3729
915 65.3119 67.6884
916 65.3119 67.3617
917 65.3119 67.7065
918 65.3119 67.7467
919 65.3119 67.866
920 65.3119 68.3492
921 65.3119 68.7175
922 65.3119 68.7662
923 65.3119 68.0972
924 65.3119 68.5819
925 65.3119 68.7974
926 65.3119 68.2537
927 65.3119 68.2842
928 65.3119 67.8707
929 65.3119 68.0002
930 65.3119 68.1938
931 65.3119 68.15
932 65.3119 68.2168
933 65.3119 67.914
934 65.3119 67.99
935 65.3119 67.5782
936 65.3119 67.7913
937 65.3119 68.1003
938 65.3119 68.8707
939 65.3119 69.352
940 65.3119 68.2327
941 65.3119 67.8757
942 65.3119 67.6094
943 65.3119 67.8238
944 65.3119 67.6861
945 65.3119 68.0451
946 65.3119 68.5443
947 65.3119 68.3227
948 65.3119 67.9496
949 65.3119 68.1672
950 65.3119 68.9008
951 65.3119 68.2407
952 65.3119 67.7943
953 65.3119 68.4488
954 65.3119 68.7408
955 65.3119 68.387
956 65.3119 68.1115
957 65.3119 67.3831
958 65.3119 67.6035
959 65.3119 68.2799
960 65.3119 67.9764
961 65.3119 67.9547
962 65.3119 68.634
963 65.3119 68.2967
964 65.3119 67.9365
965 65.3119 67.5661
966 65.3119 67.7623
967 65.3119 68.1353
968 65.3119 68.3458
969 65.3119 69.4431
970 65.3119 68.5494
971 65.3119 68.2977
972 65.3119 67.4032
973 65.3119 67.8438
974 65.3119 67.9366
975 65.3119 68.2104
976 65.3119 68.2628
977 65.3119 67.9702
978 65.3119 67.8044
979 65.3119 68.0555
980 65.3119 68.5689
981 65.3119 68.5379
982 65.3119 68.1039
983 65.3119 68.0744
984 65.3119 68.4409
985 65.3119 68.4284
986 65.3119 68.2359
987 65.3119 68.5852
988 65.3119 68.8011
989 65.3119 68.723
990 65.3119 67.7477
991 65.3119 68.2054
992 65.3119 68.2289
993 65.3119 68.1544
994 65.3119 67.7396
995 65.3119 68.1066
996 65.3119 68.2076
997 65.3119 68.3773
998 65.3119 68.4639
999 65.3119 68.9569
1000 65.3119 69.1202
1001 65.3119 69.0558
1002 65.3119 68.4496
1003 65.3119 67.927
1004 65.3119 68.0996
1005 65.3119 68.0377
1006 65.3119 68.2869
1007 65.3119 68.5546
1008 65.3119 68.6361
1009 65.3119 68.1291
1010 65.3119 68.4279
1011 65.3119 67.7405
1012 65.3119 67.8013
1013 65.3119 67.7222
1014 65.3119 67.8931
1015 65.3119 67.4739
1016 65.3119 67.7734
1017 65.3119 67.313
1018 65.3119 67.6251
1019 65.3119 67.3803
1020 65.3119 67.7254
1021 65.3119 67.6856
1022 65.3119 68.1018
1023 65.3119 68.3353
1024 65.3119 68.2504
1025 65.3119 68.0263
1026 65.3119 68.4056
1027 65.3119 68.6767
1028 65.3119 68.3294
1029 65.3119 68.7759
1030 65.3119 68.426
1031 65.3119 68.4713
1032 65.3119 68.4573
1033 65.3119 68.3074
1034 65.3119 67.8748
1035 65.3119 68.0829
1036 65.3119 68.1245
1037 65.3119 68.1174
1038 65.3119 68.3379
1039 65.3119 67.7876
1040 65.3119 67.9418
1041 65.3119 68.0806
1042 65.3119 68.2364
1043 65.3119 68.23
1044 65.3119 67.8122
1045 65.3119 67.2872
1046 65.3119 67.6966
1047 65.3119 68.4038
1048 65.3119 68.6611
1049 65.3119 68.7683
1050 65.3119 68.5112
1051 65.3119 67.8661
1052 65.3119 67.9883
1053 65.3119 67.8248
1054 65.3119 67.922
1055 65.3119 68.5315
1056 65.3119 68.2868
1057 65.3119 68.2127
1058 65.3119 68.4219
1059 65.3119 68.3281
1060 65.3119 68.0877
1061 65.3119 68.0124
1062 65.3119 68.1102
1063 65.3119 68.3053
1064 65.3119 67.9676
1065 65.3119 67.8397
1066 65.3119 68.2296
1067 65.3119 68.2292
1068 65.3119 68.2905
1069 65.3119 68.7942
1070 65.3119 68.8218
1071 65.3119 68.5661
1072 65.3119 68.4199
1073 65.3119 68.1674
1074 65.3119 68.1725
1075 65.3119 67.3832
1076 65.3119 67.5615
1077 65.3119 67.4821
1078 65.3119 68.006
1079 65.3119 68.5477
1080 65.3119 67.8109
1081 65.3119 67.5069
1082 65.3119 68.5065
1083 65.3119 67.6879
1084 65.3119 67.5396
1085 65.3119 67.9536
1086 65.3119 67.8958
1087 65.3119 67.5791
1088 65.3119 67.9789
1089 65.3119 67.8031
1090 65.3119 67.9735
1091 65.3119 68.037
1092 65.3119 67.7506
1093 65.3119 67.811
1094 65.3119 68.0671
1095 65.3119 68.3821
1096 65.3119 68.2024
1097 65.3119 67.7203
1098 65.3119 68.1031
1099 65.3119 67.5691
1100 65.3119 68.0532
1101 65.3119 68.0222
1102 65.3119 68.1329
1103 65.3119 68.3904
1104 65.3119 68.1109
1105 65.3119 68.2142
1106 65.3119 68.446
1107 65.3119 68.9821
1108 65.3119 68.2115
1109 65.3119 67.9784
1110 65.3119 68.8953
1111 65.3119 69.0454
1112 65.3119 68.5524
1113 65.3119 68.5673
1114 65.3119 68.3207
1115 65.3119 68.1831
1116 65.3119 67.7249
1117 65.3119 67.9071
1118 65.3119 68.0812
1119 65.3119 67.4037
1120 65.3119 67.3902
1121 65.3119 67.3197
1122 65.3119 67.4536
1123 65.3119 67.3952
1124 65.3119 67.6382
1125 65.3119 68.5122
1126 65.3119 68.5068
1127 65.3119 68.6295
1128 65.3119 68.3979
1129 65.3119 67.7544
1130 65.3119 68.0738
1131 65.3119 67.9339
1132 65.3119 67.9543
1133 65.3119 68.0845
1134 65.3119 67.8272
1135 65.3119 68.1883
1136 65.3119 68.1085
1137 65.3119 67.7549
1138 65.3119 67.4905
1139 65.3119 67.4667
1140 65.3119 67.3958
1141 65.3119 67.4234
1142 65.3119 67.4308
1143 65.3119 67.7321
1144 65.3119 68.1632
1145 65.3119 68.2305
1146 65.3119 67.9181
1147 65.3119 67.9954
1148 65.3119 68.1469
1149 65.3119 68.1023
1150 65.3119 68.0567
1151 65.3119 67.8947
1152 65.3119 67.4988
1153 65.3119 67.5155
1154 65.3119 67.4948
1155 65.3119 67.7404
1156 65.3119 68.1909
1157 65.3119 68.5817
1158 65.3119 68.3073
1159 65.3119 68.9177
1160 65.3119 68.6437
1161 65.3119 68.0547
1162 65.3119 67.5642
1163 65.3119 67.9916
1164 65.3119 67.8902
1165 65.3119 67.9965
1166 65.3119 68.1283
1167 65.3119 67.2094
1168 65.3119 67.4812
1169 65.3119 67.9961
1170 65.3119 68.1545
1171 65.3119 67.7732
1172 65.3119 68.2925
1173 65.3119 67.9714
1174 65.3119 67.7476
1175 65.3119 68.5536
1176 65.3119 68.6727
1177 65.3119 68.0392
1178 65.3119 68.2312
1179 65.3119 68.3284
1180 65.3119 68.3933
1181 65.3119 67.6363
1182 65.3119 68.2261
1183 65.3119 68.2144
1184 65.3119 67.5693
1185 65.3119 68.079
1186 65.3119 68.0923
1187 65.3119 68.1558
1188 65.3119 67.9249
1189 65.3119 67.7824
1190 65.3119 67.8304
1191 65.3119 67.6607
1192 65.3119 67.6459
1193 65.3119 68.0803
1194 65.3119 68.1161
1195 65.3119 68.2
1196 65.3119 67.5802
1197 65.3119 68.0329
1198 65.3119 67.6264
1199 65.3119 67.8689
1200 65.3119 67.3583
1201 65.3119 67.4557
1202 65.3119 67.5672
1203 65.3119 67.9446
1204 65.3119 68.6916
1205 65.3119 68.5801
1206 65.3119 68.4972
1207 65.3119 68.2914
1208 65.3119 68.3747
1209 65.3119 67.9293
1210 65.3119 67.5115
1211 65.3119 67.3585
1212 65.3119 68.4081
1213 65.3119 67.9315
1214 65.3119 68.2163
1215 65.3119 67.7654
1216 65.3119 67.1316
1217 65.3119 67.9128
1218 65.3119 68.2621
1219 65.3119 68.4587
1220 65.3119 68.0983
1221 65.3119 68.1715
1222 65.3119 68.4328
1223 65.3119 68.1678
1224 65.3119 67.8787
1225 65.3119 67.57
1226 65.3119 68.359
1227 65.3119 68.413
1228 65.3119 68.4714
1229 65.3119 68.3681
1230 65.3119 69.1005
1231 65.3119 68.9683
1232 65.3119 68.9881
1233 65.3119 68.9247
1234 65.3119 68.3975
1235 65.3119 68.1219
1236 65.3119 68.3903
1237 65.3119 68.5226
1238 65.3119 68.9516
1239 65.3119 67.923
1240 65.3119 67.7426
1241 65.3119 67.8234
1242 65.3119 68.1792
1243 65.3119 68.9085
1244 65.3119 68.8407
1245 65.3119 69.0459
1246 65.3119 68.7772
1247 65.3119 68.3196
1248 65.3119 67.794
1249 65.3119 67.9764
1250 65.3119 67.4673
1251 65.3119 68.1905
1252 65.3119 68.5808
1253 65.3119 68.3755
1254 65.3119 68.8161
1255 65.3119 68.7649
1256 65.3119 67.7665
1257 65.3119 68.3087
1258 65.3119 68.0799
1259 65.3119 68.5325
1260 65.3119 67.8192
1261 65.3119 68.1521
1262 65.3119 67.9511
1263 65.3119 67.6725
1264 65.3119 68.2576
1265 65.3119 68.1262
1266 65.3119 68.3454
1267 65.3119 67.8805
1268 65.3119 68.02
1269 65.3119 68.2179
1270 65.3119 67.918
1271 65.3119 67.4264
1272 65.3119 68.0873
1273 65.3119 68.2361
1274 65.3119 69.2194
1275 65.3119 68.9474
1276 65.3119 67.93
1277 65.3119 67.6741
1278 65.3119 68.1458
1279 65.3119 67.5852
1280 65.3119 68.8376
1281 65.3119 67.8784
1282 65.3119 67.9795
1283 65.3119 68.4179
1284 65.3119 69.2785
1285 65.3119 68.8969
1286 65.3119 68.9854
1287 65.3119 68.1347
1288 65.3119 68.6559
1289 65.3119 68.659
1290 65.3119 68.3535
1291 65.3119 68.5329
1292 65.3119 68.5684
1293 65.3119 68.4415
1294 65.3119 68.2573
1295 65.3119 67.7318
1296 65.3119 67.9279
1297 65.3119 67.7658
1298 65.3119 68.261
1299 65.3119 68.6219
1300 65.3119 68.065
1301 65.3119 68.2912
1302 65.3119 68.2115
1303 65.3119 67.7416
1304 65.3119 67.052
1305 65.3119 66.9068
1306 65.3119 67.7142
1307 65.3119 67.6274
1308 65.3119 67.9622
1309 65.3119 67.6812
1310 65.3119 67.8737
1311 65.3119 68.4022
1312 65.3119 68.2595
1313 65.3119 67.8241
1314 65.3119 67.6056
1315 65.3119 68.223
1316 65.3119 68.2852
1317 65.3119 68.4678
1318 65.3119 68.4755
1319 65.3119 68.0049
1320 65.3119 67.8634
1321 65.3119 68.0573
1322 65.3119 67.6423
1323 65.3119 68.6563
1324 65.3119 69.024
1325 65.3119 68.2967
1326 65.3119 69.1159
1327 65.3119 68.8812
1328 65.3119 68.5067
1329 65.3119 68.1687
1330 65.3119 67.9864
1331 65.3119 68.2297
1332 65.3119 67.6813
1333 65.3119 67.6651
1334 65.3119 68.1451
1335 65.3119 67.4604
1336 65.3119 67.591
1337 65.3119 67.8129
1338 65.3119 67.7538
1339 65.3119 67.2608
1340 65.3119 67.8172
1341 65.3119 67.9864
1342 65.3119 67.3976
1343 65.3119 68.5476
1344 65.3119 68.2404
1345 65.3119 67.813
1346 65.3119 67.6486
1347 65.3119 68.5511
1348 65.3119 68.6858
1349 65.3119 69.0146
1350 65.3119 69.367
1351 65.3119 68.5582
1352 65.3119 68.4066
1353 65.3119 68.1535
1354 65.3119 68.0178
1355 65.3119 67.8799
1356 65.3119 68.5202
1357 65.3119 68.8681
1358 65.3119 68.5744
1359 65.3119 68.1756
1360 65.3119 68.1359
1361 65.3119 68.2403
1362 65.3119 69.0829
1363 65.3119 68.2835
1364 65.3119 67.9093
1365 65.3119 67.5334
1366 65.3119 67.7329
1367 65.3119 67.7922
1368 65.3119 68.145
1369 65.3119 67.8918
1370 65.3119 67.9773
1371 65.3119 67.8003
1372 65.3119 68.0353
1373 65.3119 68.6081
1374 65.3119 69.0831
1375 65.3119 68.6085
1376 65.3119 67.7295
1377 65.3119 67.2705
1378 65.3119 67.4894
1379 65.3119 67.7094
1380 65.3119 67.7148
1381 65.3119 67.4864
1382 65.3119 68.2543
1383 65.3119 68.0131
1384 65.3119 67.8851
1385 65.3119 67.6392
1386 65.3119 67.1531
1387 65.3119 67.2603
1388 65.3119 67.8953
1389 65.3119 67.9895
1390 65.3119 68.0702
1391 65.3119 67.8808
1392 65.3119 68.1427
1393 65.3119 68.1123
1394 65.3119 68.4461
1395 65.3119 68.8756
1396 65.3119 68.7443
1397 65.3119 69.3784
1398 65.3119 68.8543
1399 65.3119 68.5536
1400 64.9522 68.2715
1401 64.9522 68.3935
1402 64.9522 68.2442
1403 64.9522 68.1894
1404 64.9522 68.6511
1405 64.9522 69.3533
1406 64.9522 68.7346
1407 64.9522 68.4802
1408 64.9522 68.9802
1409 64.9522 68.0887
1410 64.9522 67.8444
1411 64.9522 67.8157
1412 64.9522 68.0427
1413 64.9522 67.7895
1414 64.9522 67.4401
1415 64.9522 68.0989
1416 64.9522 67.6074
1417 64.9522 67.8659
1418 64.9522 68.5757
1419 64.9522 68.0313
1420 64.9522 68.2176
1421 64.9522 68.0189
1422 64.9522 68.3399
1423 64.9522 68.0705
1424 64.9522 68.0428
1425 64.9522 68.3882
1426 64.9522 68.1432
1427 64.9522 67.451
1428 64.9522 67.7525
1429 64.9522 68.0802
1430 64.9522 68.462
1431 64.9522 68.8406
1432 64.9522 68.7063
1433 64.9522 68.7829
1434 64.9522 68.4188
1435 64.9522 67.7657
1436 64.9522 67.9209
1437 64.9522 67.6658
1438 64.9522 67.4973
1439 64.9522 68.0627
1440 64.9522 67.614
1441 64.9522 68.133
1442 64.9522 67.5807
1443 64.9522 67.5789
1444 64.9522 67.0347
1445 64.9522 66.949
1446 64.9522 67.3099
1447 64.9522 67.133
1448 64.9522 67.4341
1449 64.9522 67.4485
1450 64.9522 67.0877
1451 64.9522 66.9942
1452 64.9522 67.2926
1453 64.9522 67.3499
1454 64.9522 67.1322
1455 64.9522 67.2914
1456 64.9522 67.2154
1457 64.9522 67.4825
1458 64.9522 68.3015
1459 64.9522 67.6938
1460 64.9522 67.4107
1461 64.9522 67.3919
1462 64.9522 68.3464
1463 64.9522 68.3042
1464 64.9522 67.9344
1465 64.9522 68.5374
1466 64.9522 67.9692
1467 64.9522 67.8385
1468 64.9522 68.2808
1469 64.9522 67.905
1470 64.9522 68.6954
1471 64.9522 68.4689
1472 64.9522 68.0044
1473 64.9522 67.8768
1474 64.9522 67.9062
1475 64.9522 67.6794
1476 64.9522 67.0103
1477 64.9522 67.6414
1478 64.9522 67.4126
1479 64.9522 67.088
1480 64.9522 67.1529
1481 64.9522 67.3304
1482 64.9522 67.8629
1483 64.9522 67.7399
1484 64.9522 67.8699
1485 64.9522 67.495
1486 64.9522 67.6983
1487 64.9522 67.2281
1488 64.9522 67.8103
1489 64.9522 68.1835
1490 64.9522 68.0391
1491 64.9522 68.3544
1492 64.9522 68.2903
1493 64.9522 68.9965
1494 64.9522 68.1715
1495 64.9522 67.798
1496 64.9522 67.3538
1497 64.9522 67.4259
1498 64.9522 67.4932
1499 64.9522 67.3868
1500 64.9128 67.2948
1501 64.9128 68.1096
1502 64.9128 68.3038
1503 64.9128 68.2472
1504 64.9128 68.5849
1505 64.9128 68.3104
1506 64.9128 68.2971
1507 64.9128 68.1522
1508 64.9128 67.5421
1509 64.9128 67.255
1510 64.9128 67.1528
1511 64.9128 67.7047
1512 64.9128 67.1619
1513 64.9128 66.9801
1514 64.9128 67.5571
1515 64.9128 67.1924
1516 64.9128 68.0161
1517 64.9128 68.2414
1518 64.9128 68.2307
1519 64.9128 67.8131
1520 64.9128 67.8957
1521 64.9128 67.4183
1522 64.9128 66.8437
1523 64.9128 67.2305
1524 64.9128 67.2142
1525 64.9128 67.2181
1526 64.9128 67.5139
1527 64.9128 67.7875
1528 64.9128 67.4702
1529 64.9128 68.093
1530 64.9128 67.8228
1531 64.9128 67.05
1532 64.9128 68.1533
1533 64.9128 68.289
1534 64.9128 68.4311
1535 64.9128 67.4809
1536 64.9128 67.1532
1537 64.9128 67.0024
1538 64.9128 67.6524
1539 64.9128 67.2035
1540 64.9128 66.6135
1541 64.9128 66.9318
1542 64.9128 67.5792
1543 64.9128 68.5846
1544 64.9128 67.7049
1545 64.9128 67.2194
1546 64.9128 67.0994
1547 64.9128 67.815
1548 64.9128 67.6533
1549 64.9128 67.5547
1550 64.9128 67.7771
1551 64.9128 67.4976
1552 64.9128 67.4929
1553 64.9128 67.6341
1554 64.9128 67.7482
1555 64.9128 67.4965
1556 64.9128 67.6842
1557 64.9128 67.6279
1558 64.9128 67.5872
1559 64.9128 67.9556
1560 64.9128 68.1722
1561 64.9128 67.377
1562 64.9128 68.3673
1563 64.9128 67.9403
1564 64.9128 68.0968
1565 64.9128 68.7792
1566 64.9128 68.7294
1567 64.9128 68.7853
1568 64.9128 67.9515
1569 64.9128 68.0814
1570 64.9128 68.0614
1571 64.9128 67.6738
1572 64.9128 67.3109
1573 64.9128 67.2012
1574 64.9128 67.0046
1575 64.9128 67.002
1576 64.9128 66.7623
1577 64.9128 67.0976
1578 64.9128 67.034
1579 64.9128 67.7007
1580 64.9128 67.0396
1581 64.9128 66.8156
1582 64.9128 66.6773
1583 64.9128 67.1584
1584 64.9128 67.5906
1585 64.9128 67.8056
1586 64.9128 67.6603
1587 64.9128 67.4348
1588 64.9128 67.6726
1589 64.9128 67.0715
1590 64.9128 67.9442
1591 64.9128 67.3412
1592 64.9128 67.8611
1593 64.9128 67.9425
1594 64.9128 67.9089
1595 64.9128 67.9222
1596 64.9128 67.6208
1597 64.9128 68.1479
1598 64.9128 68.3202
1599 64.9128 68.1024
1600 64.9128 68.4441
1601 64.9128 68.3491
1602 64.9128 67.5266
1603 64.9128 66.9367
1604 64.9128 66.5111
1605 64.9128 66.6551
1606 64.9128 67.074
1607 64.9128 66.9641
1608 64.9128 67.1535
1609 64.9128 67.6859
1610 64.9128 67.4992
1611 64.9128 67.7398
1612 64.9128 67.8057
1613 64.9128 67.6359
1614 64.9128 68.3234
1615 64.9128 67.5909
1616 64.9128 68.3212
1617 64.9128 68.0647
1618 64.9128 67.893
1619 64.9128 68.1186
1620 64.9128 67.3122
1621 64.9128 67.5195
1622 64.9128 67.8274
1623 64.9128 67.7567
1624 64.9128 67.5947
1625 64.9128 67.0824
1626 64.9128 67.4951
1627 64.9128 67.3885
1628 64.9128 67.4539
1629 64.9128 67.1986
1630 64.9128 67.186
1631 64.9128 66.9601
1632 64.9128 67.121
1633 64.9128 68.0159
1634 64.9128 67.5193
1635 64.9128 67.5555
1636 64.9128 67.8022
1637 64.9128 67.3599
1638 64.9128 67.8006
1639 64.9128 67.6522
1640 64.9128 68.2069
1641 64.9128 68.4159
1642 64.9128 68.1885
1643 64.9128 68.2116
1644 64.9128 67.6759
1645 64.9128 67.2595
1646 64.9128 67.1388
1647 64.9128 67.7171
1648 64.9128 67.9064
1649 64.9128 68.3867
1650 64.9128 68.1774
1651 64.9128 67.5203
1652 64.9128 67.7808
1653 64.9128 67.7116
1654 64.9128 67.5166
1655 64.9128 67.4304
1656 64.9128 68.271
1657 64.9128 68.1058
1658 64.9128 68.7791
1659 64.9128 68.8322
1660 64.9128 68.9725
1661 64.9128 67.8063
1662 64.9128 67.7979
1663 64.9128 68.2208
1664 64.9128 67.8459
1665 64.9128 67.7463
1666 64.9128 68.1854
1667 64.9128 67.7378
1668 64.9128 67.7038
1669 64.9128 68.3245
1670 64.9128 68.1867
1671 64.9128 67.543
1672 64.9128 67.3547
1673 64.9128 67.4167
1674 64.9128 67.5157
1675 64.9128 67.6984
1676 64.9128 68.1246
1677 64.9128 67.9658
1678 64.9128 67.6479
1679 64.9128 68.1184
1680 64.9128 67.9441
1681 64.9128 68.0088
1682 64.9128 67.3874
1683 64.9128 67.4574
1684 64.9128 67.954
1685 64.9128 67.603
1686 64.9128 67.2935
1687 64.9128 67.801
1688 64.9128 68.3251
1689 64.9128 68.5598
1690 64.9128 68.2525
1691 64.9128 68.2926
1692 64.9128 68.5348
1693 64.9128 67.758
1694 64.9128 68.1716
1695 64.9128 67.1568
1696 64.9128 68.18
1697 64.9128 68.0016
1698 64.9128 67.5821
1699 64.9128 67.6809
1700 64.9128 67.8299
1701 64.9128 68.3058
1702 64.9128 67.6655
1703 64.9128 67.5852
1704 64.9128 67.7777
1705 64.9128 68.1544
1706 64.9128 68.5612
1707 64.9128 68.5554
1708 64.9128 68.2839
1709 64.9128 68.4018
1710 64.9128 68.2767
1711 64.9128 68.1063
1712 64.9128 67.6072
1713 64.9128 67.8818
1714 64.9128 67.7934
1715 64.9128 67.7297
1716 64.9128 67.5141
1717 64.9128 67.6701
1718 64.9128 68.0312
1719 64.9128 67.837
1720 64.9128 67.6364
1721 64.9128 67.6219
1722 64.9128 66.7119
1723 64.9128 67.2268
1724 64.9128 67.3166
1725 64.9128 67.5917
1726 64.9128 67.1775
1727 64.9128 66.9148
1728 64.9128 67.1692
1729 64.9128 67.9998
1730 64.9128 67.5061
1731 64.9128 67.7202
1732 64.9128 68.1421
1733 64.9128 68.2069
1734 64.9128 68.5421
1735 64.9128 68.9784
1736 64.9128 68.3542
1737 64.9128 68.2834
1738 64.9128 67.7665
1739 64.9128 68.2209
1740 64.9128 67.9314
1741 64.9128 68.1614
1742 64.9128 67.6556
1743 64.9128 67.592
1744 64.9128 67.459
1745 64.9128 67.521
1746 64.9128 68.1149
1747 64.9128 68.7789
1748 64.9128 68.5173
1749 64.9128 68.0279
1750 64.9128 67.3893
1751 64.9128 67.9225
1752 64.9128 67.9612
1753 64.9128 68.5789
1754 64.9128 68.2309
1755 64.9128 67.6439
1756 64.9128 68.1869
1757 64.9128 67.7419
1758 64.9128 68.4395
1759 64.9128 68.1222
1760 64.9128 68.2108
1761 64.9128 67.5843
1762 64.9128 67.6808
1763 64.9128 67.2628
1764 64.9128 67.2965
1765 64.9128 67.6877
1766 64.9128 67.7483
1767 64.9128 67.3084
1768 64.9128 67.8832
1769 64.9128 68.0993
1770 64.9128 68.8038
1771 64.9128 68.0136
1772 64.9128 67.4313
1773 64.9128 67.3035
1774 64.9128 67.575
1775 64.9128 67.4475
1776 64.9128 67.6515
1777 64.9128 67.7254
1778 64.9128 67.3247
1779 64.9128 67.9343
1780 64.9128 67.7877
1781 64.9128 67.8296
1782 64.9128 67.933
1783 64.9128 67.3229
1784 64.9128 67.394
1785 64.9128 66.7567
1786 64.9128 67.0615
1787 64.9128 67.082
1788 64.9128 67.2718
1789 64.9128 67.4039
1790 64.9128 67.2673
1791 64.9128 67.6834
1792 64.9128 68.1376
1793 64.9128 67.8689
1794 64.9128 67.8675
1795 64.9128 68.4803
1796 64.9128 68.073
1797 64.9128 67.9457
1798 64.9128 67.8319
1799 64.9128 67.2146
1800 64.9128 67.4721
1801 64.9128 67.0328
1802 64.9128 66.8153
1803 64.9128 66.9256
1804 64.9128 67.5483
1805 64.9128 67.4938
1806 64.9128 68.1038
1807 64.9128 67.7606
1808 64.9128 67.7532
1809 64.9128 67.759
1810 64.9128 67.1375
1811 64.9128 66.8566
1812 64.9128 67.205
1813 64.9128 67.8795
1814 64.9128 67.4078
1815 64.9128 67.5965
1816 64.9128 68.2451
1817 64.9128 68.6377
1818 64.9128 68.5152
1819 64.9128 68.666
1820 64.9128 67.8316
1821 64.9128 67.4579
1822 64.9128 67.7031
1823 64.9128 67.8916
1824 64.9128 67.7874
1825 64.9128 68.1943
1826 64.9128 68.3178
1827 64.9128 68.293
1828 64.9128 68.6642
1829 64.9128 68.3487
1830 64.9128 67.9
1831 64.9128 68.8736
1832 64.9128 69.1201
1833 64.9128 68.8483
1834 64.9128 68.7349
1835 64.9128 68.2215
1836 64.9128 67.9413
1837 64.9128 66.9166
1838 64.9128 67.38
1839 64.9128 68.0298
1840 64.9128 67.8331
1841 64.9128 68.0969
1842 64.9128 68.334
1843 64.9128 68.3434
1844 64.9128 68.9987
1845 64.9128 69.3715
1846 64.9128 68.8119
1847 64.9128 68.4671
1848 64.9128 67.9481
1849 64.9128 68.1199
1850 64.9128 68.276
1851 64.9128 67.7914
1852 64.9128 67.6422
1853 64.9128 67.4703
1854 64.9128 67.6134
1855 64.9128 66.8096
1856 64.9128 67.3142
1857 64.9128 67.716
1858 64.9128 67.6609
1859 64.9128 67.748
1860 64.9128 67.8429
1861 64.9128 67.4827
1862 64.9128 67.1691
1863 64.9128 67.9466
1864 64.9128 68.0277
1865 64.9128 68.4921
1866 64.9128 68.6313
1867 64.9128 69.5411
1868 64.9128 69.0827
1869 64.9128 69.0587
1870 64.9128 68.2179
1871 64.9128 68.4319
1872 64.9128 68.4352
1873 64.9128 68.9129
1874 64.9128 69.2077
1875 64.9128 69.1897
1876 64.9128 68.2586
1877 64.9128 67.8986
1878 64.9128 67.6731
1879 64.9128 67.5256
1880 64.9128 67.4851
1881 64.9128 66.8057
1882 64.9128 67.7633
1883 64.9128 67.6887
1884 64.9128 68.0265
1885 64.9128 67.7978
1886 64.9128 67.6769
1887 64.9128 67.5363
1888 64.9128 67.2464
1889 64.9128 66.7601
1890 64.9128 67.4674
1891 64.9128 67.8706
1892 64.9128 68.2315
1893 64.9128 68.0921
1894 64.9128 67.7092
1895 64.9128 68.3101
1896 64.9128 67.886
1897 64.9128 67.9148
1898 64.9128 67.5561
1899 64.9128 67.6044
1900 64.9128 67.9728
1901 64.9128 67.6673
1902 64.9128 67.3644
1903 64.9128 67.7801
1904 64.9128 68.3337
1905 64.9128 68.4745
1906 64.9128 67.6547
1907 64.9128 67.6011
1908 64.9128 67.0424
1909 64.9128 66.734
1910 64.9128 66.7058
1911 64.9128 67.0224
1912 64.9128 67.2487
1913 64.9128 67.201
1914 64.9128 66.7471
1915 64.9128 66.6441
1916 64.9128 67.7382
1917 64.9128 67.4905
1918 64.9128 67.2678
1919 64.9128 66.9687
1920 64.9128 67.3164
1921 64.9128 67.3552
1922 64.9128 68.079
1923 64.9128 67.8719
1924 64.9128 67.3221
1925 64.9128 67.919
1926 64.9128 67.5256
1927 64.9128 67.7301
1928 64.9128 67.7687
1929 64.9128 67.9729
1930 64.9128 68.0534
1931 64.9128 67.6957
1932 64.9128 68.3115
1933 64.9128 67.8063
1934 64.9128 67.323
1935 64.9128 67.1013
1936 64.9128 67.144
1937 64.9128 67.4117
1938 64.9128 67.2188
1939 64.9128 67.2578
1940 64.9128 67.5642
1941 64.9128 67.9917
1942 64.9128 68.0588
1943 64.9128 68.3212
1944 64.9128 67.8572
1945 64.9128 67.0389
1946 64.9128 67.1852
1947 64.9128 67.7179
1948 64.9128 67.9647
1949 64.9128 67.2201
1950 64.9128 67.8158
1951 64.9128 67.7317
1952 64.9128 67.7709
1953 64.9128 68.2893
1954 64.9128 67.4798
1955 64.9128 66.8379
1956 64.9128 66.6857
1957 64.9128 67.627
1958 64.9128 67.6905
1959 64.9128 67.4274
1960 64.9128 67.1143
1961 64.9128 67.8533
1962 64.9128 68.8823
1963 64.9128 68.3743
1964 64.9128 68.7685
1965 64.9128 67.6771
1966 64.9128 67.4749
1967 64.9128 67.4186
1968 64.9128 67.9738
1969 64.9128 67.5324
1970 64.9128 68.2971
1971 64.9128 68.2613
1972 64.9128 68.092
1973 64.9128 68.3077
1974 64.9128 68.4443
1975 64.9128 68.4965
1976 64.9128 67.5305
1977 64.9128 67.918
1978 64.9128 68.0324
1979 64.9128 67.975
1980 64.9128 67.2583
1981 64.9128 67.5532
1982 64.9128 67.0604
1983 64.9128 67.6922
1984 64.9128 67.332
1985 64.9128 67.2507
1986 64.9128 67.9294
1987 64.9128 67.7785
1988 64.9128 68.1001
1989 64.9128 68.5123
1990 64.9128 68.2921
1991 64.9128 67.8817
1992 64.9128 67.9593
1993 64.9128 68.4823
1994 64.9128 68.9572
1995 64.9128 68.4027
1996 64.9128 68.3757
1997 64.9128 67.8229
1998 64.9128 67.8291
1999 64.9128 66.9538
2000 64.9128 67.5471
