0 427.192 491.113
1 413.165 476.228
2 400.844 459.198
3 388.843 442.273
4 377.784 428.385
5 368.461 414.891
6 363.677 403.396
7 349.053 389.45
8 343.069 377.674
9 335.578 366.531
10 331.126 357.356
11 327.317 349.499
12 322.273 343.979
13 314.635 339.602
14 312.45 335.102
15 304.674 330.104
16 304.033 325.244
17 299.499 319.865
18 292.034 314.235
19 290.166 310.002
20 286.612 305.642
21 283.267 302.01
22 281.878 298.726
23 274.267 296.223
24 269.016 292.793
25 269.016 289.43
26 262.806 285.64
27 261.204 280.971
28 258.258 275.765
29 255.085 271.292
30 253.764 268.082
31 249.289 264.973
32 246.5 262.615
33 243.107 260.423
34 241.226 257.571
35 240.066 254.661
36 228.397 252.348
37 227.232 250.373
38 223.308 247.219
39 223.225 242.758
40 222.143 237.766
41 220.859 233.123
42 217.291 229.403
43 216.068 226.912
44 213.753 224.964
45 212.778 224.027
46 211.725 222.313
47 210.009 221.307
48 208.375 219.641
49 207.752 218.209
50 204.87 214.99
51 202.924 213.197
52 200.696 212.497
53 198.755 210.356
54 195.327 208.596
55 193.798 206.323
56 193.798 203.52
57 192.405 201.706
58 191.375 200.67
59 191.062 200.26
60 189.689 200.024
61 186.153 199.379
62 184.468 198.815
63 180.231 198.246
64 178.197 195.178
65 178.197 192.278
66 177.335 188.966
67 175.716 186.969
68 174.879 184.693
69 174.133 183.017
70 173.338 180.951
71 172.779 179.709
72 171.995 179.063
73 171.639 178.137
74 170.371 176.531
75 170.197 175.577
76 168.793 175.198
77 167.375 174.694
78 166.163 174.116
79 165.105 173.581
80 163.578 172.681
81 163.327 171.434
82 162.305 169.981
83 161.379 167.959
84 159.558 166.876
85 155.818 165.426
86 155.818 164.718
87 154.423 163.538
88 152.52 162.282
89 152.52 161.857
90 152.52 160.58
91 150.252 158.804
92 148.556 157.999
93 148.556 156.708
94 148.556 155.832
95 148.05 154.441
96 147.399 153.361
97 146.668 153.211
98 146.666 152.939
99 146.085 152.766
100 139.347 152.907
101 138.608 153.254
102 138.608 154.706
103 138.608 155.081
104 138.608 155.859
105 138.288 156.34
106 137.975 154.33
107 137.975 152.422
108 135.944 149.295
109 135.509 148.157
110 135.509 147.363
111 134.535 145.876
112 134.535 144.809
113 133.542 143.448
114 133.542 141.958
115 133.542 141.183
116 133.167 140.513
117 132.822 140.031
118 131.855 139.201
119 130.446 139.027
120 129.499 137.674
121 129.087 137.012
122 127.843 136.958
123 127.843 136.497
124 127.843 135.839
125 126.144 134.043
126 126.144 133.201
127 125.383 131.897
128 125.383 130.985
129 124.41 131.472
130 124.41 130.904
131 122.534 129.304
132 122.534 129.031
133 121.426 127.873
134 121.078 127.745
135 119.971 126.822
136 119.971 125.576
137 119.654 124.206
138 119.654 124.449
139 119.461 123.757
140 118.887 123.304
141 118.224 123.228
142 117.458 122.807
143 117.458 122.813
144 116.531 121.875
145 116.183 121.592
146 116.183 122.064
147 116.183 121.976
148 115.911 122.23
149 115.78 121.824
150 115.78 120.916
151 114.658 121.117
152 114.658 120.01
153 114.305 118.964
154 114.118 118.551
155 113.495 118.367
156 113.495 117.336
157 113.055 116.906
158 112.561 116.572
159 111.668 116.517
160 111.668 115.853
161 111.588 115.61
162 111.003 115.612
163 111.003 115.329
164 110.259 115.109
165 110.259 114.894
166 109.761 114.536
167 109.66 114.242
168 109.277 113.485
169 109.094 113.527
170 108.61 112.956
171 108.558 112.291
172 107.429 112.234
173 107.429 111.856
174 107.337 111.433
175 106.343 110.983
176 106.235 111.392
177 106.192 110.723
178 105.24 110.681
179 104.041 109.976
180 104.041 109.915
181 103.935 109.971
182 103.064 110.401
183 103.064 111.412
184 103.064 112.255
185 102.867 111.844
186 102.867 110.434
187 102.867 109.665
188 102.867 109.058
189 101.831 108.703
190 101.831 108.088
191 101.448 107.534
192 101.167 106.773
193 100.785 106.771
194 98.4542 106.479
195 98.4542 106.625
196 98.4542 107.055
197 98.4542 107.58
198 98.0719 107.893
199 98.0719 107.401
200 98.0719 107.857
201 97.5333 106.571
202 96.4563 105.041
203 96.4563 104.592
204 95.9789 103.553
205 95.9789 102.432
206 95.9789 102.257
207 95.5804 102.06
208 95.5804 101.534
209 95.3761 100.716
210 94.2979 100.232
211 94.2979 99.6533
212 94.2979 99.8449
213 93.5514 99.3618
214 93.3038 98.7083
215 92.8696 98.2828
216 92.8696 97.981
217 92.622 98.4511
218 92.3245 97.1737
219 92.3245 97.4015
220 91.4271 96.2683
221 91.4271 95.9277
222 91.1009 95.7633
223 91.1009 95.1904
224 91.1009 94.7289
225 90.5446 95.0195
226 90.5446 94.6327
227 89.9985 95.7093
228 89.7996 97.4642
229 89.7996 96.7746
230 89.7996 97.1166
231 89.1249 97.1261
232 89.1249 97.1452
233 89.1249 95.2346
234 89.1249 94.4261
235 89.1249 94.0689
236 88.9311 93.8713
237 88.0575 93.5639
238 87.1938 93.9483
239 87.1938 93.1961
240 87.1938 92.9257
241 86.9741 91.825
242 86.6614 91.1915
243 86.6614 90.0111
244 86.6614 89.8675
245 86.6267 90.0871
246 86.4619 90.4493
247 86.0047 90.035
248 86.0047 88.8856
249 85.8052 88.8557
250 85.8052 89.0041
251 85.4134 89.192
252 85.4134 88.8421
253 85.0022 88.6159
254 85.0022 88.9248
255 85.0022 88.4413
256 84.3677 89.0228
257 84.3677 89.1266
258 84.3677 89.6531
259 84.3677 89.6167
260 83.4796 90.4047
261 83.4796 89.5404
262 83.4796 88.0731
263 83.4796 88.0219
264 83.4796 86.7819
265 83.4796 85.9447
266 83.4796 86.5033
267 83.3168 86.8517
268 83.058 86.348
269 82.731 86.6483
270 82.731 86.7531
271 82.3094 86.2621
272 82.3094 86.2704
273 82.2767 85.3116
274 81.9796 85.9366
275 81.9796 85.8284
276 81.7477 85.9472
277 81.222 84.8926
278 80.9248 85.1274
279 80.9248 85.1483
280 80.6603 84.3391
281 80.4213 84.6627
282 79.7304 84.0124
283 79.7304 84.307
284 79.679 83.5671
285 79.2763 83.095
286 79.2763 83.4653
287 78.9278 82.9595
288 78.9278 82.4949
289 78.6809 81.5172
290 78.6809 81.5165
291 78.6809 81.6852
292 78.6809 81.6824
293 78.6809 81.6103
294 78.6809 82.236
295 78.4935 82.2763
296 78.4935 81.9925
297 78.4935 81.7925
298 78.1925 81.7637
299 78.1925 81.2393
300 78.1925 82.1234
301 78.1925 81.7636
302 78.1925 81.252
303 78.1925 81.5277
304 78.1806 80.6844
305 77.859 80.5881
306 77.859 80.9956
307 77.6294 80.9162
308 77.6294 81.5439
309 76.6593 81.1915
310 76.6593 81.1439
311 76.6593 81.0739
312 76.6593 80.7922
313 76.6593 80.2762
314 76.6593 79.8175
315 76.6593 79.7766
316 76.6593 79.2559
317 76.6593 79.146
318 76.6593 79.5035
319 76.5104 79.0018
320 76.5104 79.4062
321 76.5104 80.176
322 76.5104 81.0445
323 76.5104 80.8558
324 76.5104 81.1252
325 76.4543 81.1984
326 76.4543 81.0018
327 76.0583 80.6683
328 76.0023 80.4093
329 76.0023 80.1293
330 76.0023 80.4282
331 76.0023 79.8537
332 76.0023 79.3645
333 76.0023 79.0918
334 76.0023 78.5693
335 76.0023 78.7095
336 76.0023 78.5653
337 76.0023 78.7148
338 76.0023 78.2422
339 76.0023 78.2192
340 76.0023 78.8782
341 76.0023 78.7476
342 76.0023 78.4227
343 76.0023 79.5063
344 75.4607 79.5083
345 75.3402 79.3275
346 75.3402 78.5
347 74.7986 79.3965
348 74.7986 79.481
349 74.7986 78.5852
350 74.7986 78.0251
351 74.2169 77.8608
352 74.2169 77.62
353 74.2169 77.5432
354 74.2169 77.5143
355 74.2169 77.6108
356 74.2169 77.2796
357 74.2169 77.3778
358 74.2169 77.8538
359 74.2169 77.4693
360 74.2169 76.9268
361 74.2169 77.9923
362 74.2169 80.0223
363 74.2169 81.4676
364 74.2169 83.2011
365 74.2169 83.9452
366 74.2169 85.3166
367 74.2169 85.5217
368 74.2169 83.6247
369 74.2169 82.0607
370 74.0481 80.3408
371 74.0481 80.0341
372 74.0481 78.9215
373 74.0481 77.7538
374 74.0481 77.8192
375 74.0481 77.38
376 74.0481 77.5439
377 73.9121 78.2497
378 73.9121 77.7679
379 73.9121 77.1222
380 73.9121 77.0585
381 73.9121 76.9168
382 73.9121 77.1525
383 73.9121 76.9103
384 73.9121 77.0781
385 73.4424 77.3005
386 73.4424 77.5262
387 73.1721 77.6273
388 73.1721 77.3783
389 73.1721 77.0075
390 73.1721 76.7171
391 73.1721 76.3564
392 73.1721 75.2485
393 73.1721 75.5703
394 72.7768 75.2511
395 72.7768 75.7273
396 72.7768 75.9766
397 72.7768 76.4357
398 72.7768 77.1594
399 72.7768 77.4503
400 71.1329 77.4531
401 71.1329 77.0929
402 71.1329 77.0985
403 71.1329 78.9518
404 71.1329 79.3489
405 71.1329 80.8565
406 71.1329 82.1147
407 71.1329 82.744
408 71.0148 82.3177
409 71.0148 81.6986
410 71.0148 80.3328
411 71.0148 79.4494
412 71.0148 79.0752
413 71.0148 79.0012
414 71.0148 78.4178
415 71.0148 77.1341
416 71.0148 75.0786
417 71.0148 74.7484
418 71.0148 74.3383
419 71.0148 74.3022
420 71.0148 74.2657
421 71.0148 74.6542
422 71.0148 75.1008
423 71.0148 74.4331
424 71.0148 74.8841
425 71.0148 74.5462
426 71.0148 74.6999
427 71.0148 74.3148
428 71.0148 73.6108
429 71.0148 74.8142
430 71.0148 74.5079
431 71.0148 74.1098
432 71.0148 74.278
433 71.0148 73.894
434 71.0148 75.0853
435 71.0148 73.9955
436 71.0148 74.1393
437 71.0148 74.0416
438 70.9966 74.0519
439 70.9966 73.6201
440 70.9679 73.2985
441 70.9498 73.0796
442 70.9498 73.6325
443 70.9498 74.3928
444 70.9498 74.7991
445 70.7838 75.0208
446 70.7838 74.8218
447 70.7838 73.956
448 70.7838 73.6791
449 70.7838 73.5515
450 70.7838 73.8921
451 70.7838 73.604
452 70.7838 73.8179
453 70.7838 74.5344
454 70.7838 74.7378
455 70.7838 74.9887
456 70.7838 74.4788
457 70.7838 74.4123
458 70.7838 74.0187
459 70.7838 73.7274
460 70.7838 74.4694
461 70.7838 73.6299
462 70.7838 73.3896
463 70.7838 73.8733
464 70.7838 74.1584
465 70.7838 73.9888
466 70.7838 73.9241
467 70.7838 73.8847
468 70.7838 73.5605
469 70.7838 73.9155
470 70.7838 74.1539
471 70.7838 74.1674
472 70.7838 74.3282
473 70.7838 74.777
474 70.5376 73.8806
475 70.5376 73.7245
476 70.5376 74.2807
477 70.5376 74.5913
478 70.5376 74.7289
479 70.5376 74.679
480 70.5376 73.9058
481 70.5376 73.7016
482 69.9993 73.6661
483 69.9993 73.1124
484 69.9993 73.5465
485 69.9993 74.0905
486 69.9993 75.3393
487 69.9993 76.3197
488 69.9993 76.7671
489 69.9993 77.5959
490 69.9993 79.6085
491 69.9993 79.7455
492 69.9993 79.5141
493 69.9993 77.3901
494 69.9993 76.8976
495 69.9993 75.8448
496 69.9993 74.9252
497 69.9993 74.8346
498 69.9993 73.8315
499 69.9993 74.687
500 69.9993 74.4381
501 69.9993 73.8599
502 69.9993 73.6687
503 69.9993 73.9831
504 69.9993 73.8748
505 69.9993 73.7238
506 69.9993 72.518
507 69.9993 72.8213
508 69.9993 72.4803
509 69.9993 72.5112
510 69.9993 72.2689
511 69.9993 73.3252
512 69.9993 73.226
513 69.9993 72.7018
514 69.9993 72.5996
515 69.9993 73.0288
516 69.9993 73.0334
517 69.9993 73.3353
518 69.9993 72.8191
519 69.9993 72.8457
520 69.9993 72.86
521 69.9993 73.0338
522 69.9993 72.3303
523 69.9993 72.2032
524 69.9993 72.7813
525 69.9993 72.5655
526 69.8849 72.7089
527 69.8849 73.0405
528 69.8849 72.6411
529 69.8849 72.8648
530 69.8849 72.9858
531 69.8849 73.3679
532 69.8849 73.2626
533 69.7044 73.0296
534 69.7044 72.5235
535 69.7044 73.497
536 69.7044 72.8939
537 69.5769 72.6001
538 69.5769 72.7267
539 69.5769 72.3928
540 69.5769 72.4439
541 69.5769 72.2074
542 69.5769 72.7084
543 69.5769 72.8955
544 69.5769 72.3402
545 69.5769 72.4911
546 69.5769 72.312
547 69.4302 72.3133
548 69.4302 72.5575
549 69.4302 72.7218
550 69.4302 72.6221
551 69.4302 72.387
552 69.4302 72.5565
553 69.4302 72.3235
554 69.4302 72.309
555 69.4302 72.0851
556 69.4302 72.4245
557 69.4302 72.4431
558 69.4302 72.3949
559 69.4302 72.3586
560 69.4302 72.647
561 69.4302 73.1143
562 69.4302 72.5585
563 69.4276 72.1673
564 69.4276 72.3548
565 69.4276 72.2722
566 69.4276 72.9193
567 68.9562 72.4227
568 68.9562 72.2467
569 68.9562 72.0417
570 68.9562 72.1038
571 68.9562 71.5949
572 68.9562 71.6833
573 68.9562 72.0114
574 68.9562 72.5863
575 68.9562 73.0606
576 68.9562 72.0861
577 68.9562 72.0945
578 68.9562 72.6325
579 68.9562 72.3921
580 68.9562 71.8124
581 68.9562 71.1559
582 68.9562 71.3969
583 68.9562 71.3335
584 68.9562 72.0873
585 68.9562 71.7374
586 68.9562 72.1404
587 68.9562 72.6179
588 68.9562 72.1084
589 68.9562 71.6977
590 68.8179 72.1655
591 68.8179 71.3197
592 68.8179 70.947
593 68.8179 71.2398
594 68.8179 71.0787
595 68.8179 71.5646
596 68.8179 71.18
597 68.8179 71.0269
598 68.8179 71.5242
599 68.8179 72.1266
600 66.039 72.5306
601 66.039 73.5435
602 66.039 73.1111
603 66.039 73.9625
604 66.039 74.8062
605 66.039 75.7719
606 66.039 76.6948
607 66.039 77.3233
608 66.039 76.8633
609 66.039 75.0973
610 66.039 74.1114
611 66.039 73.6196
612 66.039 72.5245
613 66.039 71.2365
614 66.039 70.582
615 66.039 70.0539
616 66.039 68.873
617 66.039 68.7499
618 66.039 69.1306
619 66.039 69.3311
620 66.039 68.9857
621 65.7805 69.0941
622 65.7805 69.286
623 65.7805 69.3741
624 65.7805 68.9524
625 65.7805 68.4716
626 65.7805 68.1127
627 65.7805 68.2512
628 65.7805 68.2707
629 65.7805 68.9197
630 65.7805 68.6874
631 65.7805 68.7078
632 65.7805 68.9151
633 65.7805 68.1551
634 65.7805 69.0383
635 65.7805 69.3746
636 65.7805 69.3823
637 65.7805 68.7106
638 65.7805 68.2633
639 65.7805 68.1171
640 65.7805 68.022
641 65.7805 68.2679
642 65.7805 68.4295
643 65.7805 68.7267
644 65.7805 69.6076
645 65.7805 69.1886
646 65.7805 68.8754
647 65.7805 68.3608
648 65.7805 68.4212
649 65.7805 68.4552
650 65.7805 68.6603
651 65.7805 68.8868
652 65.7805 68.9952
653 65.7805 68.9889
654 65.7805 69.2241
655 65.7805 68.4931
656 65.7805 68.4549
657 65.7805 68.0413
658 65.7805 68.3852
659 65.7805 68.6096
660 65.7805 68.5335
661 65.7805 68.1962
662 65.7805 68.1712
663 65.7805 68.1878
664 65.7805 68.3807
665 65.7805 68.4744
666 65.7805 68.9414
667 65.7805 68.6517
668 65.7805 68.4453
669 65.7805 68.0042
670 65.7805 68.3717
671 65.7805 69.4618
672 65.7805 68.7303
673 65.7805 68.3284
674 65.7805 69.5096
675 65.7805 70.3817
676 65.7805 69.5534
677 65.7805 69.2624
678 65.7805 69.1186
679 65.7805 68.6843
680 65.7805 68.7955
681 65.7805 68.4388
682 65.7805 68.637
683 65.7805 68.3848
684 65.7805 68.5278
685 65.7805 68.2149
686 65.7805 68.195
687 65.7805 68.6596
688 65.7805 68.7376
689 65.7805 68.6469
690 65.7805 68.6367
691 65.7805 69.0163
692 65.7805 68.1769
693 65.7805 67.8242
694 65.7805 67.6601
695 65.7805 68.3389
696 65.7805 68.8313
697 65.7805 68.7154
698 65.7805 68.651
699 65.7805 68.8037
700 65.7805 68.5511
701 65.7805 68.1327
702 65.7805 68.3441
703 65.7805 68.7434
704 65.7805 68.4705
705 65.7805 68.6895
706 65.7805 68.5736
707 65.7805 69.0192
708 65.7805 68.6585
709 65.7805 68.3956
710 65.7805 68.1879
711 65.7762 68.5814
712 65.7762 68.5089
713 65.7762 68.3869
714 65.7762 68.0474
715 65.7762 68.6259
716 65.7762 68.7372
717 65.7762 68.5689
718 65.7762 68.3878
719 65.7762 68.5857
720 65.7762 68.3697
721 65.7762 68.7497
722 65.7762 68.4903
723 65.7762 69.0719
724 65.7762 69.7185
725 65.7762 69.4006
726 65.7762 69.1187
727 65.7762 68.8114
728 65.7762 68.9001
729 65.7762 68.8914
730 65.7762 69.2344
731 65.7762 68.9746
732 65.7762 69.3944
733 65.7762 69.1833
734 65.7762 68.8178
735 65.7762 68.61
736 65.7762 68.5322
737 65.7762 68.8179
738 65.7762 69.1099
739 65.7762 69.2918
740 65.7762 69.2472
741 65.7762 69.1687
742 65.7762 69.7232
743 65.7762 68.93
744 65.7762 69.2383
745 65.7762 69.1659
746 65.7762 69.9038
747 65.7762 68.7266
748 65.7762 69.2646
749 65.7762 69.7364
750 65.7762 69.5767
751 65.7762 69.1539
752 65.7762 69.5366
753 65.7762 69.4012
754 65.7762 68.7377
755 65.7762 68.5388
756 65.7762 68.9651
757 65.7762 68.2769
758 65.7762 68.5772
759 65.7762 68.4209
760 65.7762 68.3407
761 65.7762 68.6507
762 65.7762 68.8641
763 65.7762 68.7509
764 65.7762 68.3401
765 65.7762 68.4262
766 65.7762 67.8189
767 65.7762 67.8638
768 65.7762 67.7124
769 65.7762 68.0907
770 65.7762 68.6579
771 65.7762 68.3755
772 65.7762 67.8907
773 65.7762 68.963
774 65.7762 68.6652
775 65.7762 68.9593
776 65.7762 68.532
777 65.7762 68.4539
778 65.7762 68.4183
779 65.7762 69.4727
780 65.7762 69.5228
781 65.7762 69.2482
782 65.7762 69.6948
783 65.7762 69.6814
784 65.7762 69.9343
785 65.7762 69.4296
786 65.7762 69.0833
787 65.7762 68.7799
788 65.7762 68.9153
789 65.7762 69.1941
790 65.7762 69.3975
791 65.7762 70.1292
792 65.7762 70.5778
793 65.7762 69.0349
794 65.7762 69.8241
795 65.7762 69.1717
796 65.7762 68.9909
797 65.7762 68.5807
798 65.7762 68.6434
799 65.7762 69.1412
800 65.6179 69.2144
801 65.6179 68.6615
802 65.6179 67.8604
803 65.6179 68.7973
804 65.6179 69.279
805 65.6179 68.9743
806 65.6179 68.3433
807 65.6179 68.0435
808 65.6179 67.8301
809 65.6179 68.1436
810 65.6179 67.9964
811 65.6179 67.5519
812 65.6179 67.2256
813 65.6179 67.5324
814 65.6179 67.7551
815 65.6179 67.7753
816 65.6179 67.2235
817 65.6179 67.66
818 65.6179 68.0959
819 65.6179 68.6286
820 65.6179 68.7319
821 65.6179 68.7968
822 65.6179 68.4449
823 65.6179 68.7429
824 65.6179 68.9499
825 65.6179 69.0905
826 65.6179 68.7494
827 65.6179 68.6397
828 65.6179 68.4927
829 65.6179 68.5053
830 65.6179 69.0616
831 65.6179 69.1048
832 65.6179 68.288
833 65.6179 68.3402
834 65.6179 68.2072
835 65.6179 68.1101
836 65.6179 68.0332
837 65.6179 67.5248
838 65.6179 67.8218
839 65.6179 67.7665
840 65.6179 68.167
841 65.6179 68.5735
842 65.6179 68.4814
843 65.6179 68.4454
844 65.6179 68.705
845 65.6179 68.7747
846 65.6179 68.556
847 65.6179 68.48
848 65.6179 67.9999
849 65.6179 67.8796
850 65.6179 67.8168
851 65.6179 68.0448
852 65.6179 67.6509
853 65.6179 67.947
854 65.6179 67.7113
855 65.6179 67.7061
856 65.6179 67.8989
857 65.6179 67.8123
858 65.6179 67.1886
859 65.6179 67.085
860 65.6179 67.2959
861 65.6179 67.7276
862 65.6179 68.2053
863 65.6179 68.2536
864 65.6179 68.7039
865 65.6179 68.1084
866 65.6179 68.1184
867 65.6179 68.5942
868 65.6179 69.2671
869 65.6179 68.9329
870 65.6179 68.7141
871 65.6179 68.4686
872 65.6179 68.5843
873 65.6179 68.8537
874 65.6179 68.2704
875 65.6179 68.1512
876 65.6179 68.749
877 65.6179 68.5728
878 65.6179 68.9666
879 65.6179 68.2436
880 65.6179 68.5538
881 65.6179 69.0606
882 65.6179 69.0814
883 65.6179 68.8408
884 65.6179 69.0177
885 65.6179 68.9052
886 65.6179 69.1712
887 65.6179 68.3183
888 65.6179 68.6094
889 65.6179 68.3376
890 65.6179 68.6076
891 65.6179 68.8971
892 65.6179 68.68
893 65.6179 68.8806
894 65.6179 69.4739
895 65.6179 69.086
896 65.6179 68.8402
897 65.6179 68.206
898 65.6179 68.2753
899 65.6179 68.3185
900 65.6179 68.1677
901 65.6179 68.5152
902 65.6179 69.4275
903 65.6179 69.0671
904 65.6179 69.5897
905 65.6179 68.749
906 65.6179 69.2886
907 65.6179 69.0872
908 65.6179 69.6935
909 65.6179 69.5021
910 65.6179 69.3452
911 65.6179 68.5562
912 65.6048 68.433
913 65.6048 68.1258
914 65.6048 68.7893
915 65.6048 68.8757
916 65.6048 68.5326
917 65.6048 69.1539
918 65.6048 69.1478
919 65.6048 68.8189
920 65.6048 68.3939
921 65.6048 68.2489
922 65.6048 68.2285
923 65.6048 68.0705
924 65.6048 68.0088
925 65.6048 68.2043
926 65.6048 68.2927
927 65.6048 68.5784
928 65.6048 67.9076
929 65.6048 67.8893
930 65.6048 67.9821
931 65.6048 68.2169
932 65.6048 68.4526
933 65.6048 68.7291
934 65.6048 68.8212
935 65.6048 68.4287
936 65.6048 68.3038
937 65.6048 68.7862
938 65.6048 67.9539
939 65.6048 67.8588
940 65.6048 67.9692
941 65.6048 68.1434
942 65.6048 68.0927
943 65.6048 68.1728
944 65.6048 68.126
945 65.6048 68.6525
946 65.6048 68.5661
947 65.6048 68.9168
948 65.6048 68.8486
949 65.6048 68.8897
950 65.6048 69.4905
951 65.6048 68.6951
952 65.6048 68.6403
953 65.6048 68.4676
954 65.6048 68.2414
955 65.6048 68.2701
956 65.6048 68.3591
957 65.6048 68.852
958 65.6048 69.0295
959 65.6048 68.9872
960 65.6048 68.742
961 65.6048 68.2696
962 65.6048 67.9384
963 65.6048 67.5141
964 65.6048 67.8129
965 65.6048 67.4812
966 65.6048 68.0531
967 65.6048 68.0333
968 65.6048 67.8906
969 65.6048 68.8037
970 65.6048 68.5765
971 65.6048 68.6569
972 65.6048 68.4741
973 65.6048 68.1525
974 65.6048 69.1763
975 65.6048 69.2445
976 65.6048 69.4365
977 65.6048 68.9765
978 65.6048 68.5364
979 65.6048 68.3423
980 65.6048 67.84
981 65.6048 68.3861
982 65.6048 68.5222
983 65.6048 68.5109
984 65.6048 68.7247
985 65.6048 68.223
986 65.6048 68.3735
987 65.6048 67.6637
988 65.6048 67.5943
989 65.6048 68.0191
990 65.6048 68.0516
991 65.6048 68.0637
992 65.6048 67.6026
993 65.6048 67.6574
994 65.6048 67.9584
995 65.6048 68.2138
996 65.6048 68.4677
997 65.6048 68.4092
998 65.6048 68.1518
999 65.6048 68.1356
1000 65.6048 68.4332
1001 65.6048 67.8263
1002 65.6048 68.6901
1003 65.6048 68.1841
1004 65.6048 68.0061
1005 65.6048 68.0703
1006 65.6048 68.335
1007 65.6048 68.3538
1008 65.6048 67.5969
1009 65.6048 67.7952
1010 65.6048 67.8928
1011 65.6048 67.8689
1012 65.6048 68.1496
1013 65.6048 68.2734
1014 65.5773 67.6107
1015 65.5773 67.5283
1016 65.5773 68.0835
1017 65.5773 68.2778
1018 65.5773 69.1343
1019 65.5773 68.8499
1020 65.5773 69.2077
1021 65.5773 69.5731
1022 65.5773 69.329
1023 65.5773 69.4028
1024 65.5773 69.105
1025 65.5773 69.402
1026 65.5773 69.1825
1027 65.5773 69.5115
1028 65.5773 68.9808
1029 65.5773 69.659
1030 65.5773 68.8198
1031 65.5773 68.882
1032 65.5773 68.3413
1033 65.5773 68.302
1034 65.5773 69.0288
1035 65.5773 68.2868
1036 65.5773 69.0156
1037 65.5773 68.8539
1038 65.5773 68.7234
1039 65.5773 68.6749
1040 65.5773 69.0291
1041 65.5773 68.6761
1042 65.5773 68.0999
1043 65.5773 68.7987
1044 65.5773 68.9679
1045 65.5773 68.5765
1046 65.5773 68.2394
1047 65.5773 68.0026
1048 65.5773 68.4756
1049 65.5773 69.0793
1050 65.5773 69.0889
1051 65.5773 68.0509
1052 65.5773 68.0264
1053 65.5773 68.2325
1054 65.5773 68.3033
1055 65.5773 68.3145
1056 65.5773 68.4551
1057 65.5773 68.5397
1058 65.5773 69.3048
1059 65.5773 68.3457
1060 65.5773 68.0103
1061 65.5773 68.8201
1062 65.5773 68.7611
1063 65.5773 68.3442
1064 65.5773 68.5188
1065 65.5773 68.437
1066 65.5773 68.5713
1067 65.5773 68.4733
1068 65.5773 68.5786
1069 65.5773 68.127
1070 65.5773 68.4303
1071 65.5773 68.5575
1072 65.5773 68.3023
1073 65.5773 68.4878
1074 65.5773 68.7246
1075 65.5773 67.9577
1076 65.5773 68.1031
1077 65.5773 68.3641
1078 65.5773 68.4355
1079 65.5773 68.1372
1080 65.5773 68.7808
1081 65.5773 68.7976
1082 65.5773 68.695
1083 65.5773 68.7096
1084 65.5773 68.4105
1085 65.5773 68.3068
1086 65.5773 68.967
1087 65.5773 68.9065
1088 65.5773 69.4302
1089 65.5773 68.7713
1090 65.5773 68.9681
1091 65.5773 68.5633
1092 65.5773 69.1129
1093 65.5773 69.0908
1094 65.5773 68.0483
1095 65.5773 67.9306
1096 65.5773 68.5376
1097 65.5773 68.497
1098 65.5773 68.7888
1099 65.5773 68.3096
1100 65.3119 68.2899
1101 65.2988 68.6039
1102 65.2713 68.3799
1103 65.2713 68.69
1104 65.2713 68.21
1105 65.2713 68.2549
1106 65.2713 68.0213
1107 65.2713 69.0376
1108 65.2713 68.1299
1109 65.2713 68.6041
1110 65.2713 68.0285
1111 65.2713 68.3213
1112 65.2713 69.0884
1113 65.2713 69.4171
1114 65.2713 69.1511
1115 65.2713 69.4192
1116 65.2713 68.878
1117 65.2713 68.7426
1118 65.2713 68.158
1119 65.2713 68.359
1120 65.2713 69.032
1121 65.2713 68.8424
1122 65.2713 68.3613
1123 65.2713 68.3602
1124 65.2713 68.3118
1125 65.2713 68.1661
1126 65.2713 68.4334
1127 65.2713 68.9742
1128 65.2713 68.6995
1129 65.2713 68.0765
1130 65.2713 67.7035
1131 65.2713 68.0046
1132 65.2713 67.8022
1133 65.2713 67.3453
1134 65.2713 67.9037
1135 65.2713 67.5808
1136 65.2713 67.9649
1137 65.2713 67.9642
1138 65.2713 67.8493
1139 65.2133 67.6518
1140 65.2133 67.7359
1141 65.2133 66.995
1142 65.2133 68.0288
1143 65.2133 68.0128
1144 65.2133 68.0199
1145 65.2133 67.6643
1146 65.2133 66.9862
1147 65.2133 67.13
1148 65.2133 67.6877
1149 65.2133 67.1443
1150 65.2133 67.1932
1151 65.2133 67.7625
1152 65.2133 67.4784
1153 65.2133 68.2069
1154 65.2133 67.8594
1155 64.9522 67.7196
1156 64.9522 67.5372
1157 64.9522 67.5756
1158 64.9522 67.9075
1159 64.9522 67.4322
1160 64.9522 68.123
1161 64.9522 67.748
1162 64.9522 68.6843
1163 64.9522 68.1623
1164 64.9522 67.7887
1165 64.9522 67.958
1166 64.9522 67.5909
1167 64.9522 67.5762
1168 64.9522 67.8829
1169 64.9522 67.7386
1170 64.9522 67.8828
1171 64.9522 67.3242
1172 64.9522 67.6007
1173 64.9522 67.074
1174 64.9522 67.6527
1175 64.9522 68.4782
1176 64.9522 68.6807
1177 64.9522 68.2303
1178 64.9522 67.6811
1179 64.9522 67.4203
1180 64.9522 67.2511
1181 64.9522 67.2738
1182 64.9522 67.4847
1183 64.9522 67.6763
1184 64.9522 68.1473
1185 64.9522 67.5461
1186 64.9522 67.6965
1187 64.9522 66.7396
1188 64.9522 67.3798
1189 64.9522 67.5737
1190 64.9522 68.0847
1191 64.9522 67.4479
1192 64.9522 67.9144
1193 64.9522 68.1076
1194 64.9522 68.3651
1195 64.9522 68.1704
1196 64.9522 68.1303
1197 64.9522 67.4203
1198 64.9522 67.4482
1199 64.9522 67.5048
1200 64.9522 67.2866
1201 64.9522 67.998
1202 64.9522 67.838
1203 64.9522 67.6534
1204 64.9522 67.8051
1205 64.9522 67.4581
1206 64.9522 67.8665
1207 64.9522 67.9748
1208 64.9522 68.1482
1209 64.9522 67.7747
1210 64.9522 67.8478
1211 64.9522 67.9575
1212 64.9522 68.0922
1213 64.9522 67.8164
1214 64.9522 68.2964
1215 64.9522 68.2625
1216 64.9522 68.3294
1217 64.9522 68.2415
1218 64.9522 67.995
1219 64.9522 67.7896
1220 64.9522 67.7855
1221 64.9522 67.4261
1222 64.9522 68.0299
1223 64.9522 68.128
1224 64.9522 68.327
1225 64.9522 68.7261
1226 64.9522 68.0514
1227 64.9522 68.2355
1228 64.9522 67.8138
1229 64.9522 67.7252
1230 64.9522 67.7696
1231 64.9522 68.2281
1232 64.9522 67.7806
1233 64.9522 67.8475
1234 64.9522 67.9625
1235 64.9522 67.9253
1236 64.9522 67.6924
1237 64.9522 67.2727
1238 64.9522 66.7522
1239 64.9522 67.2242
1240 64.9522 67.4243
1241 64.9522 68.6037
1242 64.9522 68.2868
1243 64.9522 67.9861
1244 64.9522 68.3124
1245 64.9522 67.6774
1246 64.9522 68.1338
1247 64.9522 67.6569
1248 64.9522 68.0919
1249 64.9522 67.7771
1250 64.9522 67.7548
1251 64.9522 68.1074
1252 64.9522 67.9006
1253 64.9522 67.4389
1254 64.9522 67.5134
1255 64.9522 67.7365
1256 64.9522 68.1078
1257 64.9522 68.12
1258 64.9522 68.1827
1259 64.9522 67.9088
1260 64.9522 67.7357
1261 64.9522 67.8944
1262 64.9522 67.779
1263 64.9522 68.0154
1264 64.9522 67.7977
1265 64.9522 68.0315
1266 64.9522 68.0769
1267 64.9522 67.7509
1268 64.9522 68.4164
1269 64.9522 68.263
1270 64.9522 67.8443
1271 64.9522 67.4261
1272 64.9522 67.8452
1273 64.9522 67.8483
1274 64.9522 68.0849
1275 64.9522 68.1631
1276 64.9522 68.2223
1277 64.9522 67.4761
1278 64.9522 67.6702
1279 64.9522 67.3138
1280 64.9522 67.0438
1281 64.9522 67.5246
1282 64.9522 66.8612
1283 64.9522 67.1641
1284 64.9522 67.3229
1285 64.9522 67.2087
1286 64.9522 68.0401
1287 64.9522 67.8525
1288 64.9522 67.6926
1289 64.9522 68.2604
1290 64.9522 67.1895
1291 64.9522 67.9824
1292 64.9522 67.9033
1293 64.9522 68.0311
1294 64.9522 68.1484
1295 64.9522 68.1412
1296 64.9522 67.8482
1297 64.9522 67.4062
1298 64.9522 67.7021
1299 64.9522 67.8796
1300 64.9522 68.4002
1301 64.9522 68.3875
1302 64.9522 67.4632
1303 64.9522 67.1938
1304 64.9522 67.3431
1305 64.9522 67.5122
1306 64.9522 67.8885
1307 64.9522 67.4969
1308 64.9522 67.114
1309 64.9522 66.9038
1310 64.9522 67.1642
1311 64.9522 68.1136
1312 64.9522 67.7711
1313 64.9522 67.6843
1314 64.9522 67.7206
1315 64.9522 67.9346
1316 64.9522 68.0212
1317 64.9522 67.9612
1318 64.9522 67.625
1319 64.9522 67.4559
1320 64.9522 67.4386
1321 64.9522 68.2423
1322 64.9522 67.8191
1323 64.9522 68.012
1324 64.9522 67.9387
1325 64.9522 67.8101
1326 64.9522 67.7071
1327 64.9522 68.3358
1328 64.9522 68.1119
1329 64.9522 67.6004
1330 64.9522 67.2155
1331 64.9522 67.1197
1332 64.9522 67.2993
1333 64.9522 68.1159
1334 64.9522 68.197
1335 64.9522 67.7826
1336 64.9522 67.7992
1337 64.9522 67.416
1338 64.9522 67.7417
1339 64.9522 67.5684
1340 64.9522 67.9297
1341 64.9522 67.6468
1342 64.9522 67.3073
1343 64.9522 67.9683
1344 64.9522 67.8709
1345 64.9522 68.0174
1346 64.9522 68.5048
1347 64.9522 68.7237
1348 64.9522 69.1725
1349 64.9522 68.9838
1350 64.9522 68.7047
1351 64.9522 68.7371
1352 64.9522 67.7581
1353 64.9522 67.7071
1354 64.9522 67.4891
1355 64.9522 67.6815
1356 64.9522 67.5914
1357 64.9522 67.1494
1358 64.9522 67.0048
1359 64.9522 67.7399
1360 64.9522 68.6394
1361 64.9522 68.8828
1362 64.9522 68.9705
1363 64.9522 68.4629
1364 64.9522 68.7748
1365 64.9522 67.631
1366 64.9522 68.3939
1367 64.9522 68.2113
1368 64.9522 68.5577
1369 64.9522 68.4127
1370 64.9522 68.5032
1371 64.9522 68.2627
1372 64.9522 68.078
1373 64.9522 68.3058
1374 64.9522 68.4315
1375 64.9522 67.6179
1376 64.9522 67.6013
1377 64.9522 67.389
1378 64.9522 67.5873
1379 64.9522 67.6707
1380 64.9522 68.4491
1381 64.9522 68.4448
1382 64.9522 67.8909
1383 64.9522 68.1918
1384 64.9522 67.8181
1385 64.9522 67.6117
1386 64.9522 67.5304
1387 64.9522 67.5115
1388 64.9522 67.3537
1389 64.9522 67.6748
1390 64.9522 68.16
1391 64.9522 67.8265
1392 64.9522 67.659
1393 64.9522 67.6495
1394 64.9522 67.6347
1395 64.9522 68.1689
1396 64.9522 68.1106
1397 64.9522 67.9389
1398 64.9522 68.0618
1399 64.9522 68.3941
1400 64.9522 68.8423
1401 64.9522 68.6537
1402 64.9522 68.3414
1403 64.9522 68.3467
1404 64.9522 67.4677
1405 64.9522 67.6958
1406 64.9522 67.7543
1407 64.9522 67.6112
1408 64.9522 67.1385
1409 64.9522 67.2178
1410 64.9522 67.9328
1411 64.9522 68.1419
1412 64.9522 67.2959
1413 64.9522 67.1073
1414 64.9522 67.3631
1415 64.9522 67.9484
1416 64.9522 67.5872
1417 64.9522 67.7539
1418 64.9522 67.7172
1419 64.9522 68.2242
1420 64.9522 68.5094
1421 64.9522 68.1426
1422 64.9522 67.3762
1423 64.9522 67.3363
1424 64.9522 66.7924
1425 64.9522 67.732
1426 64.9522 67.2181
1427 64.9522 67.4064
1428 64.9522 68.1713
1429 64.9522 67.4129
1430 64.9522 67.722
1431 64.9522 68.1982
1432 64.9522 68.6611
1433 64.9522 68.4599
1434 64.9522 67.6487
1435 64.9522 67.862
1436 64.9522 68.0311
1437 64.9522 68.2097
1438 64.9522 68.034
1439 64.9522 67.6786
1440 64.9522 67.561
1441 64.9522 67.8477
1442 64.9522 67.4621
1443 64.9522 67.7794
1444 64.9522 67.5462
1445 64.9522 67.8116
1446 64.9522 68.8053
1447 64.9522 68.7332
1448 64.9522 69.0299
1449 64.9522 67.7638
1450 64.9522 67.3307
1451 64.9522 67.1196
1452 64.9522 67.4879
1453 64.9522 67.0875
1454 64.9522 67.7176
1455 64.9522 67.7045
1456 64.9522 67.6694
1457 64.9522 67.3593
1458 64.9522 67.261
1459 64.9522 67.3957
1460 64.9522 67.6785
1461 64.9522 67.6185
1462 64.9522 67.3077
1463 64.9522 67.5124
1464 64.9522 68.0449
1465 64.9522 67.9804
1466 64.9522 67.7117
1467 64.9522 67.8074
1468 64.9522 67.3192
1469 64.9522 67.5061
1470 64.9522 67.34
1471 64.9522 67.5463
1472 64.9522 67.755
1473 64.9522 67.4553
1474 64.9522 67.3413
1475 64.9522 68.2169
1476 64.9522 67.6097
1477 64.9522 67.8413
1478 64.9522 68.2317
1479 64.9522 68.1357
1480 64.9522 67.838
1481 64.9522 67.9536
1482 64.9522 68.6636
1483 64.9522 68.3378
1484 64.9522 67.9118
1485 64.9522 68.2713
1486 64.9522 68.8357
1487 64.9522 68.1487
1488 64.9522 68.0926
1489 64.9522 67.076
1490 64.9522 67.6569
1491 64.9522 68.0423
1492 64.9522 67.8456
1493 64.9522 67.656
1494 64.9522 68.0403
1495 64.9522 68.4411
1496 64.9522 68.3187
1497 64.9522 67.5955
1498 64.9522 68.0743
1499 64.9522 67.6111
1500 64.9522 67.7841
1501 64.9522 67.6785
1502 64.9522 68.0817
1503 64.9522 68.4889
1504 64.9522 67.7003
1505 64.9522 67.6643
1506 64.9522 68.0778
1507 64.9522 68.1983
1508 64.9522 67.6612
1509 64.9522 67.0643
1510 64.9522 66.4528
1511 64.9522 66.9192
1512 64.9522 67.1273
1513 64.9522 67.7247
1514 64.9522 67.3707
1515 64.9522 68.047
1516 64.9522 67.8293
1517 64.9522 67.8798
1518 64.9522 67.951
1519 64.9522 67.8101
1520 64.9522 67.7927
1521 64.9522 67.4123
1522 64.9522 67.4431
1523 64.9522 67.9597
1524 64.9522 67.3796
1525 64.9522 67.0786
1526 64.9522 66.6454
1527 64.9522 67.3828
1528 64.9522 67.5914
1529 64.9522 67.2321
1530 64.9522 66.7231
1531 64.9522 67.3219
1532 64.9522 66.5039
1533 64.9522 66.6134
1534 64.9522 66.9569
1535 64.9522 67.0538
1536 64.9522 67.1612
1537 64.9522 67.112
1538 64.9522 67.033
1539 64.9522 67.5498
1540 64.9522 67.5492
1541 64.9522 67.4066
1542 64.9522 67.1565
1543 64.9522 67.3936
1544 64.9522 68.9356
1545 64.9522 68.0271
1546 64.9522 68.1251
1547 64.9522 67.5082
1548 64.9522 67.8061
1549 64.9522 67.2365
1550 64.9522 67.2385
1551 64.9522 67.8068
1552 64.9522 67.7273
1553 64.9522 67.7782
1554 64.9522 67.9185
1555 64.9522 67.6175
1556 64.9522 67.4995
1557 64.9522 67.8362
1558 64.9522 68.2332
1559 64.9522 68.4974
1560 64.9522 67.7968
1561 64.9522 67.5961
1562 64.9522 67.4243
1563 64.9522 67.5242
1564 64.9522 67.6294
1565 64.9522 68.0524
1566 64.9522 68.1396
1567 64.9522 67.4383
1568 64.9522 67.4477
1569 64.9522 68.318
1570 64.9522 68.2072
1571 64.9522 68.6818
1572 64.9522 67.9959
1573 64.9522 67.8671
1574 64.9522 68.4271
1575 64.9522 68.4636
1576 64.9522 68.7581
1577 64.9522 68.165
1578 64.9522 68.3031
1579 64.9522 68.4804
1580 64.9522 68.0442
1581 64.9522 68.1096
1582 64.9522 67.9669
1583 64.9522 68.3453
1584 64.9522 68.1647
1585 64.9522 68.1926
1586 64.9522 67.3399
1587 64.9522 67.1093
1588 64.9522 67.088
1589 64.9522 67.8008
1590 64.9522 68.3533
1591 64.9522 67.8534
1592 64.9522 67.7115
1593 64.9522 67.9974
1594 64.9522 67.3322
1595 64.9522 67.6796
1596 64.9522 67.9634
1597 64.9522 67.8111
1598 64.9522 67.6093
1599 64.9522 68.3011
1600 64.9128 68.5681
1601 64.9128 67.827
1602 64.9128 67.4774
1603 64.9128 67.4342
1604 64.9128 67.1582
1605 64.9128 67.7922
1606 64.9128 67.4265
1607 64.9128 67.8323
1608 64.9128 67.8539
1609 64.9128 67.5496
1610 64.9128 67.2304
1611 64.9128 67.25
1612 64.9128 68.4252
1613 64.9128 68.5053
1614 64.9128 68.3466
1615 64.9128 67.6975
1616 64.9128 67.3131
1617 64.9128 67.7153
1618 64.9128 67.2624
1619 64.9128 67.2776
1620 64.9128 66.9812
1621 64.9128 66.6545
1622 64.9128 67.4218
1623 64.9128 67.2173
1624 64.9128 67.8204
1625 64.9128 67.0587
1626 64.9128 67.7322
1627 64.9128 67.9759
1628 64.9128 67.9446
1629 64.9128 67.8035
1630 64.9128 67.8915
1631 64.9128 68.5748
1632 64.9128 68.3867
1633 64.9128 68.2245
1634 64.9128 69.0938
1635 64.9128 69.1116
1636 64.9128 69.3065
1637 64.9128 68.6537
1638 64.9128 68.5754
1639 64.9128 68.2249
1640 64.9128 68.8724
1641 64.9128 68.5739
1642 64.9128 67.1503
1643 64.9128 67.9512
1644 64.9128 68.2461
1645 64.9128 68.3407
1646 64.9128 67.5576
1647 64.9128 67.3695
1648 64.9128 68.0812
1649 64.9128 68.2422
1650 64.9128 67.7614
1651 64.9128 67.9974
1652 64.9128 67.8124
1653 64.9128 68.4455
1654 64.9128 68.5698
1655 64.9128 68.3552
1656 64.9128 68.2178
1657 64.9128 68.1295
1658 64.9128 68.602
1659 64.9128 68.3762
1660 64.9128 67.2372
1661 64.9128 68.0353
1662 64.9128 67.45
1663 64.9128 67.158
1664 64.9128 66.7146
1665 64.9128 67.3921
1666 64.9128 67.4008
1667 64.9128 67.1484
1668 64.9128 66.9433
1669 64.9128 66.7105
1670 64.9128 67.2152
1671 64.9128 66.8538
1672 64.9128 66.6878
1673 64.9128 67.7049
1674 64.9128 67.0803
1675 64.9128 67.7331
1676 64.9128 67.6978
1677 64.9128 67.8147
1678 64.9128 68.3319
1679 64.9128 67.8605
1680 64.9128 68.1845
1681 64.9128 68.097
1682 64.9128 68.4635
1683 64.9128 68.6279
1684 64.9128 68.1458
1685 64.9128 69.0188
1686 64.9128 68.1368
1687 64.9128 68.3263
1688 64.9128 68.368
1689 64.9128 69.0646
1690 64.9128 69.1112
1691 64.9128 68.2705
1692 64.9128 68.7252
1693 64.9128 68.1021
1694 64.9128 67.569
1695 64.9128 68.0707
1696 64.9128 67.6189
1697 64.9128 68.4321
1698 64.9128 67.7335
1699 64.9128 68.0984
1700 64.9128 67.68
1701 64.9128 67.9081
1702 64.9128 67.5159
1703 64.9128 67.8678
1704 64.9128 67.9622
1705 64.9128 68.2677
1706 64.9128 68.8655
1707 64.9128 68.9578
1708 64.9128 68.484
1709 64.9128 67.8493
1710 64.9128 67.8997
1711 64.9128 67.5824
1712 64.9128 67.6065
1713 64.9128 67.8031
1714 64.9128 67.7354
1715 64.9128 67.8883
1716 64.9128 68.1555
1717 64.9128 68.2938
1718 64.9128 67.6769
1719 64.9128 67.2894
1720 64.9128 67.8638
1721 64.9128 68.4157
1722 64.9128 68.011
1723 64.9128 67.7288
1724 64.9128 67.5842
1725 64.9128 67.1871
1726 64.9128 67.0617
1727 64.9128 66.5714
1728 64.9128 66.5847
1729 64.9128 66.9892
1730 64.9128 66.7114
1731 64.9128 66.6
1732 64.9128 67.0539
1733 64.9128 67.5307
1734 64.9128 67.4695
1735 64.9128 67.5932
1736 64.9128 68.1839
1737 64.9128 69.1805
1738 64.9128 69.037
1739 64.9128 68.5735
1740 64.9128 67.7745
1741 64.9128 67.8631
1742 64.9128 68.2783
1743 64.9128 68.3865
1744 64.9128 67.8287
1745 64.9128 67.8089
1746 64.9128 68.1281
1747 64.9128 68.3522
1748 64.9128 69.0824
1749 64.9128 67.7957
1750 64.9128 68.0005
1751 64.9128 68.8845
1752 64.9128 69.2035
1753 64.9128 68.8287
1754 64.9128 68.9663
1755 64.9128 69.7641
1756 64.9128 69.3712
1757 64.9128 69.5376
1758 64.9128 68.4087
1759 64.9128 68.4919
1760 64.9128 68.784
1761 64.9128 68.1441
1762 64.9128 67.9877
1763 64.9128 67.7435
1764 64.9128 67.7838
1765 64.9128 67.4223
1766 64.9128 67.2439
1767 64.9128 67.4218
1768 64.9128 67.2912
1769 64.9128 67.6878
1770 64.9128 67.8762
1771 64.9128 67.1926
1772 64.9128 67.235
1773 64.9128 67.8509
1774 64.9128 67.8688
1775 64.9128 67.6205
1776 64.9128 67.905
1777 64.9128 67.6013
1778 64.9128 68.0798
1779 64.9128 67.8059
1780 64.9128 68.1941
1781 64.9128 68.1004
1782 64.9128 68.0078
1783 64.9128 67.2573
1784 64.9128 68.2995
1785 64.9128 67.5288
1786 64.9128 67.2121
1787 64.9128 68.05
1788 64.9128 68.6709
1789 64.9128 68.3478
1790 64.9128 68.6433
1791 64.9128 68.5946
1792 64.9128 68.596
1793 64.9128 68.0277
1794 64.9128 68.0782
1795 64.9128 68.1693
1796 64.9128 68.5095
1797 64.9128 68.2667
1798 64.9128 67.8126
1799 64.9128 67.8095
1800 64.9128 67.6228
1801 64.9128 67.2205
1802 64.9128 67.4296
1803 64.9128 67.6713
1804 64.9128 67.1461
1805 64.9128 67.2609
1806 64.9128 67.2378
1807 64.9128 67.313
1808 64.9128 66.8827
1809 64.9128 67.4882
1810 64.9128 67.8842
1811 64.9128 67.4371
1812 64.9128 66.7477
1813 64.9128 67.2781
1814 64.9128 67.3366
1815 64.9128 67.76
1816 64.9128 67.716
1817 64.9128 68.0683
1818 64.9128 67.5099
1819 64.9128 67.2834
1820 64.9128 67.6643
1821 64.9128 67.8545
1822 64.9128 68.9497
1823 64.9128 68.3967
1824 64.9128 68.0353
1825 64.9128 67.9876
1826 64.9128 67.8254
1827 64.9128 68.1015
1828 64.9128 68.5547
1829 64.9128 68.1203
1830 64.9128 68.1184
1831 64.9128 67.5933
1832 64.9128 67.735
1833 64.9128 67.7533
1834 64.9128 67.4544
1835 64.9128 67.832
1836 64.9128 68.6479
1837 64.9128 68.4695
1838 64.9128 68.1001
1839 64.9128 67.4536
1840 64.9128 67.6845
1841 64.9128 68.188
1842 64.9128 67.2941
1843 64.9128 67.3267
1844 64.9128 67.7431
1845 64.9128 67.5398
1846 64.9128 67.577
1847 64.9128 67.2272
1848 64.9128 67.5445
1849 64.9128 67.6011
1850 64.9128 67.353
1851 64.9128 67.404
1852 64.9128 67.2908
1853 64.9128 67.642
1854 64.9128 67.5593
1855 64.9128 67.4809
1856 64.9128 67.4266
1857 64.9128 67.2874
1858 64.9128 66.6987
1859 64.9128 67.339
1860 64.9128 67.9254
1861 64.9128 67.997
1862 64.9128 67.7338
1863 64.9128 67.2239
1864 64.9128 66.8625
1865 64.9128 67.1464
1866 64.9128 67.3
1867 64.9128 67.5551
1868 64.9128 67.2896
1869 64.9128 67.6761
1870 64.9128 67.0959
1871 64.9128 67.7428
1872 64.9128 67.1466
1873 64.9128 67.7328
1874 64.9128 67.9844
1875 64.9128 67.5179
1876 64.9128 67.6285
1877 64.9128 68.0846
1878 64.9128 68.2067
1879 64.9128 67.7451
1880 64.9128 67.4713
1881 64.9128 67.4164
1882 64.9128 67.0203
1883 64.9128 67.2958
1884 64.9128 67.2299
1885 64.9128 67.7441
1886 64.9128 68.2801
1887 64.9128 68.9748
1888 64.9128 68.177
1889 64.9128 67.5825
1890 64.9128 67.2922
1891 64.9128 67.6902
1892 64.9128 67.603
1893 64.9128 67.6378
1894 64.9128 68.3159
1895 64.9128 68.0887
1896 64.9128 67.8169
1897 64.9128 67.7536
1898 64.9128 68.1748
1899 64.9128 68.8254
1900 64.9128 68.6173
1901 64.9128 68.1985
1902 64.9128 67.778
1903 64.9128 67.6946
1904 64.9128 67.4532
1905 64.9128 67.4864
1906 64.9128 67.3753
1907 64.9128 67.2369
1908 64.9128 67.5427
1909 64.9128 68.3209
1910 64.9128 68.3186
1911 64.9128 67.2947
1912 64.9128 67.5919
1913 64.9128 68.0537
1914 64.9128 66.9059
1915 64.9128 67.3599
1916 64.9128 67.6944
1917 64.9128 67.3484
1918 64.9128 67.5743
1919 64.9128 67.2208
1920 64.9128 67.6037
1921 64.9128 67.8671
1922 64.9128 67.3843
1923 64.9128 67.7111
1924 64.9128 67.5752
1925 64.9128 67.5107
1926 64.9128 67.4679
1927 64.9128 67.9964
1928 64.9128 67.7222
1929 64.9128 67.0745
1930 64.9128 67.2433
1931 64.9128 67.4669
1932 64.9128 67.4936
1933 64.9128 67.8405
1934 64.9128 67.3179
1935 64.9128 66.9937
1936 64.9128 67.8564
1937 64.9128 67.9721
1938 64.9128 68.161
1939 64.9128 68.26
1940 64.9128 67.5626
1941 64.9128 67.4741
1942 64.9128 67.1572
1943 64.9128 67.0961
1944 64.9128 67.2521
1945 64.9128 67.7432
1946 64.9128 68.0515
1947 64.9128 68.2567
1948 64.9128 68.2741
1949 64.9128 67.2208
1950 64.9128 67.25
1951 64.9128 67.3756
1952 64.9128 66.7409
1953 64.9128 67.4353
1954 64.9128 67.6446
1955 64.9128 67.9186
1956 64.9128 67.5614
1957 64.9128 67.897
1958 64.9128 68.6244
1959 64.9128 68.5929
1960 64.9128 69.0509
1961 64.9128 69.0141
1962 64.9128 69.0825
1963 64.9128 68.8648
1964 64.9128 68.6775
1965 64.9128 68.6499
1966 64.9128 67.9494
1967 64.9128 68.4726
1968 64.9128 68.5072
1969 64.9128 68.283
1970 64.9128 68.2063
1971 64.9128 67.7584
1972 64.9128 67.9575
1973 64.9128 67.7694
1974 64.9128 67.492
1975 64.9128 67.2596
1976 64.9128 67.3434
1977 64.9128 67.7162
1978 64.9128 67.4159
1979 64.9128 67.4067
1980 64.9128 67.5311
1981 64.9128 67.6767
1982 64.9128 68.169
1983 64.9128 68.079
1984 64.9128 68.0431
1985 64.9128 67.822
1986 64.9128 67.9437
1987 64.9128 68.1248
1988 64.9128 67.5638
1989 64.9128 67.6391
1990 64.9128 67.9807
1991 64.9128 67.8213
1992 64.9128 67.8139
1993 64.9128 67.4558
1994 64.9128 67.7588
1995 64.9128 67.7781
1996 64.9128 67.8316
1997 64.9128 67.8297
1998 64.9128 67.6994
1999 64.9128 67.6039
2000 64.9128 67.7566
