0 419.833 491.205
1 415.696 474.01
2 412.945 457.313
3 390.044 442.623
4 390.044 433.935
5 387.992 423.728
6 381.121 414.134
7 373.887 405.605
8 367.604 398.816
9 363.497 391.302
10 358.495 382.541
11 351.114 376.828
12 350.102 370.163
13 341.978 364.31
14 339.608 359.024
15 335.612 353.929
16 318.304 348.06
17 316.54 341.527
18 300.282 336.717
19 297.39 330.988
20 288.352 323.723
21 287.687 316.246
22 282.291 308.023
23 277.577 300.203
24 273.451 294.383
25 270.097 288.52
26 262.091 284.486
27 262.091 280.195
28 258.911 276.936
29 255.557 273.747
30 249.07 270.144
31 247.776 266.758
32 242.443 263.462
33 239.626 259.413
34 234.859 254.903
35 233.242 251.575
36 231.723 247.637
37 227.419 243.302
38 227.152 240.494
39 225.616 238.452
40 222.996 235.844
41 218.746 234.581
42 218.148 233.287
43 216.909 231.581
44 215.398 228.352
45 214.256 226.252
46 205.604 224.428
47 203.908 221.035
48 201.781 217.963
49 199.843 214.706
50 197.74 211.492
51 195.299 208.69
52 190.055 205.163
53 190.055 202.523
54 189.125 200.629
55 186.495 198.615
56 183.168 196.167
57 180.519 194.293
58 178.338 192.021
59 176.838 189.37
60 175.95 187.414
61 175.95 185.354
62 175.95 184.289
63 174.905 182.793
64 174.017 180.777
65 171.273 179.701
66 170.478 178.474
67 167.745 177.615
68 164.34 175.932
69 164.121 174.13
70 159.771 172.139
71 156.911 170.279
72 156.207 168.209
73 154.679 166.678
74 154.679 164.725
75 153.567 162.845
76 151.641 161.734
77 151.641 160.162
78 151.267 159.087
79 149.428 157.366
80 148.483 157.387
81 145.896 157.133
82 145.488 155.808
83 143.19 153.879
84 142.016 152.127
85 142.016 150.257
86 138.903 148.667
87 138.903 147.163
88 137.259 145.519
89 137.19 144.617
90 135.485 143.478
91 135.396 143.685
92 134.242 143.228
93 133.706 142.595
94 133.106 142.964
95 133.106 142.611
96 133.106 142.842
97 132.733 141.275
98 132.133 139.321
99 130.741 138.286
100 130.741 136.892
101 130.097 136.29
102 129.619 135.516
103 129.619 135.509
104 129.446 136.949
105 129.078 136.422
106 128.941 135.939
107 127.231 136.196
108 126.698 136.897
109 126.698 136.364
110 124.988 135.372
111 124.988 134.236
112 123.523 132.894
113 122.418 130.721
114 122.418 129.31
115 122.418 128.193
116 121.803 128.434
117 121.047 128.371
118 121.047 128.983
119 121.047 129.372
120 121.003 129.95
121 120.478 130.864
122 120.478 131.147
123 120.404 131.675
124 120.231 133.042
125 119.732 132.117
126 119.484 131.089
127 119.484 129.144
128 118.443 127.921
129 118.443 126.572
130 118.304 125.358
131 118.277 124.593
132 117.979 124.859
133 117.936 124.767
134 117.65 125.154
135 117.552 125.201
136 117.361 125.274
137 116.74 125.724
138 116.519 125.763
139 115.721 125.105
140 114.861 124.49
141 113.373 124.113
142 113.225 122.719
143 112.922 120.756
144 112.452 119.986
145 112.001 119.115
146 112.001 118.501
147 112.001 116.819
148 110.654 115.441
149 110.373 115.513
150 110.373 115.36
151 110.029 115.696
152 110.029 115.012
153 110.029 115.247
154 109.868 115.622
155 109.868 115.845
156 109.868 116.085
157 109.253 115.753
158 108.862 115.449
159 108.612 116.275
160 108.612 116.973
161 107.609 116.203
162 107.609 116.907
163 106.898 116.824
164 106.765 116.386
165 105.728 115.021
166 104.893 113.936
167 104.893 112.466
168 104.754 110.715
169 103.824 109.899
170 103.824 108.995
171 103.824 108.61
172 103.21 108.163
173 100.3 107.619
174 100.3 107.053
175 100.126 106.764
176 100.126 106.056
177 100.126 104.871
178 100.044 104.597
179 99.7932 104.674
180 98.8708 104.041
181 98.8708 104.279
182 98.8708 104.509
183 98.8708 105.845
184 98.8708 106.19
185 98.4766 107.407
186 98.4766 108.053
187 98.4766 108.331
188 98.4766 107.448
189 98.3828 106.508
190 98.3828 107.325
191 97.2208 105.639
192 97.127 104.938
193 96.3924 104.245
194 96.3924 103.357
195 96.3924 102.154
196 96.3924 102.484
197 96.3684 100.972
198 95.5829 100.491
199 95.5829 100.519
200 90.0502 99.8821
201 90.0502 99.2917
202 90.0502 99.4065
203 90.0502 100.321
204 90.0502 99.8362
205 89.4589 98.945
206 89.4589 98.913
207 89.4589 98.3239
208 89.4589 97.17
209 89.0683 95.7195
210 88.5323 95.817
211 88.3409 96.0742
212 88.3409 94.9315
213 88.3409 94.8022
214 88.3409 94.5988
215 88.3409 94.535
216 88.3409 93.4692
217 88.1134 93.1286
218 87.9964 92.2151
219 87.2567 92.2219
220 87.2567 92.0376
221 87.0291 91.5845
222 86.1747 92.1017
223 86.1747 92.5078
224 86.1747 91.9472
225 86.1747 92.6087
226 86.1747 93.5251
227 86.1747 95.1914
228 86.1747 95.8706
229 86.1747 96.0947
230 86.1747 96.1132
231 86.1747 95.6495
232 86.1747 95.4905
233 85.13 93.0728
234 84.9789 92.391
235 84.9789 91.3118
236 84.9789 90.9082
237 84.6771 90.6297
238 83.8285 89.0569
239 83.5267 88.7718
240 82.6365 88.1956
241 82.6365 87.6308
242 82.6365 86.8514
243 82.5961 87.871
244 82.5961 87.8929
245 82.2943 87.3499
246 82.2943 87.1507
247 82.2943 86.9636
248 82.2892 86.9083
249 82.2235 86.4692
250 82.2184 86.2595
251 81.6681 85.7921
252 81.6681 85.2706
253 81.6681 86.7107
254 81.6681 86.4952
255 81.6681 86.4032
256 81.6681 86.6549
257 81.6681 86.3784
258 81.6681 86.1414
259 81.318 86.3119
260 81.318 86.3902
261 80.5979 86.1732
262 80.5979 86.1906
263 80.2478 85.1058
264 80.2478 85.0263
265 80.1582 84.4491
266 80.1582 83.8002
267 80.1582 83.6707
268 79.3987 83.9216
269 79.3987 83.5201
270 79.3987 82.6274
271 79.3987 82.111
272 79.3987 82.2162
273 79.3987 82.6299
274 79.3987 82.3072
275 79.3987 82.5881
276 78.9606 82.2876
277 78.9606 82.4134
278 78.5485 82.0934
279 78.2238 82.0027
280 78.2238 82.4465
281 78.2238 82.2498
282 78.0717 81.6514
283 77.8643 81.594
284 77.8643 81.3799
285 77.7122 82.1581
286 77.7122 81.9481
287 77.7122 82.3508
288 77.7122 81.9174
289 77.7122 80.8133
290 77.5101 81.1306
291 77.358 81.2369
292 77.358 80.5314
293 77.358 80.2493
294 77.358 79.8457
295 77.358 80.0697
296 76.9885 79.7138
297 76.9885 79.6281
298 76.9592 79.8759
299 76.9592 79.5339
300 76.9592 79.7264
301 76.9592 78.9949
302 76.9592 79.2556
303 76.444 79.538
304 76.444 79.7753
305 76.444 79.5814
306 76.444 79.2182
307 76.444 79.132
308 76.4119 78.8688
309 76.1556 79.5812
310 76.1556 79.7679
311 76.1234 79.3968
312 76.1234 79.0467
313 76.1234 79.0559
314 76.1234 78.608
315 76.1234 78.3555
316 76.1234 78.3707
317 75.1323 78.4354
318 75.1323 78.4303
319 74.5692 78.3257
320 74.5692 78.191
321 74.5692 77.5632
322 74.5692 77.575
323 74.1725 77.7119
324 74.1725 77.7966
325 74.054 77.5876
326 74.054 77.4101
327 73.6573 77.5717
328 73.6573 77.3962
329 73.6573 76.8219
330 73.6573 76.3977
331 73.6573 77.1531
332 73.6573 76.8746
333 73.6573 76.7771
334 73.6573 77.2138
335 73.6573 76.661
336 73.6573 76.0107
337 73.6573 76.1171
338 73.6573 76.1927
339 73.6573 75.9508
340 73.6573 76.2256
341 73.6573 76.8277
342 73.6518 76.3971
343 73.6518 76.009
344 73.6518 76.5533
345 72.8307 76.0694
346 72.8252 76.2136
347 72.8252 75.9832
348 72.8252 75.9654
349 72.8252 75.9968
350 72.8252 75.8791
351 72.8252 75.9087
352 72.8252 75.837
353 72.8252 75.7377
354 72.8252 75.8234
355 72.6742 75.8201
356 72.6742 75.9067
357 72.6742 76.8225
358 72.6742 76.0674
359 72.6742 76.0491
360 72.6742 75.9272
361 72.6742 76.1411
362 72.6742 76.0397
363 72.6742 76.2867
364 72.6742 75.358
365 72.6742 74.628
366 72.6742 74.9532
367 72.6742 75.2094
368 72.6742 75.1463
369 72.6742 75.5117
370 72.6742 75.4806
371 72.6742 75.1102
372 72.6742 74.6777
373 72.6742 74.9041
374 72.6742 74.9201
375 72.6742 75.1143
376 72.6742 75.2547
377 72.6742 75.2351
378 72.6742 74.9736
379 72.6742 75.1996
380 72.6742 75.1416
381 72.6742 75.4798
382 72.6742 76.3314
383 72.5197 76.6406
384 72.5197 76.1535
385 72.5197 75.9044
386 72.5197 75.2801
387 72.5197 75.0059
388 72.5197 75.2778
389 72.5197 75.2616
390 72.5197 74.861
391 72.5197 74.9434
392 72.5197 75.1947
393 72.5197 75.5261
394 72.5197 76.1194
395 72.5197 75.6659
396 72.5197 76.7221
397 72.5197 76.9325
398 72.5197 76.5558
399 72.5197 76.3707
400 72.5197 75.8609
401 72.0235 75.6797
402 72.0235 74.928
403 72.0235 75.2622
404 72.0235 75.2018
405 71.9688 74.5832
406 71.9688 74.5206
407 71.9688 74.3412
408 71.6278 74.6939
409 71.6278 74.4547
410 71.5731 74.6205
411 71.5731 74.7023
412 71.5731 74.67
413 71.5731 75.1145
414 71.2623 74.3641
415 70.983 73.9447
416 70.6722 74.4486
417 70.6722 73.6751
418 70.6722 73.7669
419 70.6722 73.4391
420 70.6722 73.2187
421 70.6722 73.1626
422 70.6722 73.5754
423 70.6722 73.141
424 70.6722 72.8512
425 70.6722 73.7481
426 70.6722 73.8356
427 70.6722 73.5214
428 70.6722 72.7377
429 70.6722 72.8131
430 70.6722 72.8995
431 70.6722 73.1554
432 70.6722 73.1503
433 70.6722 73.1586
434 70.6285 73.0187
435 70.6285 73.0912
436 70.6285 73.4977
437 70.6285 73.4087
438 70.5386 73.3994
439 70.5386 73.9539
440 70.5386 74.4539
441 70.5386 75.5621
442 70.5386 75.2082
443 70.4947 74.6017
444 70.4947 74.1092
445 70.4947 73.9371
446 70.4947 73.4843
447 70.4947 73.7654
448 70.4947 72.9351
449 70.4947 72.7083
450 70.4947 72.858
451 70.4947 73.1927
452 70.4947 72.7666
453 70.4947 72.7903
454 70.4947 73.4992
455 70.4947 73.5063
456 70.4154 73.5251
457 70.4154 73.4413
458 70.4154 73.8726
459 70.4154 73.453
460 70.0928 73.5499
461 70.0928 73.645
462 70.0928 72.9605
463 69.5365 73.1645
464 69.5365 72.8523
465 69.5365 72.3998
466 69.5365 72.2815
467 69.5365 72.9869
468 69.5365 73.0935
469 69.5365 72.4245
470 69.5365 72.0779
471 69.5365 72.4785
472 69.0843 72.5745
473 69.0843 72.7346
474 69.0843 72.4349
475 69.0843 71.5624
476 69.0843 71.6001
477 69.0843 71.7466
478 69.0843 72.0404
479 69.0843 71.4897
480 69.0843 71.6687
481 69.0843 71.729
482 69.0843 71.4137
483 69.0843 71.1738
484 69.0843 71.3779
485 69.0843 71.4283
486 69.0843 71.537
487 68.894 71.5838
488 68.894 70.8093
489 68.5728 70.5648
490 68.5728 70.8168
491 68.5728 70.8305
492 68.5728 71.3413
493 68.5728 72.0053
494 68.5728 72.2508
495 68.5728 71.6383
496 68.5728 71.4914
497 68.5728 71.0657
498 68.5728 71.3488
499 68.5728 72.0018
500 68.5728 71.852
501 68.5728 72.1969
502 68.5728 72.7762
503 68.5728 73.0728
504 68.5728 72.1943
505 68.5547 72.1973
506 68.5547 71.659
507 68.5547 71.0811
508 68.5547 71.113
509 68.5547 71.348
510 68.5547 71.0411
511 68.5547 71.1286
512 68.4257 71.7829
513 68.4257 70.933
514 68.4257 71.3639
515 68.2855 71.5613
516 68.2855 71.4972
517 68.2855 71.3637
518 68.2855 71.057
519 68.2855 71.2162
520 68.2855 70.5029
521 68.2855 70.967
522 68.2855 70.5593
523 68.2855 71.1682
524 68.2855 71.2185
525 68.2855 71.5085
526 68.2855 71.3759
527 68.2855 71.246
528 68.2855 70.996
529 68.2855 70.6715
530 68.2855 70.9238
531 68.2855 71.1885
532 68.2855 70.9947
533 68.2855 71.0868
534 68.2855 70.8925
535 68.2855 70.9217
536 68.2855 70.8153
537 68.2855 70.8661
538 68.2855 71.1567
539 68.2855 70.6829
540 68.2855 69.955
541 68.2855 70.1124
542 68.2855 70.1844
543 68.2855 70.761
544 68.0151 70.7048
545 68.0151 71.7736
546 68.0151 71.5537
547 68.0151 71.7711
548 68.0151 70.3197
549 68.0151 70.9221
550 68.0151 71.176
551 68.0151 71.258
552 68.0151 70.5941
553 68.0151 70.2014
554 68.0151 70.7429
555 68.0151 71.2356
556 68.0151 71.1477
557 68.0151 71.0434
558 68.0151 70.2149
559 68.0151 70.7289
560 68.0151 70.917
561 68.0151 71.3548
562 68.0151 71.414
563 68.0151 71.5496
564 68.0151 71.0513
565 68.0151 71.1577
566 68.0151 70.5505
567 68.0151 69.6605
568 68.0151 69.5464
569 68.0151 69.9739
570 68.0151 69.8261
571 68.0151 70.0404
572 68.0151 70.2062
573 67.5615 70.272
574 67.5615 70.7632
575 67.5615 70.4554
576 67.5615 70.4873
577 67.5615 69.8681
578 67.5615 69.7163
579 67.5615 69.0053
580 67.2663 69.59
581 67.2663 70.0059
582 67.2663 70.5254
583 67.2663 70.4734
584 67.2663 70.6425
585 67.2663 71.336
586 67.2663 71.3945
587 67.2663 71.2616
588 67.2663 71.8544
589 67.2663 71.4439
590 67.2663 71.3355
591 67.2663 71.0249
592 67.2663 70.2736
593 67.2663 69.6389
594 67.2663 70.4059
595 67.2663 69.9763
596 67.2663 69.8487
597 67.2663 69.2824
598 67.2663 69.3395
599 67.2663 69.9186
600 66.614 69.6597
601 66.4557 70.5882
602 66.4557 70.5146
603 66.4557 70.6991
604 66.4557 71.1735
605 66.4557 70.7549
606 66.4557 70.0466
607 66.4557 70.4445
608 66.4557 69.9817
609 66.4557 69.9492
610 66.4557 69.6682
611 66.4557 69.4421
612 66.4557 69.7831
613 66.4557 69.9758
614 66.4557 69.7752
615 66.4557 69.4511
616 66.4557 69.2261
617 66.4557 69.3165
618 66.4557 68.9426
619 66.4557 69.7995
620 66.4557 68.929
621 66.4557 69.1926
622 66.4557 69.5324
623 66.4557 69.1145
624 66.4557 69.2347
625 66.4557 68.7477
626 66.4557 69.158
627 66.4557 69.748
628 66.1612 69.4886
629 66.1612 69.5652
630 66.1612 69.9906
631 66.1612 69.6997
632 66.1612 69.0258
633 66.1612 69.2862
634 66.1612 69.1081
635 66.1612 69.4614
636 66.1612 69.36
637 66.1612 68.9474
638 66.1612 68.8593
639 66.1612 69.5349
640 66.1612 69.5819
641 66.1612 69.4902
642 65.6248 69.9012
643 65.6248 69.3825
644 65.6248 69.2211
645 65.6248 69.1161
646 65.6248 69.2498
647 65.6248 69.3571
648 65.6248 69.45
649 65.6248 68.578
650 65.6248 68.31
651 65.6248 68.659
652 65.6248 68.6462
653 65.6248 68.9487
654 65.6248 68.4642
655 65.6248 68.2961
656 65.6248 68.8881
657 65.6248 69.1084
658 65.6248 68.6753
659 65.6248 68.8159
660 65.6248 68.2889
661 65.6248 68.5462
662 65.6248 68.9318
663 65.6248 69.1508
664 65.6248 68.9568
665 65.6248 69.4993
666 65.6248 69.2803
667 65.6248 69.309
668 65.6248 68.8816
669 65.6248 69.1258
670 65.6248 68.5289
671 65.6248 68.8273
672 65.6248 68.0856
673 65.6248 67.896
674 65.6248 68.286
675 65.6248 68.3856
676 65.6248 68.4612
677 65.6248 68.7208
678 65.6248 68.8887
679 65.6248 69.1778
680 65.6248 68.9977
681 65.6248 68.7312
682 65.6248 68.5574
683 65.6248 68.334
684 65.6248 68.5685
685 65.6248 68.2942
686 65.6248 69.0247
687 65.6248 69.1519
688 65.6248 68.3821
689 65.6248 68.6413
690 65.6248 69.0274
691 65.6248 69.2098
692 65.6248 69.5904
693 65.6248 69.0744
694 65.6248 68.3414
695 65.6248 68.455
696 65.6248 68.2011
697 65.6248 68.1299
698 65.6248 68.5338
699 65.6248 68.1332
700 65.6248 68.6242
701 65.6248 68.4287
702 65.6248 69.2951
703 65.6248 69.3325
704 65.6248 68.6312
705 65.6248 68.8865
706 65.6248 68.8686
707 65.6248 68.5034
708 65.6248 68.1992
709 65.6248 68.3677
710 65.6248 68.8424
711 65.6248 68.7777
712 65.6248 68.7795
713 65.6248 68.3347
714 65.6248 69.312
715 65.6248 68.6371
716 65.6248 68.523
717 65.6248 68.3658
718 65.6248 69.2714
719 65.6248 69.208
720 65.6248 69.3476
721 65.6248 69.2771
722 65.6248 68.9426
723 65.6248 68.7749
724 65.6248 69.1007
725 65.6248 69.0049
726 65.6248 68.8322
727 65.6248 69.2258
728 65.6248 68.874
729 65.6248 68.9817
730 65.6248 68.784
731 65.6248 69.1045
732 65.6248 69.1159
733 65.6248 68.5948
734 65.6248 68.7672
735 65.6248 68.3916
736 65.5343 69.106
737 65.5343 69.2464
738 65.5343 69.5535
739 65.5343 69.3831
740 65.5343 69.7707
741 65.5343 69.7994
742 65.5343 69.7018
743 65.5343 68.9761
744 65.5343 68.2085
745 65.5343 68.9089
746 65.5343 68.5057
747 65.5343 68.5111
748 65.5343 68.2963
749 65.5343 68.4874
750 65.5267 67.8349
751 65.5267 68.9397
752 65.5267 69.1841
753 65.321 68.7749
754 65.321 68.378
755 65.321 67.5983
756 65.321 67.7207
757 65.321 67.2599
758 65.321 67.0064
759 65.321 67.1449
760 65.321 67.2504
761 65.321 67.6458
762 65.321 67.3297
763 65.321 67.8651
764 65.321 68.0107
765 65.321 68.4192
766 65.321 67.8832
767 65.321 67.3729
768 65.321 67.5622
769 65.321 68.2901
770 65.321 68.4099
771 65.321 68.2132
772 65.321 67.9985
773 65.321 68.1635
774 65.321 67.9347
775 65.321 68.0873
776 65.321 68.0114
777 65.321 68.6517
778 65.321 68.3285
779 65.321 68.0758
780 65.321 68.6016
781 65.321 68.8374
782 65.321 68.4704
783 65.321 68.7371
784 65.321 68.8665
785 65.321 68.4431
786 65.321 68.2832
787 65.321 67.8276
788 65.321 67.6358
789 65.321 67.6564
790 65.321 68.0795
791 65.321 68.0855
792 65.321 67.9056
793 65.321 67.9302
794 65.321 68.2768
795 65.321 68.2697
796 65.321 67.7438
797 65.321 67.4053
798 65.321 67.7043
799 65.321 68.1979
800 65.321 68.34
801 65.321 67.7933
802 65.321 67.7556
803 65.321 67.5298
804 65.321 67.2712
805 65.321 67.8006
806 65.321 68.3631
807 65.321 67.6824
808 65.321 68.0189
809 65.321 68.6181
810 65.321 69.2743
811 65.321 68.536
812 65.321 67.9342
813 65.321 68.0018
814 65.321 68.2827
815 65.321 67.984
816 65.321 68.4115
817 65.321 69.1556
818 65.321 69.3875
819 65.321 69.1306
820 65.321 68.3361
821 65.321 68.1068
822 65.321 67.722
823 65.321 67.529
824 65.321 67.5055
825 65.321 67.8247
826 65.321 67.2967
827 65.321 67.4909
828 65.321 67.6208
829 65.321 68.2857
830 65.321 68.5377
831 65.321 69.1365
832 65.321 68.7564
833 65.321 68.7317
834 65.321 68.3603
835 65.321 67.9772
836 65.321 68.2458
837 65.321 69.2404
838 65.321 69.0628
839 65.321 69.0191
840 65.321 68.8661
841 65.321 67.7292
842 65.321 68.0416
843 65.321 68.6767
844 65.321 69.507
845 65.321 69.2333
846 65.321 68.6126
847 65.321 69.1267
848 65.321 69.2417
849 65.321 68.7281
850 65.321 68.2765
851 65.321 68.2738
852 65.321 68.0624
853 65.321 68.3104
854 65.321 68.1265
855 65.321 68.4167
856 65.321 68.227
857 65.321 68.2254
858 65.321 67.7591
859 65.321 67.9826
860 65.321 68.2565
861 65.321 67.4462
862 65.321 67.8134
863 65.321 67.8735
864 65.321 67.4824
865 65.321 67.5153
866 65.321 67.4973
867 65.321 67.9109
868 65.321 67.6774
869 65.321 67.6171
870 65.321 67.9364
871 65.321 67.6468
872 65.321 67.807
873 65.321 68.4821
874 65.321 67.7587
875 65.321 68.092
876 65.321 68.1001
877 65.321 67.8617
878 65.321 67.4903
879 65.321 68.1692
880 65.321 67.8926
881 65.321 67.8772
882 65.321 68.3269
883 65.321 68.1019
884 65.321 67.5289
885 65.321 67.7328
886 65.321 67.1671
887 65.321 67.642
888 65.321 67.6689
889 65.321 67.5279
890 65.321 68.0474
891 65.321 68.1517
892 65.321 68.5655
893 65.321 67.9649
894 65.321 68.1471
895 65.321 68.3322
896 65.321 68.2339
897 65.321 68.6216
898 65.321 68.9428
899 65.321 69.0505
900 65.321 68.3654
901 65.321 69.073
902 65.321 68.2104
903 65.321 68.1707
904 65.321 67.5195
905 65.321 67.3559
906 65.321 68.4615
907 65.321 68.6598
908 65.321 68.2792
909 65.321 68.1698
910 65.321 68.346
911 65.321 67.4947
912 65.321 68.0203
913 65.321 68.0891
914 65.321 68.1677
915 65.321 67.6194
916 65.321 67.6762
917 65.321 67.958
918 65.321 68.6396
919 65.321 68.8596
920 65.321 68.7252
921 65.321 68.9464
922 65.321 68.2763
923 65.321 67.5962
924 65.321 67.5916
925 65.321 67.3032
926 65.321 67.4684
927 65.321 67.9399
928 65.321 67.6038
929 65.321 67.4063
930 65.321 67.2932
931 65.321 67.9766
932 65.321 67.8823
933 65.321 67.9674
934 65.321 68.2079
935 65.321 68.514
936 65.3119 68.3126
937 65.3119 68.3874
938 65.3119 67.8698
939 65.3119 68.0434
940 65.3119 67.5463
941 65.3119 67.9745
942 65.3119 67.9361
943 65.3119 68.6544
944 65.3119 69.0184
945 65.3119 69.066
946 65.3119 68.7735
947 65.3119 68.9723
948 65.3119 68.8631
949 65.3119 68.5156
950 65.3119 68.1591
951 65.3119 68.1618
952 65.3119 68.1772
953 65.3119 68.0957
954 65.3119 68.1088
955 65.3119 67.5727
956 65.3119 67.6024
957 65.3119 67.7364
958 65.3119 67.6277
959 65.3119 67.6905
960 65.3119 68.3211
961 65.3119 68.383
962 65.3119 68.0547
963 65.3119 67.991
964 65.3119 67.4013
965 65.3119 67.8453
966 65.3119 67.5038
967 65.3119 67.7636
968 65.3119 67.9695
969 65.3119 67.6312
970 65.3119 67.8139
971 65.3119 68.0032
972 65.3119 68.3188
973 65.3119 67.8028
974 65.3119 67.2888
975 65.3119 67.6315
976 65.3119 68.0664
977 65.3119 68.08
978 65.3119 68.5615
979 65.3119 68.7551
980 65.3119 67.941
981 65.3119 67.9827
982 65.3119 68.1292
983 65.3119 68.3938
984 65.3119 68.3029
985 65.3119 67.9801
986 65.3119 68.3653
987 65.3119 67.8044
988 65.3119 68.3089
989 65.3119 68.2969
990 65.3119 68.5386
991 65.3119 69.3524
992 65.3119 69.0576
993 65.3119 68.7851
994 65.3119 69.1033
995 65.3119 68.7382
996 65.3119 68.4743
997 65.3119 68.817
998 65.3119 68.8496
999 65.3119 68.2581
1000 65.3119 67.5794
1001 65.3119 67.6427
1002 65.3119 67.8184
1003 65.3119 68.0883
1004 65.3119 68.3922
1005 65.3119 68.8027
1006 65.3119 68.2402
1007 65.3119 68.3226
1008 65.3119 68.2054
1009 65.3119 68.0069
1010 65.3119 68.1938
1011 65.3119 68.1141
1012 65.3119 68.2216
1013 65.3119 68.1803
1014 65.3119 67.8849
1015 65.3119 68.043
1016 65.3119 68.4524
1017 65.3119 67.5979
1018 65.3119 67.4633
1019 65.3119 67.7495
1020 65.3119 68.1064
1021 65.3119 67.8596
1022 65.3119 68.0893
1023 65.3119 69.0101
1024 65.3119 68.3457
1025 65.3119 67.9326
1026 65.3119 67.8044
1027 65.3119 67.858
1028 65.3119 68.2487
1029 65.3119 67.6615
1030 65.3119 67.8024
1031 65.3119 67.9175
1032 65.3119 69.0307
1033 65.3119 69.1038
1034 65.3119 68.9018
1035 65.3119 67.9044
1036 65.3119 67.5005
1037 65.3119 67.7215
1038 65.3119 69.1548
1039 65.3119 68.9042
1040 65.3119 68.2767
1041 65.3119 67.8833
1042 65.3119 67.7583
1043 65.3119 68.1399
1044 65.3119 67.6048
1045 65.3119 67.289
1046 65.3119 67.5359
1047 65.3119 67.4498
1048 65.3119 67.7025
1049 65.3119 67.6715
1050 65.3119 67.6126
1051 65.3119 67.8699
1052 65.3119 67.6751
1053 65.3119 68.0171
1054 65.3119 67.694
1055 65.3119 67.6432
1056 65.3119 68.3253
1057 65.3119 68.5667
1058 65.3119 68.4812
1059 65.3119 68.0973
1060 65.3119 67.6299
1061 65.3119 67.6247
1062 65.3119 67.6979
1063 65.3119 67.7037
1064 65.3119 67.8591
1065 65.3119 68.2448
1066 65.3119 67.2884
1067 65.3119 67.6059
1068 65.3119 67.893
1069 65.3119 67.8582
1070 65.3119 67.6688
1071 65.3119 68.4081
1072 65.3119 68.1195
1073 65.3119 68.0252
1074 65.3119 68.2373
1075 65.3119 67.5921
1076 65.3119 67.3498
1077 65.3119 67.1091
1078 65.3119 67.4947
1079 65.3119 67.0067
1080 65.3119 67.2559
1081 65.3119 67.9231
1082 65.3119 68.0462
1083 65.3119 68.0649
1084 65.3119 68.2845
1085 65.3119 68.6827
1086 65.3119 68.5864
1087 65.3119 68.3676
1088 65.3119 68.2187
1089 65.3119 68.6779
1090 65.3119 68.5039
1091 65.3119 68.3036
1092 65.3119 68.519
1093 65.3119 68.3846
1094 65.3119 68.3507
1095 65.3119 68.1614
1096 65.3119 68.7757
1097 65.3119 68.7231
1098 65.3119 68.219
1099 65.3119 68.8304
1100 65.3119 68.8101
1101 65.3119 69.042
1102 65.3119 68.4993
1103 65.3119 67.9763
1104 65.3119 68.2646
1105 65.3119 67.9804
1106 65.3119 67.5572
1107 65.3119 68.1647
1108 65.3119 68.2211
1109 65.3119 67.6228
1110 65.3119 67.5036
1111 65.3119 67.9698
1112 65.3119 67.9207
1113 65.3119 67.395
1114 65.3119 67.3968
1115 65.3119 67.8627
1116 65.3119 67.674
1117 65.3119 67.4678
1118 65.3119 67.7148
1119 65.3119 68.3282
1120 65.3119 67.9796
1121 65.3119 67.6758
1122 65.3119 68.0613
1123 65.3119 68.7103
1124 65.3119 68.7255
1125 65.3119 68.7339
1126 65.3119 69.2115
1127 65.3119 69.3108
1128 65.3119 68.761
1129 65.3119 68.7763
1130 65.3119 68.4737
1131 65.3119 68.5101
1132 65.3119 68.4494
1133 65.3119 68.2392
1134 65.3119 67.9235
1135 65.3119 67.7118
1136 65.3119 68.2034
1137 65.3119 67.9715
1138 65.3119 68.369
1139 65.3119 68.6024
1140 65.3119 68.1672
1141 65.3119 68.3522
1142 65.3119 68.6788
1143 65.3119 68.5875
1144 65.3119 67.9194
1145 65.3119 68.9982
1146 65.3119 69.0713
1147 65.3119 69.2124
1148 65.3119 68.4925
1149 65.3119 67.8081
1150 65.3119 68.0679
1151 65.3119 68.3979
1152 65.3119 69.4397
1153 65.3119 69.1334
1154 65.3119 68.6974
1155 65.3119 68.3906
1156 65.3119 68.3595
1157 65.3119 68.4045
1158 65.3119 68.5094
1159 65.3119 68.7787
1160 65.3119 69.1125
1161 65.3119 68.4135
1162 65.3119 68.2675
1163 65.3119 67.997
1164 65.3119 67.7468
1165 65.3119 67.7427
1166 65.3119 68.0808
1167 65.3119 68.2572
1168 65.3119 68.5397
1169 65.3119 68.4802
1170 65.3119 67.9128
1171 65.3119 68.9129
1172 65.3119 68.5562
1173 65.3119 68.122
1174 65.3119 67.7714
1175 65.3119 67.8037
1176 65.3119 68.1125
1177 65.3119 68.6309
1178 65.3119 68.5186
1179 65.3119 68.3668
1180 65.3119 68.5212
1181 65.3119 69.1868
1182 65.3119 68.2355
1183 65.3119 69.2007
1184 65.3119 69.2621
1185 65.3119 68.4001
1186 65.3119 68.3077
1187 65.3119 68.5199
1188 65.3119 68.0847
1189 65.3119 67.9377
1190 65.3119 68.0051
1191 65.3119 67.8878
1192 65.3119 67.697
1193 65.3119 66.9911
1194 65.3119 67.627
1195 65.3119 67.6684
1196 65.3119 68.3607
1197 65.3119 68.4054
1198 65.3119 68.4843
1199 65.3119 69.0476
1200 65.3119 68.7551
1201 65.3119 69.3472
1202 65.3119 68.684
1203 65.3119 68.4899
1204 65.3119 68.193
1205 65.3119 68.2552
1206 65.3119 67.7355
1207 65.3119 67.2933
1208 65.3119 67.3565
1209 65.3119 68.0928
1210 65.3119 67.9793
1211 65.3119 67.9173
1212 65.3119 67.3273
1213 65.3119 68.8079
1214 65.3119 67.8603
1215 65.3119 67.663
1216 65.3119 67.4616
1217 65.3119 67.6405
1218 65.3119 67.6111
1219 65.3119 67.9151
1220 65.3119 67.5856
1221 65.3119 67.076
1222 65.3119 68.0631
1223 65.3119 67.5943
1224 65.3119 68.201
1225 65.3119 68.5274
1226 65.3119 68.4654
1227 65.3119 68.5089
1228 65.3119 68.2936
1229 65.3119 68.4535
1230 65.3119 68.157
1231 65.3119 68.2447
1232 65.3119 68.0167
1233 65.3119 68.3129
1234 65.3119 68.1067
1235 65.3119 68.2509
1236 65.3119 67.7047
1237 65.3119 67.115
1238 65.3119 66.9601
1239 65.3119 67.6147
1240 65.3119 67.7602
1241 65.3119 67.7591
1242 65.3119 68.7072
1243 65.3119 68.6395
1244 65.3119 68.0274
1245 65.3119 68.4209
1246 65.3119 68.424
1247 65.3119 68.3976
1248 65.3119 68.5056
1249 65.3119 68.6959
1250 65.3119 69.0406
1251 65.3119 68.6955
1252 65.3119 69.0405
1253 65.3119 69.0527
1254 65.3119 69.0938
1255 65.3119 69.0042
1256 65.3119 68.7462
1257 65.3119 68.4444
1258 65.3119 67.9114
1259 65.3119 68.2421
1260 65.3119 68.3732
1261 65.3119 68.6145
1262 65.3119 68.4977
1263 65.3119 67.7752
1264 65.3119 68.0533
1265 65.3119 67.8752
1266 65.3119 67.924
1267 65.3119 68.1954
1268 65.3119 68.1372
1269 65.3119 68.5567
1270 65.3119 69.2355
1271 65.3119 68.5272
1272 65.3119 68.6551
1273 65.3119 68.6215
1274 65.3119 68.7843
1275 65.3119 68.1283
1276 65.3119 68.196
1277 65.3119 68.1591
1278 65.3119 68.4366
1279 65.3119 68.8617
1280 65.3119 68.1274
1281 65.3119 67.8594
1282 65.3119 68.2588
1283 65.3119 67.6409
1284 65.3119 67.9481
1285 65.3119 68.0191
1286 65.3119 67.6833
1287 65.3119 68.4672
1288 65.3119 68.259
1289 65.3119 67.3061
1290 65.3119 69.1278
1291 65.3119 69.0766
1292 65.3119 68.2656
1293 65.3119 67.8237
1294 65.3119 67.7736
1295 65.3119 67.4974
1296 65.3119 67.3547
1297 65.3119 67.2484
1298 65.3119 67.2206
1299 65.3119 67.082
1300 65.3119 67.733
1301 65.3119 68.4819
1302 65.3119 68.2435
1303 65.3119 68.2317
1304 65.3119 67.7834
1305 65.3119 67.7431
1306 65.3119 67.8203
1307 65.3119 67.84
1308 65.3119 67.7019
1309 65.3119 68.3116
1310 65.3119 67.4196
1311 65.3119 68.0425
1312 65.3119 67.7341
1313 65.3119 67.7275
1314 65.3119 67.5469
1315 65.3119 68.1472
1316 65.3119 68.8997
1317 65.3119 69.1167
1318 65.3119 68.2419
1319 65.3119 68.0935
1320 65.3119 67.6934
1321 65.3119 68.5525
1322 65.3119 67.796
1323 65.3119 67.7414
1324 65.3119 67.2973
1325 65.3119 67.377
1326 65.3119 67.0626
1327 65.3119 67.4331
1328 65.3119 67.7678
1329 65.3119 67.3099
1330 65.3119 67.679
1331 65.3119 67.2944
1332 65.3119 67.2983
1333 65.3119 66.7632
1334 65.3119 67.1335
1335 65.3119 67.0083
1336 65.3119 67.4772
1337 65.3119 67.4087
1338 65.3119 67.2346
1339 65.3119 67.3422
1340 65.3119 67.4394
1341 65.3119 67.936
1342 65.3119 68.1275
1343 65.3119 68.3662
1344 65.3119 67.7809
1345 65.3119 68.3594
1346 65.3119 69.2129
1347 65.3119 69.1988
1348 65.3119 69.0471
1349 65.3119 68.8964
1350 65.3119 68.6867
1351 65.3119 69.0207
1352 65.3119 69.1884
1353 65.3119 68.5546
1354 65.3119 68.1225
1355 65.3119 67.9362
1356 65.3119 67.6419
1357 65.3119 68.0235
1358 65.3119 67.6457
1359 65.3119 67.6622
1360 65.3119 67.264
1361 65.3119 67.9053
1362 65.3119 67.4696
1363 65.3119 67.5646
1364 65.3119 67.8725
1365 65.3119 68.0433
1366 65.3119 68.8041
1367 65.3119 68.7011
1368 65.3119 68.6269
1369 65.3119 68.2469
1370 65.3119 67.9385
1371 65.3119 68.2223
1372 65.3119 67.8745
1373 65.3119 67.5336
1374 65.3119 67.2952
1375 65.3119 68.293
1376 65.3119 68.2052
1377 65.3119 68.2684
1378 65.3119 68.2352
1379 65.3119 67.7914
1380 65.3119 68.9455
1381 65.3119 68.1404
1382 65.3119 68.3163
1383 65.3119 68.1191
1384 65.3119 68.0745
1385 65.3119 68.228
1386 65.3119 68.4052
1387 65.3119 68.6557
1388 65.3119 68.1165
1389 65.3119 68.6192
1390 65.3119 69.0063
1391 65.3119 68.4617
1392 65.3119 68.6421
1393 65.3119 68.921
1394 65.3119 68.4909
1395 65.3119 68.818
1396 65.3119 68.0845
1397 65.3119 68.1057
1398 65.3119 67.7022
1399 65.3119 67.8058
1400 64.9522 67.9223
1401 64.9522 68.2638
1402 64.9522 68.5618
1403 64.9522 67.9343
1404 64.9522 67.0696
1405 64.9522 67.2888
1406 64.9522 67.7872
1407 64.9522 67.8854
1408 64.9522 66.9397
1409 64.9522 67.5851
1410 64.9522 66.9342
1411 64.9522 66.7993
1412 64.9522 66.6637
1413 64.9522 66.7216
1414 64.9522 67.1657
1415 64.9522 67.7456
1416 64.9522 67.571
1417 64.9522 67.4459
1418 64.9522 66.9869
1419 64.9522 67.685
1420 64.9522 67.454
1421 64.9522 67.9713
1422 64.9522 68.3544
1423 64.9522 68.1304
1424 64.9522 67.8564
1425 64.9522 67.9332
1426 64.9522 67.8742
1427 64.9522 68.3274
1428 64.9522 68.123
1429 64.9522 68.2821
1430 64.9522 68.7738
1431 64.9522 68.4954
1432 64.9522 68.7431
1433 64.9522 68.1274
1434 64.9522 67.5977
1435 64.9522 67.4416
1436 64.9522 67.7369
1437 64.9522 68.1531
1438 64.9522 68.3404
1439 64.9522 68.6685
1440 64.9522 68.3073
1441 64.9522 67.8591
1442 64.9522 67.4936
1443 64.9522 67.4202
1444 64.9522 67.6992
1445 64.9522 67.6423
1446 64.9522 68.4528
1447 64.9522 68.7116
1448 64.9522 68.1778
1449 64.9522 68.4189
1450 64.9522 67.9791
1451 64.9522 68.1232
1452 64.9522 67.8815
1453 64.9522 68.0389
1454 64.9522 68.1703
1455 64.9522 68.0058
1456 64.9522 67.9236
1457 64.9522 67.9997
1458 64.9522 68.1194
1459 64.9522 67.288
1460 64.9522 67.3828
1461 64.9522 67.3055
1462 64.9522 67.6444
1463 64.9522 67.9789
1464 64.9522 67.8882
1465 64.9522 67.9064
1466 64.9522 67.7614
1467 64.9522 67.7179
1468 64.9522 67.8609
1469 64.9522 67.975
1470 64.9522 68.0067
1471 64.9522 67.4936
1472 64.9522 67.0011
1473 64.9522 67.6989
1474 64.9522 68.109
1475 64.9522 68.231
1476 64.9522 67.8638
1477 64.9522 66.818
1478 64.9522 66.9957
1479 64.9522 67.3984
1480 64.9522 67.9072
1481 64.9522 67.8548
1482 64.9522 68.0457
1483 64.9522 67.9096
1484 64.9522 67.4362
1485 64.9522 68.04
1486 64.9522 67.5623
1487 64.9522 67.3207
1488 64.9522 67.5222
1489 64.9522 67.6614
1490 64.9522 68.0614
1491 64.9522 67.7171
1492 64.9522 68.2351
1493 64.9522 68.3143
1494 64.9522 67.4546
1495 64.9522 67.7817
1496 64.9522 67.8961
1497 64.9522 67.8403
1498 64.9522 67.9245
1499 64.9522 68.0941
1500 64.9522 67.7822
1501 64.9128 68.3684
1502 64.9128 68.1048
1503 64.9128 68.6417
1504 64.9128 68.4113
1505 64.9128 68.5773
1506 64.9128 68.7768
1507 64.9128 68.8581
1508 64.9128 68.5562
1509 64.9128 68.4177
1510 64.9128 68.0264
1511 64.9128 67.1757
1512 64.9128 67.7081
1513 64.9128 67.826
1514 64.9128 68.1403
1515 64.9128 67.7997
1516 64.9128 68.0062
1517 64.9128 68.2792
1518 64.9128 68.0529
1519 64.9128 67.9269
1520 64.9128 67.4587
1521 64.9128 67.5868
1522 64.9128 67.7283
1523 64.9128 68.2639
1524 64.9128 67.3514
1525 64.9128 67.4188
1526 64.9128 67.4701
1527 64.9128 67.3338
1528 64.9128 67.6768
1529 64.9128 67.2714
1530 64.9128 67.454
1531 64.9128 67.3113
1532 64.9128 68.302
1533 64.9128 67.9987
1534 64.9128 68.2892
1535 64.9128 68.0887
1536 64.9128 67.9679
1537 64.9128 68.2696
1538 64.9128 68.3245
1539 64.9128 67.5251
1540 64.9128 67.5945
1541 64.9128 67.9379
1542 64.9128 67.3004
1543 64.9128 67.361
1544 64.9128 67.6559
1545 64.9128 68.0136
1546 64.9128 68.5457
1547 64.9128 67.8617
1548 64.9128 68.7313
1549 64.9128 68.537
1550 64.9128 67.8677
1551 64.9128 68.2163
1552 64.9128 68.3371
1553 64.9128 67.8062
1554 64.9128 68.1872
1555 64.9128 67.984
1556 64.9128 67.7338
1557 64.9128 68.0388
1558 64.9128 68.3275
1559 64.9128 68.5067
1560 64.9128 68.2034
1561 64.9128 67.8805
1562 64.9128 68.2101
1563 64.9128 68.608
1564 64.9128 68.1842
1565 64.9128 67.288
1566 64.9128 67.2429
1567 64.9128 67.2133
1568 64.9128 67.4662
1569 64.9128 67.8036
1570 64.9128 68.1535
1571 64.9128 68.2737
1572 64.9128 67.8338
1573 64.9128 67.6341
1574 64.9128 67.8075
1575 64.9128 68.2126
1576 64.9128 68.2963
1577 64.9128 67.7659
1578 64.9128 67.5509
1579 64.9128 67.8508
1580 64.9128 68.0751
1581 64.9128 68.4762
1582 64.9128 68.6654
1583 64.9128 68.784
1584 64.9128 67.935
1585 64.9128 67.476
1586 64.9128 67.6026
1587 64.9128 67.4315
1588 64.9128 68.1323
1589 64.9128 67.7576
1590 64.9128 67.5653
1591 64.9128 67.7699
1592 64.9128 67.7105
1593 64.9128 67.1807
1594 64.9128 67.5311
1595 64.9128 67.0512
1596 64.9128 67.6028
1597 64.9128 67.0488
1598 64.9128 67.0292
1599 64.9128 67.7099
1600 64.9128 68.4652
1601 64.9128 68.0259
1602 64.9128 68.3406
1603 64.9128 68.5816
1604 64.9128 68.0248
1605 64.9128 67.8381
1606 64.9128 68.1632
1607 64.9128 67.6171
1608 64.9128 67.9808
1609 64.9128 68.5884
1610 64.9128 67.6218
1611 64.9128 68.1183
1612 64.9128 68.3379
1613 64.9128 67.7475
1614 64.9128 68.3981
1615 64.9128 68.2224
1616 64.9128 67.6536
1617 64.9128 67.5318
1618 64.9128 68.2869
1619 64.9128 68.1764
1620 64.9128 68.0998
1621 64.9128 67.2524
1622 64.9128 67.7695
1623 64.9128 67.3892
1624 64.9128 67.0146
1625 64.9128 66.8972
1626 64.9128 67.46
1627 64.9128 67.084
1628 64.9128 67.1054
1629 64.9128 67.2095
1630 64.9128 67.2037
1631 64.9128 67.7431
1632 64.9128 67.5315
1633 64.9128 67.4644
1634 64.9128 67.2096
1635 64.9128 68.0344
1636 64.9128 67.3859
1637 64.9128 67.2183
1638 64.9128 67.0192
1639 64.9128 67.4602
1640 64.9128 67.2241
1641 64.9128 67.4123
1642 64.9128 67.8847
1643 64.9128 68.0479
1644 64.9128 67.9829
1645 64.9128 67.729
1646 64.9128 67.9818
1647 64.9128 67.9377
1648 64.9128 67.9113
1649 64.9128 68.3991
1650 64.9128 67.7183
1651 64.9128 67.4869
1652 64.9128 67.294
1653 64.9128 67.4613
1654 64.9128 67.243
1655 64.9128 67.4052
1656 64.9128 67.2847
1657 64.9128 67.5746
1658 64.9128 68.0549
1659 64.9128 68.144
1660 64.9128 68.3797
1661 64.9128 68.9677
1662 64.9128 67.9843
1663 64.9128 67.4685
1664 64.9128 67.9448
1665 64.9128 67.3842
1666 64.9128 67.2567
1667 64.9128 67.0323
1668 64.9128 67.3496
1669 64.9128 67.1742
1670 64.9128 67.5221
1671 64.9128 66.9568
1672 64.9128 67.3105
1673 64.9128 67.5594
1674 64.9128 68.0693
1675 64.9128 67.8948
1676 64.9128 68.4004
1677 64.9128 68.2842
1678 64.9128 67.6959
1679 64.9128 68.0187
1680 64.9128 68.5052
1681 64.9128 68.1334
1682 64.9128 68.0092
1683 64.9128 68.1569
1684 64.9128 68.5899
1685 64.9128 68.4744
1686 64.9128 67.8458
1687 64.9128 67.7321
1688 64.9128 67.7606
1689 64.9128 67.6492
1690 64.9128 67.2764
1691 64.9128 67.4363
1692 64.9128 67.5333
1693 64.9128 67.7543
1694 64.9128 68.0652
1695 64.9128 67.1465
1696 64.9128 67.7888
1697 64.9128 67.8794
1698 64.9128 67.4649
1699 64.9128 67.442
1700 64.9128 67.7312
1701 64.9128 67.4967
1702 64.9128 66.9545
1703 64.9128 67.242
1704 64.9128 66.9895
1705 64.9128 67.3222
1706 64.9128 67.0024
1707 64.9128 66.9181
1708 64.9128 67.404
1709 64.9128 67.1086
1710 64.9128 67.4104
1711 64.9128 66.9227
1712 64.9128 67.4226
1713 64.9128 67.8949
1714 64.9128 67.1448
1715 64.9128 67.5847
1716 64.9128 67.76
1717 64.9128 67.8655
1718 64.9128 67.3132
1719 64.9128 68.2602
1720 64.9128 68.4043
1721 64.9128 68.2131
1722 64.9128 67.7946
1723 64.9128 67.5932
1724 64.9128 67.641
1725 64.9128 67.6512
1726 64.9128 68.4119
1727 64.9128 67.5404
1728 64.9128 67.5387
1729 64.9128 67.5016
1730 64.9128 67.2653
1731 64.9128 68.2206
1732 64.9128 67.882
1733 64.9128 68.193
1734 64.9128 67.7595
1735 64.9128 68.7006
1736 64.9128 68.831
1737 64.9128 69.7767
1738 64.9128 69.3633
1739 64.9128 68.8764
1740 64.9128 68.4736
1741 64.9128 68.3955
1742 64.9128 68.8093
1743 64.9128 68.5952
1744 64.9128 67.7542
1745 64.9128 67.9577
1746 64.9128 67.7663
1747 64.9128 68.249
1748 64.9128 68.0827
1749 64.9128 68.0254
1750 64.9128 68.2388
1751 64.9128 67.4621
1752 64.9128 67.784
1753 64.9128 67.4619
1754 64.9128 67.7179
1755 64.9128 67.667
1756 64.9128 67.5864
1757 64.9128 66.8043
1758 64.9128 66.9483
1759 64.9128 67.1931
1760 64.9128 66.9568
1761 64.9128 67.0891
1762 64.9128 66.8556
1763 64.9128 67.1503
1764 64.9128 66.9367
1765 64.9128 67.3111
1766 64.9128 67.9013
1767 64.9128 67.8813
1768 64.9128 67.993
1769 64.9128 68.4498
1770 64.9128 68.6352
1771 64.9128 67.9296
1772 64.9128 67.6375
1773 64.9128 67.2949
1774 64.9128 67.505
1775 64.9128 67.2262
1776 64.9128 67.5583
1777 64.9128 67.7162
1778 64.9128 67.4021
1779 64.9128 67.9356
1780 64.9128 67.9995
1781 64.9128 67.9093
1782 64.9128 68.2601
1783 64.9128 68.0831
1784 64.9128 67.9445
1785 64.9128 68.2991
1786 64.9128 67.8729
1787 64.9128 68.7208
1788 64.9128 69.0348
1789 64.9128 68.7507
1790 64.9128 68.1901
1791 64.9128 68.2764
1792 64.9128 68.1329
1793 64.9128 68.3275
1794 64.9128 67.3355
1795 64.9128 67.7716
1796 64.9128 67.7293
1797 64.9128 67.8493
1798 64.9128 67.3177
1799 64.9128 67.0148
1800 64.9128 67.522
1801 64.9128 67.2534
1802 64.9128 67.2862
1803 64.9128 67.9253
1804 64.9128 67.811
1805 64.9128 66.6927
1806 64.9128 67.2974
1807 64.9128 67.2385
1808 64.9128 67.5484
1809 64.9128 67.2534
1810 64.9128 67.6713
1811 64.9128 67.6518
1812 64.9128 66.8538
1813 64.9128 67.4215
1814 64.9128 67.5917
1815 64.9128 67.2523
1816 64.9128 67.4735
1817 64.9128 67.2013
1818 64.9128 67.6244
1819 64.9128 68.2748
1820 64.9128 68.152
1821 64.9128 68.8965
1822 64.9128 68.4226
1823 64.9128 68.1616
1824 64.9128 68.3326
1825 64.9128 68.8204
1826 64.9128 67.8275
1827 64.9128 67.8748
1828 64.9128 68.75
1829 64.9128 68.0059
1830 64.9128 67.9196
1831 64.9128 67.6743
1832 64.9128 68.067
1833 64.9128 68.1515
1834 64.9128 68.6615
1835 64.9128 67.7543
1836 64.9128 67.2811
1837 64.9128 67.4422
1838 64.9128 67.873
1839 64.9128 67.6676
1840 64.9128 67.525
1841 64.9128 66.9703
1842 64.9128 67.3112
1843 64.9128 67.5998
1844 64.9128 67.6073
1845 64.9128 67.5229
1846 64.9128 67.7487
1847 64.9128 68.426
1848 64.9128 68.038
1849 64.9128 68.3759
1850 64.9128 68.3475
1851 64.9128 68.1141
1852 64.9128 67.6661
1853 64.9128 67.2581
1854 64.9128 68.1282
1855 64.9128 67.7856
1856 64.9128 68.1707
1857 64.9128 67.281
1858 64.9128 66.9859
1859 64.9128 67.8404
1860 64.9128 67.8806
1861 64.9128 68.3846
1862 64.9128 67.8038
1863 64.9128 68.0803
1864 64.9128 67.5727
1865 64.9128 67.7276
1866 64.9128 67.9617
1867 64.9128 67.2633
1868 64.9128 67.6985
1869 64.9128 68.5474
1870 64.9128 68.4533
1871 64.9128 67.6791
1872 64.9128 67.7905
1873 64.9128 67.9689
1874 64.9128 67.9303
1875 64.9128 67.6571
1876 64.9128 67.876
1877 64.9128 68.4342
1878 64.9128 67.7591
1879 64.9128 67.1759
1880 64.9128 67.4247
1881 64.9128 67.7526
1882 64.9128 68.5293
1883 64.9128 68.0797
1884 64.9128 68.6522
1885 64.9128 68.8207
1886 64.9128 69.4417
1887 64.9128 68.8589
1888 64.9128 69.4215
1889 64.9128 68.3354
1890 64.9128 68.2252
1891 64.9128 67.6216
1892 64.9128 67.4467
1893 64.9128 67.7691
1894 64.9128 67.9422
1895 64.9128 68.9615
1896 64.9128 68.0456
1897 64.9128 67.881
1898 64.9128 67.3994
1899 64.9128 67.6235
1900 64.9128 68.3351
1901 64.9128 68.0554
1902 64.9128 67.3161
1903 64.9128 67.5586
1904 64.9128 67.9665
1905 64.9128 68.7673
1906 64.9128 69.0298
1907 64.9128 67.9011
1908 64.9128 67.9732
1909 64.9128 67.281
1910 64.9128 67.6414
1911 64.9128 67.4727
1912 64.9128 67.4894
1913 64.9128 67.6855
1914 64.9128 67.9553
1915 64.9128 67.5352
1916 64.9128 67.5916
1917 64.9128 68.0622
1918 64.9128 68.0994
1919 64.9128 68.305
1920 64.9128 67.6171
1921 64.9128 67.5209
1922 64.9128 67.1498
1923 64.9128 67.1608
1924 64.9128 67.4457
1925 64.9128 67.2302
1926 64.9128 67.6635
1927 64.9128 67.2704
1928 64.9128 67.1409
1929 64.9128 67.5309
1930 64.9128 67.3385
1931 64.9128 67.1073
1932 64.9128 67.6759
1933 64.9128 67.6984
1934 64.9128 67.9777
1935 64.9128 67.7249
1936 64.9128 67.9812
1937 64.9128 67.8604
1938 64.9128 67.7061
1939 64.9128 68.1103
1940 64.9128 68.6455
1941 64.9128 67.9485
1942 64.9128 67.6118
1943 64.9128 68.0743
1944 64.9128 68.45
1945 64.9128 68.5719
1946 64.9128 67.9745
1947 64.9128 68.4556
1948 64.9128 68.3385
1949 64.9128 68.3943
1950 64.9128 69.4461
1951 64.9128 70.0123
1952 64.9128 69.1375
1953 64.9128 68.7645
1954 64.9128 67.8844
1955 64.9128 67.8349
1956 64.9128 67.9018
1957 64.9128 68.1504
1958 64.9128 67.8141
1959 64.9128 67.1859
1960 64.9128 66.9052
1961 64.9128 67.5733
1962 64.9128 67.9499
1963 64.9128 68.1532
1964 64.9128 67.7603
1965 64.9128 68.2002
1966 64.9128 68.1514
1967 64.9128 68.1285
1968 64.9128 66.7503
1969 64.9128 67.1244
1970 64.9128 66.8233
1971 64.9128 67.2483
1972 64.9128 67.704
1973 64.9128 67.9917
1974 64.9128 67.6643
1975 64.9128 67.964
1976 64.9128 68.4618
1977 64.9128 68.0487
1978 64.9128 68.0721
1979 64.9128 68.7271
1980 64.9128 67.9516
1981 64.9128 67.7075
1982 64.9128 67.5206
1983 64.9128 68.1684
1984 64.9128 67.6667
1985 64.9128 67.6655
1986 64.9128 67.2703
1987 64.9128 67.8587
1988 64.9128 66.9957
1989 64.9128 67.0483
1990 64.9128 67.0354
1991 64.9128 67.1772
1992 64.9128 67.3801
1993 64.9128 67.4903
1994 64.9128 67.1691
1995 64.9128 67.1105
1996 64.9128 67.6207
1997 64.9128 68.3052
1998 64.9128 68.6261
1999 64.9128 68.443
2000 64.9128 68.1522
