0 433.608 492.747
1 428.02 475.256
2 416.177 458.916
3 408.793 448.352
4 397.902 440.488
5 391.047 432.078
6 389.836 422.269
7 382.003 411.235
8 369.031 404.197
9 367.848 394.783
10 354.189 386.85
11 349.227 379.16
12 343.696 372.733
13 325.279 366.652
14 310.78 359.641
15 303.678 351.233
16 303.678 336.393
17 293.735 326.636
18 291.048 318.405
19 287.051 310.324
20 283.922 304.616
21 282.041 299.028
22 279.446 295.537
23 275.908 291.447
24 269.557 287.779
25 265.82 284.541
26 265.819 281.623
27 262.468 279.746
28 258.414 277.114
29 254.268 274.046
30 248.242 272.127
31 247.008 268.772
32 238.086 264.225
33 237.005 259.5
34 231.647 252.421
35 228.2 246.935
36 223.106 242.569
37 220.52 239.429
38 215.194 235.879
39 215.194 232.422
40 211.718 229.787
41 211.718 227.686
42 210.369 224.327
43 208.49 221.885
44 204.109 220.918
45 200.881 218.709
46 200.162 215.639
47 199.663 213.16
48 198.568 210.265
49 197.756 207.908
50 196.919 206.853
51 192.649 206.18
52 192.39 204.626
53 191.821 203.357
54 188.021 201.15
55 188.021 198.705
56 186.731 196.801
57 185.777 195.068
58 184.828 193.325
59 183.809 192.23
60 181.979 190.57
61 181.296 189.484
62 179.66 188.154
63 178.397 186.929
64 177.814 185.636
65 175.554 184.174
66 172.498 182.322
67 172.44 181.509
68 170.916 179.775
69 166.054 178.581
70 165.995 176.986
71 165.252 175.935
72 164.633 174.59
73 162.543 172.31
74 161.758 170.062
75 161.128 168.751
76 157.865 166.956
77 157.649 165.623
78 157.018 164.654
79 156.399 163.959
80 155.288 162.772
81 154.658 161.677
82 153.418 160.002
83 150.104 158.849
84 148.064 157.678
85 148.064 156.389
86 146.823 154.915
87 146.19 153.287
88 144.68 152.348
89 142.614 150.851
90 142.614 149.922
91 141.372 148.792
92 140.131 147.81
93 139.357 147.104
94 137.923 146.395
95 137.451 144.679
96 136.694 143.382
97 136.254 142.639
98 135.724 141.258
99 135.253 140.676
100 135.06 139.933
101 134.071 139.998
102 132.065 138.694
103 131.655 138.573
104 131.482 138.557
105 131.042 138.697
106 130.41 137.732
107 129.267 135.823
108 128.71 135.429
109 128.005 134.879
110 126.872 134.038
111 126.872 133.487
112 126.132 132.783
113 125.692 132.675
114 124.836 131.962
115 123.193 130.526
116 122.753 129.521
117 121.415 128.859
118 121.415 128.273
119 120.137 127.01
120 120.137 125.776
121 119.288 125.479
122 119.288 124.958
123 118.55 124.253
124 116.415 123.312
125 115.315 121.688
126 115.315 121.086
127 114.244 120.226
128 113.9 119.29
129 113.9 118.473
130 113.267 117.652
131 112.775 117.302
132 112.431 117.041
133 111.798 116.456
134 111.798 115.829
135 111.186 115.148
136 111.186 114.539
137 111.186 114.331
138 111.186 114.012
139 110.195 113.419
140 110.195 113.023
141 109.649 113.014
142 109.649 113.351
143 108.861 113.417
144 108.775 113.413
145 107.87 113.572
146 107.87 112.483
147 107.784 112.195
148 107.471 111.599
149 107.305 111.14
150 106.382 111.394
151 106.069 110.644
152 106.069 110.391
153 105.382 110.174
154 105.382 110.318
155 105.382 110.116
156 102.867 109.32
157 102.867 109.449
158 102.419 109.83
159 102.419 110.573
160 102.419 111.335
161 102.152 112.17
162 101.04 112.26
163 101.04 111.362
164 101.04 109.567
165 101.04 109.033
166 100.341 108.054
167 100.341 107.474
168 99.2297 106.92
169 99.2297 106.752
170 98.3521 105.931
171 98.3392 104.771
172 98.3392 103.861
173 98.2658 103.98
174 98.1861 103.375
175 98.1861 102.728
176 96.813 101.86
177 96.7333 101.602
178 96.2057 100.932
179 94.7529 100.396
180 94.7529 100.423
181 93.9858 99.4885
182 93.9858 98.8266
183 93.9858 98.0066
184 93.1711 98.0502
185 93.1711 97.8783
186 93.0071 97.6537
187 92.4507 97.1443
188 92.2583 96.7903
189 91.5378 96.2654
190 91.5378 95.4751
191 91.3852 95.5962
192 91.3278 95.6062
193 91.06 94.4534
194 90.5891 93.8878
195 90.3212 93.2874
196 90.3212 93.8798
197 90.2639 94.2553
198 90.2639 93.8116
199 90.2639 93.7849
200 90.2639 94.1758
201 89.7496 93.4353
202 89.7496 93.2529
203 89.5516 92.5471
204 89.0373 92.6526
205 89.0373 93.1425
206 88.5574 92.7762
207 88.5574 93.3271
208 88.5574 92.8039
209 87.703 91.8911
210 87.703 91.9736
211 87.703 92.6331
212 87.703 93.7263
213 87.703 95.2427
214 87.703 96.8415
215 87.0122 96.5024
216 87.0122 97.1401
217 87.0122 98.0009
218 87.0122 97.8921
219 86.9861 98.5897
220 86.9861 97.5393
221 86.9861 97.6019
222 86.9861 96.7554
223 86.9727 95.3644
224 86.1317 94.012
225 86.1317 94.2994
226 86.1317 93.5325
227 86.1317 94.948
228 86.1317 95.8508
229 86.0388 96.2528
230 86.0388 96.2814
231 86.0388 95.9781
232 85.9677 94.9981
233 85.9677 94.2863
234 85.9677 93.0293
235 85.9677 93.0693
236 85.9677 92.6299
237 85.9677 91.1695
238 85.8706 90.2588
239 85.8706 89.8159
240 85.8706 89.6683
241 85.555 89.344
242 85.555 89.5954
243 85.1081 89.2111
244 85.1081 88.9004
245 85.1081 88.8567
246 84.741 89.2904
247 84.741 89.4038
248 84.741 89.3488
249 84.741 89.104
250 84.1088 88.9287
251 84.1088 88.5766
252 84.1044 88.2223
253 83.8505 88.3256
254 83.5245 88.7756
255 83.5245 88.6607
256 83.4903 88.6381
257 83.0534 88.3237
258 83.0534 88.6312
259 82.7273 88.1209
260 82.3484 87.7135
261 82.3484 86.8896
262 82.1962 87.1492
263 82.1962 85.9525
264 82.1962 85.8009
265 82.1962 86.0087
266 82.0134 85.9146
267 82.0134 85.8858
268 82.0134 85.6493
269 82.0134 86.194
270 82.0134 86.3328
271 82.0134 85.8448
272 81.8624 86.024
273 81.8624 85.5209
274 81.8458 85.4243
275 81.8458 85.0872
276 81.8458 84.7502
277 81.8458 84.6995
278 81.8458 85.3469
279 81.8458 85.1726
280 81.8458 84.9798
281 81.367 85.7829
282 81.367 86.1419
283 81.367 85.5704
284 81.226 85.1632
285 81.226 84.2004
286 81.226 84.2672
287 81.226 83.8518
288 81.226 84.159
289 81.226 83.8981
290 81.226 83.7919
291 81.226 83.4554
292 81.2108 83.9976
293 80.7495 84.5183
294 80.7495 84.6493
295 80.539 84.9031
296 80.539 85.5256
297 80.0625 85.02
298 80.0625 84.853
299 80.036 84.58
300 78.9719 84.3132
301 78.3319 83.8657
302 78.0872 84.288
303 78.0872 83.8663
304 78.069 84.4344
305 78.069 84.0897
306 78.069 83.7003
307 78.069 83.0506
308 78.069 83.3395
309 78.069 82.4039
310 78.069 82.5527
311 78.069 81.3687
312 78.069 81.7419
313 78.0303 81.4135
314 77.0496 80.9458
315 77.0108 80.1604
316 77.0108 79.4628
317 77.0108 79.4631
318 77.0108 79.8041
319 77.0108 79.8377
320 77.0108 80.3536
321 77.0108 80.1141
322 77.0108 80.3604
323 77.0108 79.8106
324 77.0108 81.3304
325 77.0108 83.0161
326 77.0108 84.6164
327 77.0108 87.6085
328 77.0108 87.5413
329 77.0108 87.3634
330 76.832 87.5168
331 76.832 86.7665
332 76.832 85.6231
333 76.832 83.5144
334 76.832 82.392
335 76.5722 80.8238
336 76.5722 80.516
337 76.5722 80.4784
338 76.5722 80.9292
339 76.3307 80.0938
340 76.3307 80.3481
341 76.3307 79.6933
342 75.3501 79.0686
343 75.3501 79.4581
344 74.9385 79.7354
345 74.9385 79.6372
346 74.9385 79.6642
347 74.9385 79.5681
348 74.9385 80.177
349 74.9385 80.3686
350 74.9385 81.4263
351 74.9385 82.1322
352 74.9385 83.7798
353 74.9385 84.6081
354 74.9385 84.355
355 74.9385 85.3005
356 74.9385 85.8924
357 74.9385 85.4855
358 74.9385 83.4274
359 74.9385 81.9996
360 74.9385 81.0702
361 74.9385 80.424
362 74.9385 80.8837
363 74.9385 79.6026
364 74.9385 78.9564
365 74.8241 78.4913
366 74.8241 78.1474
367 74.8241 78.3004
368 74.8241 78.2043
369 74.8241 78.5392
370 74.8241 77.5964
371 74.771 77.2952
372 74.771 77.8235
373 74.771 77.7851
374 74.771 77.6108
375 74.771 77.7393
376 74.771 78.0172
377 74.771 77.8337
378 74.6862 77.6338
379 74.3496 78.0536
380 74.3496 76.9042
381 74.2649 76.4586
382 74.2649 76.5847
383 74.2649 77.0907
384 74.2649 77.4905
385 74.2649 77.1824
386 74.25 77.0392
387 73.8186 76.8948
388 73.8186 76.4338
389 73.8038 77.3429
390 73.8038 77.9684
391 73.8038 78.1903
392 73.7983 77.7469
393 73.7983 77.9996
394 73.7983 77.8267
395 73.7983 77.7261
396 73.0571 77.6554
397 73.0517 77.7688
398 73.0517 77.653
399 73.0517 77.5719
400 73.0517 77.4914
401 73.0517 77.0723
402 73.0517 76.2527
403 73.0517 75.5584
404 73.0517 75.394
405 73.0517 74.9726
406 73.0517 75.3402
407 73.0517 74.7977
408 72.7994 75.2924
409 72.7994 75.6721
410 72.7994 75.1469
411 72.7994 75.2076
412 72.7443 75.5183
413 72.7443 75.7
414 72.7443 75.8625
415 72.6651 75.7426
416 72.61 75.6896
417 72.61 75.5621
418 72.61 75.7464
419 72.61 75.9073
420 72.61 75.5951
421 72.61 75.324
422 72.4187 75.5802
423 72.4187 75.6805
424 72.4187 75.4387
425 72.4187 75.8798
426 72.4187 76.2023
427 71.8529 76.287
428 71.8529 76.3067
429 71.8529 75.4546
430 71.8529 74.7445
431 71.8529 74.5838
432 71.8529 74.5162
433 71.8529 74.2302
434 71.8529 74.0978
435 71.8529 74.1729
436 71.4654 74.814
437 71.4654 74.7195
438 71.4654 74.1572
439 71.4654 74.5594
440 71.4654 73.9666
441 71.4654 74.1638
442 71.4654 74.3974
443 71.4654 74.0623
444 71.4654 74.1113
445 71.4654 74.0151
446 71.4654 74.308
447 71.4654 73.7337
448 71.4654 74.0197
449 71.4464 74.1493
450 71.4464 73.8429
451 71.4464 73.24
452 71.4464 73.2743
453 71.4464 73.8534
454 71.4464 74.3399
455 71.3022 74.6654
456 71.3022 74.1538
457 71.3022 73.7931
458 71.3022 74.1517
459 70.6646 74.0769
460 70.6646 74.5069
461 70.5205 74.8733
462 70.5205 74.3375
463 70.5205 73.8324
464 70.5039 74.2878
465 70.5039 74.0373
466 70.5039 73.89
467 70.5039 74.1439
468 70.5039 74.1962
469 70.5039 73.7954
470 70.5039 73.1887
471 70.5039 72.5859
472 70.5039 73.2452
473 70.5039 73.035
474 70.4936 73.6092
475 70.4936 74.2492
476 70.4936 73.9733
477 70.4936 74.1445
478 70.4936 73.4834
479 70.4936 73.8662
480 70.4936 73.6321
481 70.4936 73.0126
482 70.4936 73.9634
483 70.4936 73.9315
484 70.4936 73.6199
485 70.4936 73.5941
486 70.4936 73.4103
487 70.4936 72.9928
488 70.4936 73.2048
489 70.4936 73.1399
490 70.4936 73.6583
491 70.4936 73.4398
492 70.4936 73.765
493 70.4936 73.0371
494 70.4936 73.1236
495 70.4936 72.7822
496 70.4936 72.7353
497 70.4936 72.6952
498 70.4936 72.8518
499 70.4673 72.6905
500 69.0737 73.4664
501 69.0737 73.9521
502 69.0737 74.5399
503 69.0737 75.747
504 69.0737 76.1005
505 69.0737 77.2745
506 69.0737 77.8689
507 69.0737 79.1005
508 69.0737 78.4082
509 69.0271 77.4542
510 69.0271 75.6874
511 68.4231 75.2971
512 68.4231 74.4567
513 68.4231 73.616
514 68.4231 73.7055
515 68.2628 73.5574
516 68.2628 73.062
517 68.2628 72.7736
518 68.2628 72.147
519 68.2628 72.7538
520 68.2628 73.1517
521 68.2628 73.7871
522 68.2628 76.0264
523 68.2628 77.7961
524 68.2628 79.2127
525 68.2628 79.3279
526 68.2628 79.3126
527 68.2628 79.1366
528 68.2628 78.5343
529 68.2628 77.2824
530 68.2628 75.6076
531 68.2628 73.9075
532 68.2628 73.8537
533 68.2628 73.0335
534 67.705 72.3438
535 67.705 71.3222
536 67.705 71.5429
537 67.705 70.9549
538 67.705 70.8655
539 67.705 70.2192
540 67.705 70.164
541 67.705 69.9449
542 67.705 70.2289
543 67.705 70.0202
544 67.705 70.3178
545 67.705 70.1915
546 67.705 70.6483
547 67.705 70.905
548 67.705 70.8321
549 67.705 70.3376
550 67.705 70.4642
551 67.705 71.0296
552 67.705 70.0847
553 67.705 70.4861
554 67.705 70.7087
555 67.705 71.0694
556 67.6144 70.4595
557 67.6144 70.9132
558 67.6144 70.4403
559 67.6144 70.2922
560 67.6144 70.7364
561 67.6144 70.6497
562 67.6144 70.6466
563 67.6144 70.1569
564 67.6144 70.3673
565 67.6144 70.3886
566 67.3585 69.6957
567 67.3585 70.1057
568 67.3585 70.3395
569 67.3585 70.9466
570 67.3585 70.66
571 67.3585 69.8368
572 67.3585 69.948
573 67.3585 70.2344
574 67.3585 70.0874
575 67.3585 70.2734
576 67.3585 69.502
577 67.3585 70.2445
578 67.3585 70.0281
579 67.3585 69.9553
580 67.3585 70.2141
581 67.3585 70.2087
582 67.3585 70.2311
583 67.3585 70.1207
584 67.3585 70.1646
585 67.3585 69.9227
586 66.9329 70.2297
587 66.9329 70.1651
588 66.9329 69.8729
589 66.9329 70.0076
590 66.9329 70.1105
591 66.9329 70.1657
592 66.9329 69.7644
593 66.9329 69.9432
594 66.9329 69.74
595 66.9329 69.8293
596 66.9329 69.824
597 66.9329 70.1412
598 66.9329 69.9215
599 66.8179 70.251
600 66.8179 70.2418
601 66.8179 70.1289
602 66.8179 69.8438
603 66.7746 70.0024
604 66.4774 70.2915
605 66.3191 69.9336
606 66.3191 69.6451
607 66.3191 69.6697
608 66.3191 69.4413
609 66.3191 69.2902
610 66.3191 68.9345
611 66.3191 69.2013
612 66.3191 69.1728
613 66.3191 68.9538
614 66.3191 69.0096
615 66.3191 68.8488
616 66.3191 69.4397
617 66.3191 68.8679
618 66.3191 69.078
619 66.3191 68.5015
620 66.3191 68.6143
621 66.3191 68.8451
622 66.3191 68.8282
623 66.3191 69.3987
624 66.3191 69.2317
625 66.3191 68.5469
626 66.2309 68.1911
627 66.2309 68.4791
628 66.2309 67.9524
629 66.2309 68.4595
630 66.2309 68.7014
631 66.2309 67.9259
632 66.2309 68.2088
633 66.2309 69.0218
634 65.982 68.4977
635 65.982 68.491
636 65.982 68.5778
637 65.8451 68.1981
638 65.8451 68.3666
639 65.8451 68.1075
640 65.8451 68.2973
641 65.8451 68.0692
642 65.8451 68.265
643 65.8451 68.5536
644 65.8451 69.252
645 65.8451 69.3805
646 65.6179 68.8929
647 65.6179 69.2395
648 65.6179 68.38
649 65.6179 68.2195
650 65.6179 68.975
651 65.6179 69.5136
652 65.6179 69.6033
653 65.6179 68.4418
654 65.6179 68.6314
655 65.6179 68.5856
656 65.6179 69.0331
657 65.6179 68.5172
658 65.6179 68.5433
659 65.6179 68.6306
660 65.6179 68.6709
661 65.6179 68.475
662 65.6179 68.1568
663 65.6179 68.5002
664 65.6179 68.4671
665 65.6179 69.0558
666 65.6179 69.1424
667 65.6179 68.4899
668 65.6179 68.6466
669 65.6179 68.4149
670 65.6179 68.834
671 65.6179 68.7117
672 65.6179 68.6142
673 65.6179 68.4063
674 65.6179 68.5561
675 65.6179 68.0687
676 65.6179 67.8118
677 65.6179 68.4608
678 65.6179 68.6536
679 65.6179 68.5673
680 65.6179 68.6376
681 65.6179 67.9657
682 65.6179 68.3706
683 65.6179 68.6147
684 65.6179 68.2889
685 65.6179 67.8346
686 65.6179 67.8206
687 65.6179 67.144
688 65.6179 68.0228
689 65.6179 67.9933
690 65.6179 68.1009
691 65.6179 68.1354
692 65.6179 68.2355
693 65.6179 67.7239
694 65.6179 67.6766
695 65.6179 67.8534
696 65.6179 68.8605
697 65.6179 68.5525
698 65.6179 69.0494
699 65.6179 68.451
700 65.6179 68.4086
701 65.6179 68.6448
702 65.6179 68.5662
703 65.6179 68.5448
704 65.6179 68.5311
705 65.6179 68.7476
706 65.6179 68.6094
707 65.6179 68.883
708 65.6179 68.7448
709 65.6179 68.8087
710 65.6179 69.1082
711 65.6179 68.9333
712 65.6179 68.9993
713 65.6179 68.8985
714 65.6179 68.9395
715 65.6179 68.427
716 65.6179 68.2271
717 65.6179 69.05
718 65.6179 69.4265
719 65.6179 68.5636
720 65.6179 68.2517
721 65.6179 68.9394
722 65.6179 69.0486
723 65.6179 68.5457
724 65.6179 67.8526
725 65.6179 67.5138
726 65.6179 67.7241
727 65.6179 68.0681
728 65.6179 67.8288
729 65.6179 68.5068
730 65.6179 69.1081
731 65.6179 68.8422
732 65.6179 68.3967
733 65.6179 68.8764
734 65.6179 69.2679
735 65.6179 68.4849
736 65.6179 68.5315
737 65.6179 68.6862
738 65.6179 68.9126
739 65.6179 67.9586
740 65.6179 68.2964
741 65.6179 69.3158
742 65.6179 69.0651
743 65.6179 69.1004
744 65.6179 69.2027
745 65.6179 69.5885
746 65.6179 69.2216
747 65.6179 68.9035
748 65.6179 67.8444
749 65.6179 67.7879
750 65.6179 68.9584
751 65.6179 69.0507
752 65.6179 68.7906
753 65.6179 67.9943
754 65.6179 68.7933
755 65.6179 68.8393
756 65.6179 68.466
757 65.6179 68.1353
758 65.6179 68.6014
759 65.6179 68.2753
760 65.6179 68.3405
761 65.6179 69.2197
762 65.6179 69.4117
763 65.6179 70.2147
764 65.6179 69.0102
765 65.6179 68.8999
766 65.6179 69.0825
767 65.6179 68.196
768 65.6179 68.2373
769 65.6179 68.0232
770 65.6179 68.4295
771 65.6179 68.3107
772 65.6179 68.4985
773 65.6179 68.3555
774 65.6179 68.085
775 65.6179 68.7053
776 65.6179 69.3728
777 65.6179 69.7389
778 65.6179 68.9059
779 65.6179 69.1885
780 65.6179 68.0418
781 65.6179 67.8791
782 65.6179 67.5643
783 65.6179 68.2996
784 65.6179 68.2764
785 65.6179 68.8804
786 65.6179 68.7898
787 65.6179 68.8022
788 65.6179 68.9424
789 65.6179 69.2793
790 65.6179 68.5312
791 65.6179 69.0408
792 65.6179 68.1014
793 65.6179 67.6688
794 65.6179 68.1389
795 65.6179 67.4062
796 65.6179 67.9121
797 65.6179 68.1848
798 65.6179 68.1908
799 65.6179 68.3357
800 65.6179 68.7305
801 65.6179 68.6364
802 65.6179 68.3516
803 65.6179 69.1789
804 65.6179 68.8905
805 65.6179 68.4233
806 65.6179 68.2859
807 65.6179 68.1249
808 65.6179 68.3204
809 65.6179 68.574
810 65.6179 68.7237
811 65.6179 69.0047
812 65.6179 68.6175
813 65.6179 68.3989
814 65.6179 68.8569
815 65.6179 69.1837
816 65.6179 69.5888
817 65.6179 68.9455
818 65.6179 68.5174
819 65.6179 68.5332
820 65.6179 68.395
821 65.6179 68.6166
822 65.6179 68.428
823 65.6179 68.4411
824 65.6179 68.4682
825 65.6179 68.955
826 65.6179 68.3844
827 65.6179 68.4447
828 65.6179 68.0721
829 65.6179 67.7395
830 65.6179 67.723
831 65.6179 67.9672
832 65.6179 67.809
833 65.6179 68.0979
834 65.6179 68.0455
835 65.6179 68.5001
836 65.6179 68.0492
837 65.6179 68.6801
838 65.6179 68.6026
839 65.6179 68.6627
840 65.6179 68.4402
841 65.6179 67.6925
842 65.6179 68.3184
843 65.6179 69.0951
844 65.6179 69.8631
845 65.6179 69.0012
846 65.6179 68.5674
847 65.6179 68.4475
848 65.6179 67.9498
849 65.6179 68.3192
850 65.6179 68.2441
851 65.6179 68.633
852 65.6179 68.4704
853 65.6179 68.4908
854 65.6179 68.8124
855 65.6179 68.64
856 65.6179 68.2741
857 65.6179 68.971
858 65.6179 69.109
859 65.6179 69.7752
860 65.6179 70.0639
861 65.6179 69.0178
862 65.6179 68.4091
863 65.6179 68.2329
864 65.6179 68.2624
865 65.6179 68.2286
866 65.6179 68.2908
867 65.6179 69.0594
868 65.6179 68.5992
869 65.6179 68.2869
870 65.6179 68.5515
871 65.6179 68.6338
872 65.6179 68.403
873 65.6179 68.8573
874 65.6179 68.6599
875 65.6179 68.906
876 65.6179 68.3672
877 65.6179 68.2289
878 65.6179 68.3209
879 65.6179 68.3742
880 65.6179 68.0128
881 65.6179 67.8786
882 65.6179 68.2395
883 65.6179 68.4932
884 65.6179 69.1297
885 65.6179 69.0587
886 65.6179 68.4083
887 65.6179 68.1477
888 65.6179 67.9838
889 65.6179 68.0621
890 65.6179 68.0034
891 65.6179 68.4547
892 65.6179 68.2772
893 65.6179 68.5721
894 65.6179 68.7995
895 65.6179 68.5973
896 65.6179 68.8544
897 65.6179 68.1027
898 65.6179 67.8646
899 65.6179 68.2367
900 65.6179 68.5799
901 65.6179 68.1272
902 65.6179 67.7711
903 65.6179 67.5932
904 65.6179 67.9843
905 65.6179 68.6379
906 65.6179 68.3602
907 65.6179 68.8057
908 65.6179 68.7651
909 65.6179 69.38
910 65.6179 68.9606
911 65.6179 68.4415
912 65.6179 68.5936
913 65.6179 67.8035
914 65.6179 68.0976
915 65.6179 68.2677
916 65.6179 68.0803
917 65.6179 68.738
918 65.6179 68.9133
919 65.6179 69.6436
920 65.6179 69.5048
921 65.6179 68.6775
922 65.6179 68.6098
923 65.6179 68.9147
924 65.6179 68.3762
925 65.6179 68.2224
926 65.6179 68.2988
927 65.6179 67.6411
928 65.6179 68.132
929 65.6179 68.1546
930 65.6179 68.2408
931 65.6179 68.4824
932 65.6179 68.2208
933 65.6179 68.7379
934 65.6179 68.393
935 65.6179 68.6152
936 65.6179 68.4465
937 65.6179 68.226
938 65.6179 68.1785
939 65.6179 69.04
940 65.6179 68.4244
941 65.6179 68.7922
942 65.6179 69.2495
943 65.6179 68.6619
944 65.6179 68.4209
945 65.6179 68.6102
946 65.6179 68.1001
947 65.6179 67.9403
948 65.6179 67.9803
949 65.6179 67.9553
950 65.6179 68.6393
951 65.6179 68.3429
952 65.6179 68.2117
953 65.6179 67.9471
954 65.6179 68.1222
955 65.6179 68.5911
956 65.6179 68.6632
957 65.6179 68.7789
958 65.6179 69.1195
959 65.6179 68.1199
960 65.6179 68.4294
961 65.6179 68.5934
962 65.6179 69.348
963 65.6179 68.502
964 65.6179 68.0323
965 65.6179 67.8894
966 65.6179 68.1681
967 65.6179 67.4594
968 65.6179 67.4665
969 65.6179 68.3868
970 65.6179 68.3749
971 65.6179 67.9732
972 65.6179 69.0485
973 65.6179 68.5091
974 65.6179 68.4985
975 65.6179 68.4321
976 65.6179 68.4714
977 65.6179 68.9369
978 65.6179 67.9066
979 65.6179 68.185
980 65.6179 68.798
981 65.6179 68.3737
982 65.6179 67.5671
983 65.6179 67.4491
984 65.6179 67.8154
985 65.6179 68.0521
986 65.6179 67.9526
987 65.6179 68.6097
988 65.6179 69.3803
989 65.6179 68.842
990 65.6179 68.7421
991 65.6179 68.6313
992 65.6179 68.7426
993 65.6179 68.9617
994 65.6179 68.7531
995 65.6179 68.7382
996 65.6179 68.8041
997 65.6179 68.9955
998 65.6179 68.9536
999 65.6179 69.3266
1000 65.6048 68.63
1001 65.6048 68.2442
1002 65.6048 68.6207
1003 65.6048 68.0483
1004 65.6048 68.7211
1005 65.6048 69.0124
1006 65.6048 68.3928
1007 65.6048 68.3872
1008 65.6048 68.872
1009 65.6048 68.773
1010 65.6048 68.7753
1011 65.6048 69.1365
1012 65.6048 68.1957
1013 65.6048 68.2235
1014 65.6048 68.5978
1015 65.6048 68.4085
1016 65.6048 68.8384
1017 65.6048 68.4376
1018 65.6048 68.169
1019 65.6048 68.0764
1020 65.6048 68.4461
1021 65.6048 68.4845
1022 65.6048 68.9836
1023 65.6048 68.7709
1024 65.6048 68.0156
1025 65.6048 67.5046
1026 65.6048 67.956
1027 65.6048 68.3613
1028 65.6048 69.6781
1029 65.6048 69.5491
1030 65.6048 69.3135
1031 65.6048 70.0627
1032 65.6048 69.2403
1033 65.6048 69.0182
1034 65.6048 68.916
1035 65.6048 68.0699
1036 65.6048 68.195
1037 65.6048 68.5549
1038 65.6048 69.2685
1039 65.6048 69.2069
1040 65.6048 69.3498
1041 65.6048 68.979
1042 65.6048 68.8322
1043 65.6048 68.8023
1044 65.6048 67.8285
1045 65.6048 67.4981
1046 65.6048 67.259
1047 65.6048 67.7229
1048 65.6048 67.8389
1049 65.6048 67.9731
1050 65.6048 68.2225
1051 65.6048 67.8768
1052 65.6048 68.3993
1053 65.6048 67.7996
1054 65.6048 67.6231
1055 65.6048 68.218
1056 65.6048 68.2227
1057 65.6048 68.1195
1058 65.6048 68.1817
1059 65.6048 68.7879
1060 65.6048 67.7162
1061 65.6048 68.6351
1062 65.6048 68.0191
1063 65.6048 68.1951
1064 65.6048 68.9379
1065 65.6048 68.2967
1066 65.6048 67.7967
1067 65.6048 68.0303
1068 65.6048 68.0169
1069 65.6048 68.8192
1070 65.6048 68.7971
1071 65.6048 68.4402
1072 65.6048 67.9549
1073 65.6048 68.4646
1074 65.6048 67.5779
1075 65.6048 67.0689
1076 65.6048 67.3846
1077 65.6048 68.3008
1078 65.6048 68.7083
1079 65.6048 68.0385
1080 65.6048 68.3155
1081 65.6048 68.4021
1082 65.6048 69.3259
1083 65.6048 69.6597
1084 65.6048 69.5579
1085 65.6048 68.807
1086 65.6048 69.023
1087 65.6048 68.6095
1088 65.6048 68.5178
1089 65.6048 69.5383
1090 65.6048 69.5615
1091 65.6048 69.2582
1092 65.6048 68.7517
1093 65.6048 68.7298
1094 65.6048 68.4812
1095 65.6048 68.8253
1096 65.6048 68.608
1097 65.6048 68.852
1098 65.6048 67.8162
1099 65.6048 67.8805
1100 65.3119 68.2226
1101 65.2988 68.382
1102 65.2988 69.2403
1103 65.2988 68.6258
1104 65.2988 68.2377
1105 65.2988 67.6319
1106 65.2988 68.4357
1107 65.2988 68.0741
1108 65.2988 68.4445
1109 65.2988 68.8362
1110 65.2594 68.5634
1111 65.2594 69.0932
1112 65.2594 68.4444
1113 65.2594 68.0431
1114 65.2594 67.5202
1115 65.2594 68.9512
1116 65.2594 68.1326
1117 65.2594 67.9232
1118 65.2594 67.5938
1119 65.2594 67.9703
1120 65.2594 68.1589
1121 65.2594 68.4385
1122 65.2594 68.6523
1123 65.2594 68.8437
1124 65.2594 68.3152
1125 65.2594 68.2217
1126 65.2594 67.7024
1127 65.2594 67.9341
1128 65.2594 68.1181
1129 65.2594 68.4445
1130 65.2594 67.8276
1131 65.2594 67.7733
1132 65.2594 67.8389
1133 65.2594 67.7847
1134 65.2594 67.8319
1135 65.2594 67.3228
1136 65.2594 67.7925
1137 65.2594 68.1165
1138 65.2594 68.109
1139 65.2594 68.9272
1140 65.2594 68.0932
1141 65.2594 68.1098
1142 65.2594 67.9963
1143 65.2594 67.8266
1144 65.2594 68.041
1145 65.2594 67.4972
1146 65.2594 67.1455
1147 65.2594 67.7829
1148 65.2594 67.5445
1149 65.2594 67.5032
1150 65.2594 67.5037
1151 65.2594 67.6048
1152 65.2594 68.475
1153 65.2594 68.2826
1154 65.2594 68.7324
1155 65.2594 69.3092
1156 65.2594 68.8379
1157 65.2594 68.5959
1158 65.2594 68.2542
1159 65.2594 67.7434
1160 65.2594 67.8281
1161 65.2594 67.5068
1162 65.2594 67.2116
1163 65.2594 67.5374
1164 65.2594 67.6239
1165 65.2594 67.7665
1166 65.2594 67.8113
1167 65.2594 68.0737
1168 65.2594 68.1116
1169 65.2594 68.3037
1170 65.2594 68.7696
1171 65.2594 68.1232
1172 65.2594 67.6892
1173 65.2594 67.9043
1174 65.2594 67.8998
1175 65.2594 67.37
1176 65.2594 67.9052
1177 65.2594 67.8116
1178 65.2594 67.6605
1179 65.2594 67.4411
1180 65.2594 68.0211
1181 65.2594 68.1393
1182 65.2594 68.3496
1183 65.2594 67.5079
1184 65.2594 68.0173
1185 65.2594 68.0021
1186 65.2594 67.8922
1187 65.2594 68.4762
1188 65.2594 67.8518
1189 65.2594 68.3812
1190 65.2594 69.3701
1191 65.2594 69.088
1192 65.2594 68.5097
1193 65.2594 68.0434
1194 65.2594 68.6528
1195 65.2594 68.6809
1196 65.2594 68.3061
1197 65.2594 67.9721
1198 65.2594 68.0347
1199 65.2594 67.7953
1200 65.2594 68.8288
1201 65.2594 67.9978
1202 65.2594 67.4915
1203 65.2594 67.9452
1204 65.2594 67.7076
1205 65.2594 67.8329
1206 65.2594 67.6585
1207 65.2594 67.7935
1208 65.2594 68.8176
1209 65.2594 68.9544
1210 65.2594 68.2828
1211 65.2594 69.2777
1212 65.2594 68.4872
1213 65.2594 68.0349
1214 65.2594 68.6912
1215 65.2594 68.1952
1216 65.2594 68.6209
1217 65.2594 69.2766
1218 65.2594 69.063
1219 65.2594 68.9368
1220 65.2594 68.2225
1221 65.2594 67.8962
1222 65.2594 68.3385
1223 65.2594 68.6402
1224 65.2594 68.4359
1225 65.2594 68.0057
1226 65.2594 67.8004
1227 65.2594 67.4925
1228 65.2594 67.8318
1229 65.2594 68.2989
1230 65.2594 68.8684
1231 65.2594 68.8932
1232 65.2594 68.7734
1233 65.2594 68.3969
1234 65.2594 67.8494
1235 65.2594 68.5077
1236 65.2594 67.9259
1237 65.2594 67.3681
1238 65.2594 67.2356
1239 65.2594 67.784
1240 65.2594 67.5241
1241 65.2594 67.2533
1242 65.2594 67.9729
1243 65.2594 68.0496
1244 65.2594 67.5492
1245 65.2594 68.1879
1246 65.2594 68.7215
1247 65.2594 67.9928
1248 65.2594 67.8248
1249 65.2594 68.0128
1250 65.2594 67.8169
1251 65.2594 67.5956
1252 65.2594 67.8581
1253 65.2594 67.5663
1254 65.2594 67.7395
1255 65.2594 68.2375
1256 65.2594 68.3278
1257 65.2594 67.6979
1258 65.2594 68.4382
1259 65.2594 68.6069
1260 65.2594 68.9425
1261 65.2594 68.8181
1262 65.2594 68.7526
1263 65.2594 68.6081
1264 65.2594 67.8868
1265 65.2594 67.2654
1266 65.2594 67.2595
1267 65.2594 68.0886
1268 65.2594 68.4809
1269 65.2594 68.2557
1270 65.2594 68.2653
1271 65.2594 68.3855
1272 65.2594 68.211
1273 65.2594 68.5445
1274 65.2594 69.2259
1275 65.2594 68.4001
1276 65.2594 68.086
1277 65.2594 67.948
1278 65.2594 67.7514
1279 65.2594 67.9388
1280 65.2594 68.0104
1281 65.2594 68.7601
1282 65.2319 69.5277
1283 65.2319 69.3148
1284 65.2319 69.1692
1285 65.2319 68.6136
1286 65.2319 69.0073
1287 65.2319 68.9295
1288 65.2319 68.4622
1289 65.2319 68.3597
1290 65.2319 67.6873
1291 65.2319 67.8791
1292 65.2319 67.3987
1293 65.2319 67.9871
1294 65.2319 69.3209
1295 65.2319 68.4819
1296 65.2319 68.328
1297 65.2319 68.3914
1298 65.2319 68.8344
1299 65.2319 68.4161
1300 65.2319 68.4837
1301 65.2319 69.0799
1302 65.2319 68.7387
1303 65.2319 68.9178
1304 65.2319 68.4051
1305 65.2319 68.1826
1306 65.2319 68.2031
1307 65.2319 68.284
1308 65.2319 68.2811
1309 65.2319 68.2132
1310 65.2319 67.8782
1311 65.2319 67.8599
1312 65.2319 68.4059
1313 65.2319 68.3604
1314 65.2319 68.7268
1315 65.2319 68.218
1316 65.2319 67.5184
1317 65.2319 67.4864
1318 65.2319 67.5043
1319 65.2319 67.4084
1320 65.2319 68.2115
1321 65.2319 68.0917
1322 65.2319 68.1507
1323 65.2319 67.9769
1324 65.2319 67.6057
1325 65.2319 67.4761
1326 65.2319 67.5272
1327 65.2319 67.8719
1328 65.2319 67.7554
1329 65.2319 68.189
1330 65.2319 67.2676
1331 65.2319 67.8645
1332 65.2319 68.4066
1333 65.2319 69.2789
1334 65.2319 68.4613
1335 65.2319 68.2369
1336 65.2319 68.3906
1337 65.2319 68.5325
1338 65.2319 68.1876
1339 65.2319 68.0762
1340 65.2319 68.3273
1341 65.2319 68.2815
1342 65.2319 68.1621
1343 65.2319 68.2595
1344 65.2319 68.5302
1345 65.2319 68.1291
1346 65.2319 68.3837
1347 65.2319 68.7253
1348 65.2319 68.9082
1349 65.2319 68.4069
1350 65.2319 67.8591
1351 65.2319 68.0065
1352 65.2319 68.0794
1353 65.2319 68.702
1354 65.2319 67.7384
1355 65.2319 67.5228
1356 65.2319 67.9635
1357 65.2319 68.3352
1358 65.2319 68.7729
1359 65.2319 68.4303
1360 65.2319 68.36
1361 65.2319 68.1969
1362 65.2319 68.0192
1363 65.2319 68.2456
1364 65.2319 68.3637
1365 65.2319 68.7312
1366 65.2319 68.2396
1367 65.2319 68.2966
1368 65.2319 68.4815
1369 65.2319 68.3564
1370 65.2319 68.0561
1371 65.2319 68.0009
1372 65.2319 67.3974
1373 65.2319 67.3704
1374 65.2319 67.7322
1375 65.2319 67.7757
1376 65.2319 68.1416
1377 65.2319 68.4781
1378 65.2319 69.2259
1379 65.2319 68.1765
1380 65.2319 67.8304
1381 65.2319 67.6007
1382 65.2319 67.4695
1383 65.2319 67.2438
1384 65.2319 67.8157
1385 65.2319 67.7894
1386 65.2319 67.9835
1387 65.2319 68.3054
1388 65.2319 68.1599
1389 65.2319 68.0804
1390 65.2319 68.9897
1391 65.2319 68.7516
1392 65.2319 67.6338
1393 65.2319 67.8641
1394 65.2319 68.2163
1395 65.2319 68.7886
1396 65.2319 68.7677
1397 65.2319 68.3257
1398 65.2319 68.324
1399 65.2319 68.5069
1400 64.9522 68.36
1401 64.9522 68.3643
1402 64.9128 67.8329
1403 64.9128 67.9034
1404 64.9128 67.8985
1405 64.9128 68.0051
1406 64.9128 67.5584
1407 64.9128 67.4212
1408 64.9128 68.4079
1409 64.9128 68.9264
1410 64.9128 67.368
1411 64.9128 67.4357
1412 64.9128 68.1724
1413 64.9128 67.7432
1414 64.9128 67.9163
1415 64.9128 67.4806
1416 64.9128 67.5703
1417 64.9128 67.1759
1418 64.9128 67.1749
1419 64.9128 67.0968
1420 64.9128 67.3867
1421 64.9128 67.204
1422 64.9128 66.8742
1423 64.9128 67.6276
1424 64.9128 66.6828
1425 64.9128 66.626
1426 64.9128 67.0799
1427 64.9128 66.9414
1428 64.9128 67.3091
1429 64.9128 67.4913
1430 64.9128 67.9073
1431 64.9128 67.9796
1432 64.9128 67.6859
1433 64.9128 67.1242
1434 64.9128 67.9068
1435 64.9128 67.8971
1436 64.9128 67.7748
1437 64.9128 67.7055
1438 64.9128 67.5871
1439 64.9128 67.9699
1440 64.9128 68.1053
1441 64.9128 68.3849
1442 64.9128 68.2007
1443 64.9128 68.0714
1444 64.9128 67.4601
1445 64.9128 67.3376
1446 64.9128 68.6295
1447 64.9128 67.9037
1448 64.9128 68.1265
1449 64.9128 67.3853
1450 64.9128 66.9282
1451 64.9128 67.5017
1452 64.9128 68.122
1453 64.9128 68.5368
1454 64.9128 68.6819
1455 64.9128 69.7489
1456 64.9128 68.9393
1457 64.9128 69.0837
1458 64.9128 68.3727
1459 64.9128 68.2311
1460 64.9128 68.1203
1461 64.9128 68.4273
1462 64.9128 68.052
1463 64.9128 67.9223
1464 64.9128 68.0059
1465 64.9128 68.577
1466 64.9128 68.2156
1467 64.9128 68.1539
1468 64.9128 67.8506
1469 64.9128 67.362
1470 64.9128 67.7952
1471 64.9128 67.932
1472 64.9128 68.0342
1473 64.9128 67.3383
1474 64.9128 67.06
1475 64.9128 67.4887
1476 64.9128 67.3151
1477 64.9128 67.53
1478 64.9128 67.5304
1479 64.9128 67.8871
1480 64.9128 68.3334
1481 64.9128 67.4825
1482 64.9128 66.9199
1483 64.9128 66.8102
1484 64.9128 67.2306
1485 64.9128 66.8196
1486 64.9128 66.5289
1487 64.9128 66.707
1488 64.9128 66.7718
1489 64.9128 67.3523
1490 64.9128 67.735
1491 64.9128 67.7857
1492 64.9128 67.3766
1493 64.9128 67.9655
1494 64.9128 68.6951
1495 64.9128 68.6766
1496 64.9128 68.0889
1497 64.9128 68.1038
1498 64.9128 68.0388
1499 64.9128 68.0972
1500 64.9128 67.8624
1501 64.9128 69.1649
1502 64.9128 68.1737
1503 64.9128 68.7281
1504 64.9128 69.4249
1505 64.9128 68.5201
1506 64.9128 68.8404
1507 64.9128 68.5451
1508 64.9128 68.3834
1509 64.9128 68.38
1510 64.9128 68.2882
1511 64.9128 68.4483
1512 64.9128 68.1931
1513 64.9128 67.9994
1514 64.9128 67.7162
1515 64.9128 67.3699
1516 64.9128 67.6275
1517 64.9128 68.6771
1518 64.9128 68.1826
1519 64.9128 68.1398
1520 64.9128 67.9903
1521 64.9128 68.2342
1522 64.9128 67.7397
1523 64.9128 68.5032
1524 64.9128 68.1771
1525 64.9128 68.2433
1526 64.9128 67.6006
1527 64.9128 66.9772
1528 64.9128 67.5226
1529 64.9128 68.1394
1530 64.9128 68.1772
1531 64.9128 68.111
1532 64.9128 68.4545
1533 64.9128 67.8569
1534 64.9128 67.9845
1535 64.9128 68.1106
1536 64.9128 68.343
1537 64.9128 68.2096
1538 64.9128 67.4696
1539 64.9128 67.4431
1540 64.9128 67.233
1541 64.9128 67.172
1542 64.9128 67.5405
1543 64.9128 67.8396
1544 64.9128 67.8074
1545 64.9128 67.9281
1546 64.9128 67.3523
1547 64.9128 67.6713
1548 64.9128 67.814
1549 64.9128 67.6964
1550 64.9128 68.6825
1551 64.9128 68.179
1552 64.9128 68.5033
1553 64.9128 68.536
1554 64.9128 68.1099
1555 64.9128 67.9947
1556 64.9128 67.4496
1557 64.9128 67.3008
1558 64.9128 68.4645
1559 64.9128 68.0106
1560 64.9128 67.8114
1561 64.9128 68.255
1562 64.9128 67.4932
1563 64.9128 67.4401
1564 64.9128 67.637
1565 64.9128 67.6947
1566 64.9128 67.1946
1567 64.9128 68.0265
1568 64.9128 67.6723
1569 64.9128 67.5735
1570 64.9128 68.1591
1571 64.9128 67.6145
1572 64.9128 67.8815
1573 64.9128 67.4327
1574 64.9128 67.8463
1575 64.9128 67.5168
1576 64.9128 67.3604
1577 64.9128 67.8375
1578 64.9128 67.8911
1579 64.9128 67.7269
1580 64.9128 68.3627
1581 64.9128 68.3524
1582 64.9128 67.8991
1583 64.9128 67.9469
1584 64.9128 67.2464
1585 64.9128 67.7464
1586 64.9128 67.8963
1587 64.9128 67.5192
1588 64.9128 67.1855
1589 64.9128 67.2869
1590 64.9128 66.6633
1591 64.9128 66.6171
1592 64.9128 67.1404
1593 64.9128 66.941
1594 64.9128 67.0325
1595 64.9128 67.4134
1596 64.9128 67.1835
1597 64.9128 67.4478
1598 64.9128 67.4195
1599 64.9128 67.859
1600 64.9128 67.7914
1601 64.9128 67.6388
1602 64.9128 67.5625
1603 64.9128 66.9768
1604 64.9128 66.9593
1605 64.9128 67.0591
1606 64.9128 67.474
1607 64.9128 67.4477
1608 64.9128 67.4368
1609 64.9128 67.5531
1610 64.9128 67.864
1611 64.9128 68.6356
1612 64.9128 68.6593
1613 64.9128 68.0096
1614 64.9128 68.034
1615 64.9128 68.2655
1616 64.9128 67.7037
1617 64.9128 67.9601
1618 64.9128 66.8678
1619 64.9128 66.9215
1620 64.9128 67.4589
1621 64.9128 67.3376
1622 64.9128 67.562
1623 64.9128 67.5998
1624 64.9128 67.1621
1625 64.9128 67.4826
1626 64.9128 67.1606
1627 64.9128 67.3299
1628 64.9128 67.7447
1629 64.9128 67.7688
1630 64.9128 68.3732
1631 64.9128 68.112
1632 64.9128 68.2026
1633 64.9128 67.295
1634 64.9128 67.1382
1635 64.9128 67.4301
1636 64.9128 67.2934
1637 64.9128 68.2098
1638 64.9128 68.0431
1639 64.9128 67.8285
1640 64.9128 67.4542
1641 64.9128 67.2688
1642 64.9128 67.2783
1643 64.9128 67.5797
1644 64.9128 67.5047
1645 64.9128 67.837
1646 64.9128 67.7091
1647 64.9128 67.304
1648 64.9128 67.6634
1649 64.9128 67.7192
1650 64.9128 67.8693
1651 64.9128 67.6514
1652 64.9128 68.1019
1653 64.9128 68.4082
1654 64.9128 67.9488
1655 64.9128 67.81
1656 64.9128 67.6571
1657 64.9128 67.4322
1658 64.9128 66.7687
1659 64.9128 67.1695
1660 64.9128 67.1015
1661 64.9128 67.9039
1662 64.9128 68.7044
1663 64.9128 68.4413
1664 64.9128 68.121
1665 64.9128 68.298
1666 64.9128 68.0902
1667 64.9128 67.8257
1668 64.9128 67.6526
1669 64.9128 67.7363
1670 64.9128 67.6292
1671 64.9128 67.8813
1672 64.9128 68.2732
1673 64.9128 68.5604
1674 64.9128 68.1265
1675 64.9128 68.6405
1676 64.9128 68.5621
1677 64.9128 68.6762
1678 64.9128 67.9708
1679 64.9128 68.1573
1680 64.9128 68.3285
1681 64.9128 68.4106
1682 64.9128 67.9749
1683 64.9128 67.992
1684 64.9128 68.3419
1685 64.9128 68.3878
1686 64.9128 68.5263
1687 64.9128 68.1315
1688 64.9128 68.6532
1689 64.9128 68.6957
1690 64.9128 68.973
1691 64.9128 68.3724
1692 64.9128 68.0591
1693 64.9128 68.1865
1694 64.9128 68.0404
1695 64.9128 67.5944
1696 64.9128 67.5283
1697 64.9128 67.785
1698 64.9128 67.2462
1699 64.9128 67.6397
1700 64.9128 68.038
1701 64.9128 68.0553
1702 64.9128 68.5763
1703 64.9128 68.5669
1704 64.9128 68.5137
1705 64.9128 68.5521
1706 64.9128 68.6107
1707 64.9128 67.9
1708 64.9128 67.9397
1709 64.9128 67.9459
1710 64.9128 67.5273
1711 64.9128 67.853
1712 64.9128 67.9662
1713 64.9128 68.1571
1714 64.9128 67.6912
1715 64.9128 67.8865
1716 64.9128 68.2388
1717 64.9128 67.587
1718 64.9128 67.9972
1719 64.9128 68.0256
1720 64.9128 67.7004
1721 64.9128 68.0981
1722 64.9128 67.6222
1723 64.9128 68.1819
1724 64.9128 68.0366
1725 64.9128 68.044
1726 64.9128 68.5217
1727 64.9128 68.5463
1728 64.9128 67.9621
1729 64.9128 67.9236
1730 64.9128 67.0204
1731 64.9128 67.316
1732 64.9128 67.3687
1733 64.9128 67.3133
1734 64.9128 67.2738
1735 64.9128 67.7845
1736 64.9128 67.4417
1737 64.9128 67.551
1738 64.9128 67.8055
1739 64.9128 67.7568
1740 64.9128 67.9244
1741 64.9128 67.5071
1742 64.9128 67.8781
1743 64.9128 68.1051
1744 64.9128 68.0439
1745 64.9128 67.7072
1746 64.9128 67.2142
1747 64.9128 67.2296
1748 64.9128 66.8714
1749 64.9128 67.7314
1750 64.9128 68.2396
1751 64.9128 67.9481
1752 64.9128 67.7502
1753 64.9128 67.8746
1754 64.9128 67.8121
1755 64.9128 67.8518
1756 64.9128 68.7186
1757 64.9128 68.2989
1758 64.9128 68.3198
1759 64.9128 68.0575
1760 64.9128 68.5883
1761 64.9128 67.8663
1762 64.9128 68.3248
1763 64.9128 68.5849
1764 64.9128 68.5845
1765 64.9128 68.2777
1766 64.9128 68.2617
1767 64.9128 67.6805
1768 64.9128 67.6264
1769 64.9128 67.5869
1770 64.9128 67.8586
1771 64.9128 67.4593
1772 64.9128 67.5372
1773 64.9128 68.2015
1774 64.9128 67.9971
1775 64.9128 68.3274
1776 64.9128 67.8254
1777 64.9128 68.2846
1778 64.9128 67.7802
1779 64.9128 67.5464
1780 64.9128 67.7791
1781 64.9128 68.2987
1782 64.9128 67.9775
1783 64.9128 68.0106
1784 64.9128 67.7466
1785 64.9128 67.6674
1786 64.9128 67.6871
1787 64.9128 67.6552
1788 64.9128 67.6144
1789 64.9128 67.1431
1790 64.9128 66.8879
1791 64.9128 67.0317
1792 64.9128 66.9514
1793 64.9128 67.4619
1794 64.9128 67.2271
1795 64.9128 67.1853
1796 64.9128 67.6723
1797 64.9128 68.3564
1798 64.9128 68.8464
1799 64.9128 68.5262
1800 64.9128 68.2801
1801 64.9128 68.2488
1802 64.9128 68.1124
1803 64.9128 67.8335
1804 64.9128 67.0407
1805 64.9128 67.4551
1806 64.9128 67.3111
1807 64.9128 67.2279
1808 64.9128 67.9701
1809 64.9128 68.2711
1810 64.9128 68.0993
1811 64.9128 67.6297
1812 64.9128 67.2119
1813 64.9128 67.9484
1814 64.9128 68.2939
1815 64.9128 68.1106
1816 64.9128 67.7713
1817 64.9128 68.4606
1818 64.9128 68.3192
1819 64.9128 68.1791
1820 64.9128 68.0779
1821 64.9128 67.9309
1822 64.9128 67.3751
1823 64.9128 67.8562
1824 64.9128 68.0066
1825 64.9128 67.975
1826 64.9128 67.7909
1827 64.9128 67.722
1828 64.9128 67.495
1829 64.9128 67.1326
1830 64.9128 67.9541
1831 64.9128 67.8831
1832 64.9128 68.0767
1833 64.9128 67.4722
1834 64.9128 67.269
1835 64.9128 67.9989
1836 64.9128 67.3034
1837 64.9128 67.4956
1838 64.9128 67.5563
1839 64.9128 67.6604
1840 64.9128 68.3632
1841 64.9128 68.2518
1842 64.9128 68.0786
1843 64.9128 68.0617
1844 64.9128 68.2143
1845 64.9128 68.0346
1846 64.9128 68.0646
1847 64.9128 68.2443
1848 64.9128 67.9289
1849 64.9128 67.9409
1850 64.9128 67.8224
1851 64.9128 67.3044
1852 64.9128 68.0502
1853 64.9128 67.8725
1854 64.9128 67.5687
1855 64.9128 67.5812
1856 64.9128 67.2775
1857 64.9128 67.1477
1858 64.9128 66.91
1859 64.9128 66.9621
1860 64.9128 67.3089
1861 64.9128 67.5035
1862 64.9128 67.4909
1863 64.9128 67.4818
1864 64.9128 67.6674
1865 64.9128 67.7557
1866 64.9128 67.7564
1867 64.9128 67.1091
1868 64.9128 66.9404
1869 64.9128 67.4508
1870 64.9128 67.1282
1871 64.9128 67.1369
1872 64.9128 67.187
1873 64.9128 67.0965
1874 64.9128 67.5176
1875 64.9128 68.1004
1876 64.9128 67.8922
1877 64.9128 67.8564
1878 64.9128 67.8349
1879 64.9128 67.5941
1880 64.9128 67.8096
1881 64.9128 67.738
1882 64.9128 68.0023
1883 64.9128 67.8865
1884 64.9128 67.5554
1885 64.9128 67.3145
1886 64.9128 67.2934
1887 64.9128 67.3984
1888 64.9128 67.7876
1889 64.9128 67.8665
1890 64.9128 68.4357
1891 64.9128 68.4607
1892 64.9128 68.463
1893 64.9128 68.2676
1894 64.9128 68.7486
1895 64.9128 68.3018
1896 64.9128 67.6002
1897 64.9128 67.843
1898 64.9128 68.126
1899 64.9128 68.286
1900 64.9128 68.6202
1901 64.9128 67.9015
1902 64.9128 68.1259
1903 64.9128 68.3312
1904 64.9128 68.4564
1905 64.9128 68.2866
1906 64.9128 67.7034
1907 64.9128 67.5143
1908 64.9128 67.1495
1909 64.9128 67.1815
1910 64.9128 67.4132
1911 64.9128 67.4327
1912 64.9128 67.4303
1913 64.9128 68.1684
1914 64.9128 67.7853
1915 64.9128 68.4632
1916 64.9128 67.9985
1917 64.9128 67.9338
1918 64.9128 67.5124
1919 64.9128 68.0949
1920 64.9128 67.7028
1921 64.9128 67.5119
1922 64.9128 67.4937
1923 64.9128 67.542
1924 64.9128 67.5666
1925 64.9128 67.594
1926 64.9128 67.8762
1927 64.9128 68.4351
1928 64.9128 67.4117
1929 64.9128 67.4204
1930 64.9128 67.5215
1931 64.9128 67.7387
1932 64.9128 67.393
1933 64.9128 67.6501
1934 64.9128 68.284
1935 64.9128 68.3769
1936 64.9128 67.4577
1937 64.9128 67.4629
1938 64.9128 67.7535
1939 64.9128 67.8591
1940 64.9128 67.9623
1941 64.9128 68.5995
1942 64.9128 68.3676
1943 64.9128 68.3616
1944 64.9128 68.3738
1945 64.9128 68.2042
1946 64.9128 68.0158
1947 64.9128 68.4502
1948 64.9128 68.609
1949 64.9128 68.299
1950 64.9128 68.6614
1951 64.9128 68.6175
1952 64.9128 68.5469
1953 64.9128 68.7202
1954 64.9128 69.0599
1955 64.9128 68.6917
1956 64.9128 68.1499
1957 64.9128 67.7051
1958 64.9128 67.4594
1959 64.9128 67.2915
1960 64.9128 67.8542
1961 64.9128 67.5006
1962 64.9128 68.1741
1963 64.9128 67.5783
1964 64.9128 67.9993
1965 64.9128 68.1233
1966 64.9128 68.2731
1967 64.9128 68.4016
1968 64.9128 68.4668
1969 64.9128 68.1771
1970 64.9128 68.4478
1971 64.9128 67.8438
1972 64.9128 67.6763
1973 64.9128 68.032
1974 64.9128 67.7461
1975 64.9128 67.7409
1976 64.9128 67.6987
1977 64.9128 67.2769
1978 64.9128 67.1241
1979 64.9128 67.7601
1980 64.9128 67.2458
1981 64.9128 67.851
1982 64.9128 68.2514
1983 64.9128 67.9606
1984 64.9128 67.8455
1985 64.9128 67.4818
1986 64.9128 67.3216
1987 64.9128 67.448
1988 64.9128 67.6789
1989 64.9128 67.8885
1990 64.9128 68.0574
1991 64.9128 67.6175
1992 64.9128 67.4175
1993 64.9128 67.4627
1994 64.9128 67.9116
1995 64.9128 68.005
1996 64.9128 67.7006
1997 64.9128 67.7398
1998 64.9128 68.4027
1999 64.9128 68.9102
2000 64.9128 68.3996
