0 413.75 492.521
1 410.724 472.349
2 403.66 453.23
3 402.116 437.27
4 393.752 423.065
5 385.432 414.196
6 376.389 407.589
7 364.241 402.554
8 355.898 393.924
9 342.933 385.746
10 334.324 375.643
11 330.509 365.634
12 326.071 355.337
13 320.398 346.509
14 312.469 338.949
15 307.119 333.146
16 301.98 326.36
17 289.561 320.828
18 284.391 314.528
19 283.17 308.545
20 279.195 301.081
21 275.721 295.275
22 275.013 289.809
23 270.362 286.784
24 269.319 284.36
25 266.298 281.991
26 262.823 279.973
27 254.365 276.393
28 253.023 273.663
29 250.967 271.422
30 241.179 267.996
31 239.694 263.523
32 237.065 260.085
33 235.267 254.671
34 231.306 250.961
35 231.306 246.709
36 230.055 243.066
37 227.269 239.851
38 225.598 236.891
39 222.746 235.066
40 220.537 233.159
41 218.829 230.751
42 216.929 228.889
43 213.047 226.717
44 212.121 224.863
45 208.101 222.158
46 206.906 220.479
47 204.511 216.637
48 203.396 214.556
49 201.67 213.009
50 200.616 211.976
51 199.208 210.57
52 196.651 208.468
53 195.301 206.715
54 195.301 205.013
55 191.312 203.063
56 189.212 201.884
57 186.245 200.644
58 185.97 199.202
59 183.227 196.591
60 181.113 193.687
61 180.838 191.245
62 179.076 189.124
63 179.076 188.015
64 177.864 187.303
65 174.781 185.999
66 174.328 184.825
67 173.182 183.391
68 171.547 181.709
69 171.023 180.317
70 167.586 178.78
71 166.171 177.587
72 165.786 175.895
73 164.408 174.27
74 160.981 172.715
75 160.981 171.271
76 159.109 169.768
77 159.109 168.593
78 158.801 167.911
79 158.801 167.184
80 157.163 165.347
81 156.005 164.372
82 156.005 163.868
83 154.695 162.073
84 154.318 160.622
85 153.008 159.469
86 152.388 158.338
87 150.702 157.878
88 149.392 157.29
89 149.392 156.44
90 147.507 156.075
91 147.507 154.615
92 146.979 154.229
93 146.27 153.724
94 146.27 153.78
95 144.125 154.975
96 143.417 154.235
97 143.417 153.55
98 142.962 152.008
99 139.802 150.841
100 128.545 149.205
101 128.545 147.574
102 128.545 147.642
103 128.055 146.746
104 128.055 146.631
105 128.055 146.158
106 128.055 143.851
107 126.629 141.157
108 126.629 138.119
109 126.251 135.633
110 126.209 133.819
111 125.872 132.743
112 125.708 131.189
113 124.817 130.715
114 123.433 130.296
115 123.433 129.975
116 123.007 129.702
117 123.007 128.879
118 122.085 128.514
119 121.995 127.32
120 121.074 126.525
121 120.969 125.928
122 120.479 126.074
123 119.934 125.006
124 119.795 125.29
125 119.155 124.74
126 119.155 123.954
127 118.506 123.672
128 118.06 123.592
129 117.57 122.321
130 116.406 121.162
131 115.711 120.668
132 114.056 119.859
133 112.857 119.373
134 112.078 118.616
135 112.078 117.671
136 111.361 117.378
137 111.361 116.092
138 111.031 116.328
139 110.112 115.398
140 109.781 114.448
141 109.306 114.419
142 109.306 113.794
143 108.941 113.557
144 108.616 113.114
145 108.086 113.464
146 108.086 113.131
147 107.038 112.781
148 107.038 113.033
149 107.038 112.723
150 105.896 111.4
151 105.675 110.351
152 105.114 109.818
153 105.114 109.634
154 105.114 109.654
155 104.241 109.795
156 104.241 109.039
157 103.924 108.182
158 103.888 107.889
159 103.072 107.834
160 102.851 107.999
161 102.851 107.291
162 101.644 106.596
163 101.644 105.99
164 101.644 105.186
165 101.5 104.842
166 101.373 104.621
167 101.152 104.816
168 101.032 104.921
169 100.695 105.039
170 100.083 105.73
171 99.9007 105.211
172 99.3285 105.335
173 99.3285 104.525
174 98.9817 104.076
175 98.474 103.396
176 98.474 104.185
177 98.474 104.249
178 98.0147 105.149
179 97.8874 106.851
180 97.0547 107.325
181 97.0547 106.463
182 97.0547 106.459
183 96.827 104.497
184 96.6314 103.758
185 95.8078 102.8
186 95.3845 100.888
187 95.3845 101.32
188 95.1569 101.238
189 95.1569 100.872
190 95.1569 100.972
191 94.8946 100.775
192 94.4713 100.012
193 94.4432 99.3638
194 93.6249 98.1772
195 93.1552 98.131
196 92.7665 96.7615
197 92.7183 96.9614
198 92.3225 97.2583
199 91.8855 96.5301
200 91.8855 96.3526
201 91.3078 95.7404
202 90.4533 95.5826
203 90.4533 95.3394
204 90.4533 96.5133
205 90.4533 96.7739
206 90.4533 98.4908
207 90.3893 99.2437
208 90.3893 100.969
209 90.3893 101.757
210 90.3893 100.826
211 90.2696 100.113
212 89.7239 100.166
213 89.7239 99.0441
214 89.5911 98.6845
215 89.5911 99.3117
216 89.5911 98.5875
217 89.1944 99.0339
218 89.1944 98.8422
219 88.9745 96.7773
220 88.9745 95.0598
221 88.9745 95.9786
222 88.9745 95.9928
223 88.508 96.9917
224 88.508 96.6895
225 87.8735 96.65
226 87.8735 96.7512
227 87.4056 97.1744
228 87.383 97.8573
229 87.383 97.7655
230 86.8175 96.5231
231 86.8175 96.1102
232 85.4125 94.0858
233 85.4125 93.2648
234 85.4125 93.4817
235 85.4125 91.6111
236 85.4125 90.7294
237 84.4543 90.3035
238 84.4543 88.8533
239 84.4287 89.4564
240 84.4287 88.849
241 84.4287 88.3201
242 84.4287 88.5378
243 84.4287 87.9699
244 84.4287 87.6304
245 84.4287 87.1449
246 84.4287 87.163
247 84.4287 87.7279
248 84.4287 89.4189
249 83.7942 90.3912
250 83.7942 92.2588
251 83.7942 94.0573
252 83.7942 94.9647
253 83.7942 96.0794
254 83.7942 95.1457
255 83.7942 95.0364
256 83.7942 93.4624
257 83.7942 91.5193
258 83.7942 90.7694
259 83.7942 88.331
260 83.7942 87.9281
261 83.0483 88.3648
262 83.0483 87.7081
263 83.0483 87.5664
264 83.0483 86.4524
265 82.3302 86.7912
266 82.3302 86.3963
267 82.3302 86.4452
268 82.3302 85.4029
269 82.2332 85.0055
270 82.2332 85.5981
271 82.2284 84.9013
272 82.0212 84.6758
273 81.6747 84.5708
274 81.5596 84.8662
275 81.0803 84.3624
276 80.9834 84.664
277 80.845 84.5833
278 80.845 85.3169
279 80.7481 85.2725
280 80.7481 86.2911
281 80.7481 86.3072
282 80.7481 86.2565
283 80.73 86.1333
284 80.73 85.3482
285 80.73 85.4148
286 80.73 83.8586
287 80.73 84.0303
288 80.73 84.5247
289 80.2237 84.1403
290 80.2237 84.0554
291 80.0168 83.6108
292 80.0168 83.9028
293 80.0168 83.6223
294 79.8334 83.0973
295 79.6265 82.4896
296 79.5693 82.7208
297 78.9719 83.0524
298 78.9719 82.8576
299 78.9719 83.8132
300 76.9592 84.0568
301 76.9411 83.8035
302 76.9411 84.7094
303 76.9411 83.9195
304 76.9411 84.4752
305 76.9411 82.9367
306 76.9411 82.7403
307 76.042 81.8076
308 76.042 81.2744
309 75.9473 80.4418
310 75.9473 79.8955
311 75.8856 80.4876
312 75.6151 80.5299
313 75.5498 80.6151
314 75.4356 79.8479
315 75.3703 79.7525
316 75.3085 79.6327
317 75.0798 79.1538
318 74.9003 78.493
319 74.8386 78.5014
320 74.8386 77.2057
321 74.4502 77.5006
322 74.4502 77.9237
323 74.4502 78.0794
324 74.4502 77.912
325 74.0082 78.4393
326 74.0082 78.8177
327 74.0082 77.4129
328 74.0082 77.1267
329 74.0082 77.628
330 73.8676 76.8514
331 73.701 77.4136
332 73.1455 76.9234
333 73.0311 76.2799
334 73.0311 76.4973
335 72.8817 76.8557
336 72.8817 76.0314
337 72.8817 76.097
338 72.8817 76.365
339 72.8817 76.2696
340 72.8817 75.9958
341 72.8817 76.1486
342 72.8817 76.2148
343 72.8817 75.9296
344 72.8817 76.2975
345 72.8817 76.2882
346 72.3237 75.853
347 72.3237 76.0095
348 72.3237 76.4239
349 72.3237 76.1162
350 72.3237 76.5135
351 72.3237 76.2196
352 72.3237 75.5842
353 72.3237 75.621
354 72.3237 74.8935
355 72.1053 74.9529
356 72.1053 75.0099
357 72.1053 74.5744
358 72.1001 74.8415
359 71.7178 74.8767
360 71.7126 75.1673
361 71.7126 75.1654
362 71.7126 74.486
363 71.7126 75.5043
364 71.6553 75.7988
365 71.6553 75.497
366 71.6553 74.8677
367 71.6553 75.2258
368 71.6181 75.4275
369 71.613 74.9661
370 71.613 75.3959
371 71.613 75.4902
372 71.613 75.0014
373 71.613 74.6006
374 71.6027 73.8787
375 71.6027 74.3362
376 71.6027 74.7093
377 71.6027 74.5206
378 71.6027 73.9914
379 71.6027 74.6276
380 71.6027 74.9831
381 71.6027 74.5423
382 71.6027 74.1968
383 71.6027 74.422
384 71.6027 74.4625
385 71.6027 74.4333
386 71.6027 74.5096
387 71.6027 74.1848
388 71.6027 74.0687
389 71.6027 74.261
390 71.6027 74.2649
391 71.6027 74.1923
392 71.6027 74.4108
393 71.6027 74.5157
394 71.0491 75.3106
395 71.0491 74.611
396 70.9034 74.2592
397 70.9034 74.7149
398 70.9034 73.8165
399 70.9034 73.8546
400 70.9034 73.6257
401 70.9034 73.2903
402 70.9034 73.2076
403 70.8093 73.8184
404 70.8093 73.7355
405 70.8093 74.6077
406 70.8093 74.5225
407 70.8093 74.3617
408 70.8093 73.5931
409 70.8093 74.1436
410 70.8093 74.2715
411 70.8093 74.4879
412 70.8093 74.6303
413 70.8093 74.2427
414 70.8093 74.6124
415 70.8093 74.1401
416 70.8093 74.4077
417 70.8093 73.8759
418 70.8093 74.4532
419 70.1727 74.2703
420 70.1727 73.7696
421 70.1727 73.408
422 70.1727 73.0814
423 70.1727 73.3357
424 70.1727 72.6895
425 70.1727 72.8244
426 70.1727 73.2953
427 70.1727 73.1285
428 70.1727 72.8985
429 70.1727 72.2409
430 70.1727 71.9471
431 70.1727 72.0427
432 70.1727 72.1051
433 70.1727 72.0674
434 70.1727 72.323
435 70.1727 71.9765
436 70.1155 71.8806
437 70.1155 72.3885
438 70.1155 72.9321
439 70.1155 73.5405
440 70.1155 73.9499
441 70.1155 74.0943
442 70.1155 73.2119
443 70.1155 73.2333
444 70.1155 73.2997
445 69.9687 73.4048
446 69.9645 72.6701
447 69.9645 73.0585
448 69.9645 72.7251
449 69.9645 72.9536
450 69.9645 73.2489
451 69.9645 73.3473
452 69.9645 73.445
453 69.9645 73.5543
454 69.9645 73.6012
455 69.9645 72.9553
456 69.9645 73.2033
457 69.9539 73.3459
458 69.9539 73.4869
459 69.9539 73.3341
460 69.9539 73.6667
461 69.9539 73.7254
462 69.9539 72.4462
463 69.9539 72.9402
464 69.9539 73.1565
465 69.9539 72.1449
466 69.9539 72.228
467 69.7506 71.8253
468 69.7506 71.8045
469 69.7506 72.4798
470 69.7506 72.8689
471 69.7506 72.9979
472 69.7506 73.3934
473 69.5842 72.7613
474 69.5842 72.2291
475 69.5842 72.6446
476 69.5842 72.0529
477 69.5842 72.537
478 69.5842 72.8866
479 69.5842 72.1251
480 69.5842 72.5195
481 69.5842 72.7436
482 69.5842 72.4274
483 69.5842 72.5859
484 69.5842 73.3178
485 69.5842 73.0305
486 69.5842 73.2932
487 69.5842 72.6351
488 69.5842 72.5868
489 69.5842 72.7387
490 69.5842 72.6163
491 69.4793 71.9506
492 69.4793 72.1384
493 69.4793 72.7998
494 69.4793 72.8036
495 69.4793 73.0987
496 69.1786 72.7973
497 69.0737 72.6566
498 69.0737 72.9448
499 69.0737 72.4404
500 68.5728 72.4304
501 68.488 73.1073
502 68.2828 73.6538
503 68.2647 73.5635
504 68.2647 72.9366
505 68.255 72.5845
506 68.2369 73.113
507 68.2369 72.7233
508 68.2369 72.2301
509 68.2369 71.9835
510 68.2369 71.6615
511 68.0766 71.0608
512 68.0766 71.5557
513 68.0766 71.4475
514 68.0766 71.0663
515 68.0766 70.7126
516 68.0766 71.1306
517 68.0766 71.3774
518 68.0766 71.6677
519 68.0766 71.3965
520 68.0766 71.5823
521 68.0766 71.2178
522 68.0766 71.1401
523 67.5188 71.4356
524 67.5188 70.8988
525 67.1354 71.1751
526 67.1354 70.0909
527 67.1354 70.2804
528 67.1354 69.6621
529 67.1354 69.6492
530 67.1354 69.7896
531 67.1354 69.291
532 67.1354 69.1164
533 67.1354 69.6992
534 67.1354 69.7191
535 67.1354 69.5513
536 67.1354 69.5101
537 67.1354 69.3167
538 67.1354 69.1914
539 67.1354 69.429
540 66.8795 69.65
541 66.8795 70.6219
542 66.8795 70.2078
543 66.8795 70.5471
544 66.8795 70.2921
545 66.8795 70.0015
546 66.7427 69.3449
547 66.7427 69.5463
548 66.7427 69.8947
549 66.7427 69.6005
550 66.7427 69.5296
551 66.7427 69.6703
552 66.7427 70.0593
553 66.7427 69.924
554 66.7427 69.4778
555 66.7427 69.5286
556 66.7427 69.5583
557 66.7427 69.9787
558 66.7427 69.6429
559 66.7427 70.0861
560 66.7427 70.3267
561 66.7427 70.3648
562 66.7427 69.9783
563 66.7427 69.9917
564 66.7287 70.3398
565 66.7287 69.986
566 66.7287 70.2545
567 66.7287 70.0347
568 66.7287 70.0759
569 66.7287 70.2557
570 66.7287 70.675
571 66.7287 70.7882
572 66.7287 70.4394
573 66.7287 70.6156
574 66.7287 70.1906
575 66.7287 69.8022
576 66.7287 69.7428
577 66.7287 69.5301
578 66.7287 69.5969
579 66.7287 69.7404
580 66.7287 68.8403
581 66.7287 69.138
582 66.7287 69.2003
583 66.7287 68.7334
584 66.7287 68.8655
585 66.7287 69.7089
586 66.7287 69.6359
587 66.7287 69.4299
588 66.7287 69.9466
589 66.7287 69.8295
590 66.7287 69.8445
591 66.7287 69.8122
592 66.7287 69.3846
593 66.7287 69.0299
594 66.6039 68.6525
595 66.6039 68.9838
596 66.6039 68.7033
597 66.6039 69.5615
598 66.6039 69.3822
599 66.6039 70.2447
600 66.5419 69.1905
601 66.5419 68.4433
602 66.3214 68.8041
603 66.0693 69.7326
604 66.0693 70.1626
605 66.0693 70.0155
606 66.0693 70.1762
607 66.0693 69.6951
608 66.0693 69.4438
609 66.0693 69.766
610 66.0693 70.0829
611 66.0693 71.165
612 66.0693 72.1984
613 66.0693 73.5756
614 66.0693 74.0982
615 66.0693 75.9757
616 66.0693 76.0664
617 66.0693 76.2316
618 66.0693 75.8903
619 66.0693 74.3686
620 66.0693 73.1857
621 66.0693 71.7203
622 66.0693 71.3753
623 66.0693 69.9812
624 66.0693 70.4274
625 66.0693 69.238
626 66.0693 69.2797
627 66.0693 69.2318
628 66.0693 68.8961
629 66.0693 68.4704
630 66.0693 68.7979
631 66.0693 68.9191
632 66.0693 68.2735
633 66.0693 68.5153
634 66.0693 68.5739
635 66.0693 69.0581
636 66.0693 69.7342
637 66.0693 70.1126
638 66.0693 69.1069
639 66.0693 68.8506
640 66.0693 68.3475
641 66.0693 68.8548
642 66.0693 68.2124
643 65.8456 68.5803
644 65.8456 68.9448
645 65.8456 69.8254
646 65.8456 69.845
647 65.8456 70.0465
648 65.8456 69.7395
649 65.8456 69.3552
650 65.8456 68.4362
651 65.8456 68.5575
652 65.8456 68.5679
653 65.8456 68.6928
654 65.8456 68.336
655 65.8456 69.3046
656 65.8456 68.4883
657 65.8456 68.2527
658 65.8456 68.8081
659 65.8456 68.816
660 65.8456 68.9887
661 65.8456 68.506
662 65.8456 68.6972
663 65.8456 68.8101
664 65.8456 68.2104
665 65.8456 68.6869
666 65.8456 68.774
667 65.8456 68.2979
668 65.8456 67.9099
669 65.8456 68.1302
670 65.8456 67.9255
671 65.8456 68.5729
672 65.8456 68.535
673 65.8456 68.6353
674 65.8456 68.892
675 65.8456 68.7821
676 65.8456 68.9808
677 65.8456 67.6354
678 65.8456 68.1801
679 65.8456 69.3097
680 65.8456 68.6761
681 65.8456 67.7358
682 65.8456 67.9333
683 65.8456 68.43
684 65.8456 68.5767
685 65.8456 68.95
686 65.8456 68.4985
687 65.8456 68.5242
688 65.8456 68.5029
689 65.8456 68.646
690 65.8456 69.0325
691 65.8456 68.6501
692 65.8456 69.4376
693 65.8456 69.5297
694 65.8456 68.8631
695 65.8456 68.892
696 65.8456 69.316
697 65.8456 68.9481
698 65.8456 69.274
699 65.8456 69.4796
700 65.6248 69.2489
701 65.6248 69.7383
702 65.6248 70.2733
703 65.6248 72.3429
704 65.6248 73.7833
705 65.6248 75.1395
706 65.6248 76.1775
707 65.6248 76.976
708 65.6248 76.4019
709 65.6248 76.5631
710 65.6248 74.1371
711 65.6248 72.9592
712 65.6248 72.2393
713 65.6248 72.0619
714 65.6248 71.2385
715 65.6248 70.7302
716 65.6248 70.2343
717 65.6248 69.2873
718 65.6248 69.3438
719 65.6248 68.6689
720 65.6248 68.9864
721 65.6248 68.8237
722 65.6248 68.3776
723 65.6248 68.6456
724 65.6248 68.8928
725 65.6248 68.879
726 65.6248 68.0352
727 65.6248 68.0604
728 65.6248 68.7771
729 65.6248 68.7147
730 65.6248 68.8681
731 65.6248 69.0807
732 65.6248 68.8369
733 65.6248 68.669
734 65.6248 68.7701
735 65.6248 68.6097
736 65.6248 69.0824
737 65.6248 69.0738
738 65.6248 68.7536
739 65.6248 68.9828
740 65.6248 68.4551
741 65.6248 68.4246
742 65.6248 68.8208
743 65.6248 68.7167
744 65.6248 68.5856
745 65.6248 68.724
746 65.6248 68.7175
747 65.6248 68.4725
748 65.6248 68.4609
749 65.6248 68.5774
750 65.6248 69.0599
751 65.6248 69.6412
752 65.6248 68.7977
753 65.6248 68.5997
754 65.6248 68.6515
755 65.6248 68.4308
756 65.6248 67.9352
757 65.6248 68.2639
758 65.6248 68.2789
759 65.6248 68.3742
760 65.6248 68.6242
761 65.6248 68.8468
762 65.6248 69.6519
763 65.6248 69.6658
764 65.6248 69.6338
765 65.6248 69.2162
766 65.6248 69.5574
767 65.6248 69.6566
768 65.6248 69.5669
769 65.6248 69.4843
770 65.6248 69.0482
771 65.6248 68.4347
772 65.6248 68.5961
773 65.6248 68.6455
774 65.6248 68.9345
775 65.6248 68.6075
776 65.6248 69.1137
777 65.6248 69.0928
778 65.6248 69.1074
779 65.6248 69.2361
780 65.6248 68.8766
781 65.6248 68.8419
782 65.6248 68.3428
783 65.6248 68.8269
784 65.6248 68.7018
785 65.6248 68.8896
786 65.6248 68.1979
787 65.6248 68.0629
788 65.6248 68.4581
789 65.6248 68.4896
790 65.6248 68.3896
791 65.6248 68.3513
792 65.6248 68.7582
793 65.6248 68.3794
794 65.6248 68.7751
795 65.6248 68.4668
796 65.6248 68.5663
797 65.6248 69.1647
798 65.6248 69.8436
799 65.6248 69.8912
800 65.6248 70.2651
801 65.6248 69.0414
802 65.6248 68.2853
803 65.6248 67.7812
804 65.5343 67.8773
805 65.5343 68.4071
806 65.5343 68.8717
807 65.5343 68.9263
808 65.5343 68.8459
809 65.5343 68.7759
810 65.5343 69.0678
811 65.5343 69.1173
812 65.5343 68.6073
813 65.5343 68.5343
814 65.5343 67.7638
815 65.5343 67.9044
816 65.5343 67.8941
817 65.5343 67.4028
818 65.5343 67.8934
819 65.5343 68.2245
820 65.5343 68.1315
821 65.5343 67.7536
822 65.5343 68.247
823 65.5343 67.6028
824 65.5343 68.1492
825 65.5343 67.8241
826 65.5343 68.9962
827 65.5343 69.0375
828 65.5343 68.4608
829 65.5343 68.7676
830 65.5343 67.9096
831 65.5343 67.9788
832 65.5343 67.9924
833 65.5343 68.2235
834 65.5343 67.8375
835 65.5343 67.8997
836 65.5343 67.6279
837 65.5343 68.046
838 65.5343 67.734
839 65.5343 67.9709
840 65.5343 68.4503
841 65.5343 68.3068
842 65.5343 68.3824
843 65.5343 68.2464
844 65.5343 68.5271
845 65.5343 68.0119
846 65.5343 68.4315
847 65.5343 67.9786
848 65.5343 68.3378
849 65.5343 68.529
850 65.5343 68.4217
851 65.5343 68.5506
852 65.5343 69.0064
853 65.5343 68.8125
854 65.5343 68.3079
855 65.5343 68.305
856 65.5343 68.5574
857 65.5343 68.9738
858 65.5343 68.6406
859 65.5343 69.2454
860 65.5343 69.0782
861 65.5343 68.1874
862 65.5343 67.6626
863 65.5343 68.0351
864 65.5343 68.0285
865 65.5343 67.7923
866 65.5343 68.2848
867 65.5343 68.3432
868 65.5343 68.2796
869 65.5343 68.2616
870 65.5343 67.8554
871 65.5343 68.0967
872 65.5343 68.3172
873 65.5343 67.7642
874 65.5343 67.9281
875 65.5343 68.3105
876 65.5343 68.6478
877 65.5343 68.6275
878 65.5343 68.7356
879 65.5343 68.6559
880 65.5343 68.2615
881 65.5343 68.2494
882 65.5343 67.8029
883 65.5343 67.9536
884 65.5343 68.0641
885 65.5343 67.9106
886 65.5343 67.9071
887 65.5343 67.7661
888 65.5343 67.9358
889 65.5343 67.7612
890 65.5343 68.022
891 65.5343 69.1788
892 65.5343 68.6618
893 65.5343 68.1863
894 65.5343 68.9169
895 65.5343 68.31
896 65.5343 68.0997
897 65.5343 67.6837
898 65.5343 68.3884
899 65.5343 68.6684
900 65.5343 68.5612
901 65.5343 68.3415
902 65.5343 68.347
903 65.5343 68.6864
904 65.5343 69.1555
905 65.5343 68.6117
906 65.5343 68.2823
907 65.5343 68.3463
908 65.5343 68.7752
909 65.5343 69.1377
910 65.5343 68.6877
911 65.5343 69.2364
912 65.5343 68.0886
913 65.5343 67.9549
914 65.5343 67.7492
915 65.5343 68.1443
916 65.5343 68.6985
917 65.5343 68.707
918 65.5343 68.9434
919 65.5343 69.5072
920 65.5343 69.371
921 65.5343 69.776
922 65.5343 69.9192
923 65.5343 69.1548
924 65.5343 69.1296
925 65.5343 69.4146
926 65.5343 69.5216
927 65.5343 68.8923
928 65.5343 68.4959
929 65.5343 68.6433
930 65.5343 69.0492
931 65.5343 68.6842
932 65.5343 68.1748
933 65.5343 67.7723
934 65.5343 68.3998
935 65.5343 67.756
936 65.5343 67.9563
937 65.5343 67.8169
938 65.5343 67.7549
939 65.5343 68.0488
940 65.5343 68.5113
941 65.5343 67.8903
942 65.5343 68.0103
943 65.5343 68.3285
944 65.5343 68.474
945 65.5343 68.6814
946 65.5343 68.1273
947 65.5343 67.711
948 65.5343 68.2137
949 65.5343 67.5993
950 65.5343 67.9318
951 65.5343 68.3227
952 65.5343 68.2698
953 65.5343 68.9503
954 65.5343 68.5691
955 65.5343 68.4877
956 65.5343 68.094
957 65.5343 68.7233
958 65.5343 68.8555
959 65.5343 68.7696
960 65.5343 68.7266
961 65.5343 68.2023
962 65.5343 68.5953
963 65.5343 69.2101
964 65.5343 69.4409
965 65.5343 68.3873
966 65.5343 68.2119
967 65.5343 67.9351
968 65.5343 68.331
969 65.5343 68.1603
970 65.5343 68.1242
971 65.5343 67.4565
972 65.5343 67.2338
973 65.5343 67.3631
974 65.5343 67.1317
975 65.5343 67.8247
976 65.5343 68.0691
977 65.5343 68.3409
978 65.5343 68.5299
979 65.5343 68.3287
980 65.5343 68.6055
981 65.5343 68.7432
982 65.5343 67.9961
983 65.5343 67.5149
984 65.5343 67.4573
985 65.5343 67.7681
986 65.5343 67.6311
987 65.5343 67.7331
988 65.5343 68.4231
989 65.5343 68.9905
990 65.5343 68.8741
991 65.5343 68.8309
992 65.5343 68.45
993 65.5343 68.1876
994 65.5343 68.8825
995 65.5343 69.385
996 65.5343 69.6108
997 65.5343 69.2492
998 65.5252 68.7728
999 65.5252 68.8045
1000 65.3119 68.8535
1001 65.3119 68.7888
1002 65.3119 68.0698
1003 65.3119 68.2869
1004 65.3119 68.1071
1005 65.3119 68.0155
1006 65.3119 67.828
1007 65.3119 68.1233
1008 65.3119 67.9957
1009 65.3119 67.7452
1010 65.3119 67.8987
1011 65.3119 68.3711
1012 65.3119 68.5285
1013 65.3119 67.5949
1014 65.3119 67.0805
1015 65.3119 67.5311
1016 65.3119 68.6384
1017 65.3119 68.7978
1018 65.3119 68.0213
1019 65.3119 68.4261
1020 65.3119 67.9108
1021 65.3119 68.3479
1022 65.3119 67.7409
1023 65.3119 67.4717
1024 65.3119 68.0074
1025 65.3119 67.6429
1026 65.3119 67.9762
1027 65.3119 67.9127
1028 65.3119 67.8567
1029 65.3119 68.056
1030 65.3119 67.8491
1031 65.3119 67.7006
1032 65.3119 67.9049
1033 65.3119 68.3045
1034 65.3119 68.3068
1035 65.3119 67.9942
1036 65.3119 67.727
1037 65.3119 67.4709
1038 65.3119 67.6703
1039 65.3119 67.8436
1040 65.3119 68.0441
1041 65.3119 68.2181
1042 65.3119 68.0398
1043 65.3119 68.471
1044 65.3119 67.9413
1045 65.3119 68.1982
1046 65.3119 68.0896
1047 65.3119 67.6201
1048 65.3119 67.9533
1049 65.3119 67.9265
1050 65.3119 68.3104
1051 65.3119 67.7997
1052 65.3119 67.9455
1053 65.3119 67.7685
1054 65.3119 67.751
1055 65.3119 67.5641
1056 65.3119 68.3272
1057 65.3119 68.3661
1058 65.3119 68.5849
1059 65.3119 68.5218
1060 65.3119 68.9241
1061 65.3119 68.796
1062 65.3119 68.4686
1063 65.3119 68.0835
1064 65.3119 67.87
1065 65.3119 68.9583
1066 65.3119 69.0574
1067 65.3119 68.4054
1068 65.3119 68.0107
1069 65.3119 67.8743
1070 65.3119 67.868
1071 65.3119 68.4114
1072 65.3119 68.5126
1073 65.3119 68.8022
1074 65.3119 68.6036
1075 65.3119 68.1884
1076 65.3119 68.3226
1077 65.3119 67.937
1078 65.3119 68.3291
1079 65.3119 68.0889
1080 65.3119 68.4244
1081 65.3119 68.7601
1082 65.3119 67.7837
1083 65.3119 68.4645
1084 65.3119 67.9404
1085 65.3119 67.4739
1086 65.3119 67.403
1087 65.3119 67.0211
1088 65.3119 67.0355
1089 65.3119 67.1026
1090 65.3119 67.5625
1091 65.3119 68.2805
1092 65.3119 68.43
1093 65.3119 68.2605
1094 65.3119 69.1336
1095 65.3119 68.9522
1096 65.3119 68.424
1097 65.3119 67.8045
1098 65.3119 68.345
1099 65.3119 67.9379
1100 65.3119 68.178
1101 65.3119 67.9218
1102 65.3119 67.5211
1103 65.3119 67.7801
1104 65.3119 67.8302
1105 65.3119 67.6865
1106 65.3119 68.1004
1107 65.3119 68.1832
1108 65.3119 67.7858
1109 65.3119 68.1411
1110 65.3119 68.3609
1111 65.3119 68.2596
1112 65.3119 67.7954
1113 65.3119 67.7455
1114 65.3119 67.4523
1115 65.3119 67.6929
1116 65.3119 67.6014
1117 65.3119 68.0574
1118 65.3119 67.6977
1119 65.3119 67.7976
1120 65.3119 67.8425
1121 65.3119 68.0449
1122 65.3119 67.7378
1123 65.3119 68.4786
1124 65.3119 68.2165
1125 65.3119 67.8052
1126 65.3119 67.7607
1127 65.3119 67.709
1128 65.3119 67.4058
1129 65.3119 67.3071
1130 65.3119 67.9743
1131 65.3119 67.2608
1132 65.3119 68.4186
1133 65.3119 68.6914
1134 65.3119 69.3831
1135 65.3119 69.2123
1136 65.3119 68.715
1137 65.3119 69.0021
1138 65.3119 68.6517
1139 65.3119 68.6876
1140 65.3119 68.1653
1141 65.3119 68.0112
1142 65.3119 68.004
1143 65.3119 67.8419
1144 65.3119 67.6603
1145 65.3119 67.7052
1146 65.3119 67.938
1147 65.3119 67.3836
1148 65.3119 68.6318
1149 65.3119 68.2479
1150 65.3119 68.1307
1151 65.3119 67.6535
1152 65.3119 67.5444
1153 65.3119 67.6322
1154 65.3119 67.7143
1155 65.3119 68.3314
1156 65.3119 69.1756
1157 65.3119 68.7082
1158 65.3119 69.016
1159 65.3119 69.0966
1160 65.3119 68.7869
1161 65.3119 69.0384
1162 65.3119 67.6167
1163 65.3119 67.9037
1164 65.3119 68.1832
1165 65.3119 68.2529
1166 65.3119 68.2158
1167 65.3119 68.5827
1168 65.3119 67.9065
1169 65.3119 68.1287
1170 65.3119 68.033
1171 65.3119 68.0249
1172 65.3119 68.0893
1173 65.3119 68.3992
1174 65.3119 68.2483
1175 65.3119 68.0189
1176 65.3119 67.8171
1177 65.3119 68.0259
1178 65.3119 67.8389
1179 65.3119 67.7309
1180 65.3119 67.9785
1181 65.3119 68.9444
1182 65.3119 68.7113
1183 65.3119 68.2207
1184 65.3119 68.6875
1185 65.3119 68.2233
1186 65.3119 67.3103
1187 65.3119 68.062
1188 65.3119 67.8278
1189 65.3119 67.4282
1190 65.3119 67.5356
1191 65.3119 68.4054
1192 65.3119 68.5752
1193 65.3119 68.3855
1194 65.3119 68.4936
1195 65.3119 68.9284
1196 65.3119 68.6715
1197 65.3119 68.9206
1198 65.3119 69.159
1199 65.3119 68.6518
1200 64.9522 67.6911
1201 64.9522 67.8991
1202 64.9522 67.588
1203 64.9522 67.4218
1204 64.9522 67.9594
1205 64.9522 68.0288
1206 64.9522 68.3574
1207 64.9522 67.6214
1208 64.9522 67.7492
1209 64.9522 69.7318
1210 64.9522 69.0313
1211 64.9522 67.7842
1212 64.9522 68.0637
1213 64.9522 67.9825
1214 64.9522 68.3891
1215 64.9522 68.9101
1216 64.9522 68.9692
1217 64.9522 69.0633
1218 64.9522 68.7241
1219 64.9522 68.2796
1220 64.9522 68.0008
1221 64.9522 67.359
1222 64.9522 66.9603
1223 64.9522 66.8139
1224 64.9522 66.9404
1225 64.9522 66.9291
1226 64.9522 67.8788
1227 64.9522 68.1358
1228 64.9522 68.9007
1229 64.9522 68.3651
1230 64.9522 68.7169
1231 64.9522 68.051
1232 64.9522 67.8356
1233 64.9522 67.2704
1234 64.9522 67.7847
1235 64.9522 67.5676
1236 64.9522 67.8667
1237 64.9522 68.3153
1238 64.9522 68.2621
1239 64.9522 67.7642
1240 64.9522 67.5227
1241 64.9522 68.3115
1242 64.9522 68.137
1243 64.9522 67.7155
1244 64.9522 67.2603
1245 64.9522 67.2466
1246 64.9522 67.1116
1247 64.9522 67.6467
1248 64.9522 67.3474
1249 64.9522 67.1234
1250 64.9522 67.3529
1251 64.9522 67.3211
1252 64.9522 68.0274
1253 64.9522 68.2607
1254 64.9522 68.3043
1255 64.9522 68.0825
1256 64.9522 67.9621
1257 64.9522 67.7599
1258 64.9522 67.6065
1259 64.9522 67.6357
1260 64.9522 68.105
1261 64.9522 68.251
1262 64.9522 67.932
1263 64.9522 68.0786
1264 64.9522 67.7688
1265 64.9522 67.5347
1266 64.9522 67.8321
1267 64.9522 67.527
1268 64.9522 67.8536
1269 64.9522 67.3168
1270 64.9522 67.531
1271 64.9522 67.8813
1272 64.9522 67.7616
1273 64.9522 68.8784
1274 64.9522 68.2736
1275 64.9522 67.9853
1276 64.9522 67.5229
1277 64.9522 67.5085
1278 64.9522 67.7291
1279 64.9522 67.3723
1280 64.9522 67.3696
1281 64.9522 67.5071
1282 64.9522 67.6213
1283 64.9522 68.0378
1284 64.9522 67.4945
1285 64.9522 67.2695
1286 64.9522 67.2187
1287 64.9522 66.9072
1288 64.9522 66.9611
1289 64.9522 67.3014
1290 64.9522 67.1162
1291 64.9522 66.6685
1292 64.9522 67.4569
1293 64.9522 67.1588
1294 64.9522 67.2429
1295 64.9522 67.3482
1296 64.9522 67.2751
1297 64.9522 67.2258
1298 64.9522 67.2847
1299 64.9522 67.661
1300 64.9522 68.1863
1301 64.9522 67.8098
1302 64.9522 67.9387
1303 64.9522 67.5692
1304 64.9522 67.5054
1305 64.9522 67.3835
1306 64.9522 68.0803
1307 64.9522 67.138
1308 64.9522 67.5928
1309 64.9522 67.7628
1310 64.9522 67.8848
1311 64.9522 68.2545
1312 64.9522 68.2355
1313 64.9522 68.1178
1314 64.9522 68.2258
1315 64.9522 67.8423
1316 64.9522 68.5078
1317 64.9522 68.4779
1318 64.9522 67.5645
1319 64.9522 68.7546
1320 64.9522 68.8844
1321 64.9522 69.1398
1322 64.9522 68.7715
1323 64.9522 68.5868
1324 64.9522 68.4546
1325 64.9522 68.4768
1326 64.9522 68.6588
1327 64.9522 68.6549
1328 64.9522 68.8992
1329 64.9522 69.2911
1330 64.9522 68.5564
1331 64.9522 67.8655
1332 64.9522 67.6587
1333 64.9522 67.9126
1334 64.9522 67.9544
1335 64.9522 67.7664
1336 64.9522 67.7991
1337 64.9522 68.4085
1338 64.9522 68.8234
1339 64.9522 68.2082
1340 64.9522 67.9353
1341 64.9522 68.0998
1342 64.9522 67.9735
1343 64.9522 67.6395
1344 64.9522 67.5641
1345 64.9522 67.5813
1346 64.9522 67.8208
1347 64.9522 68.0402
1348 64.9522 68.004
1349 64.9522 67.2816
1350 64.9522 67.1535
1351 64.9522 67.4529
1352 64.9522 67.5337
1353 64.9522 67.0845
1354 64.9522 67.8296
1355 64.9522 67.8963
1356 64.9522 68.1207
1357 64.9522 67.8995
1358 64.9522 68.6731
1359 64.9522 68.9297
1360 64.9522 68.23
1361 64.9522 67.8679
1362 64.9522 67.7757
1363 64.9522 67.6277
1364 64.9522 68.0365
1365 64.9522 67.5219
1366 64.9522 67.0952
1367 64.9522 66.9285
1368 64.9522 67.3258
1369 64.9522 67.5322
1370 64.9522 67.6093
1371 64.9522 67.9098
1372 64.9522 67.9346
1373 64.9522 68.2715
1374 64.9522 67.8903
1375 64.9522 67.874
1376 64.9522 67.9063
1377 64.9522 67.9225
1378 64.9522 68.1509
1379 64.9522 67.5035
1380 64.9522 67.7646
1381 64.9522 67.4265
1382 64.9522 66.8821
1383 64.9522 66.9751
1384 64.9522 67.0383
1385 64.9522 67.668
1386 64.9522 67.6604
1387 64.9522 67.7888
1388 64.9522 67.9379
1389 64.9522 67.9511
1390 64.9522 68.0169
1391 64.9522 67.219
1392 64.9522 67.3428
1393 64.9522 67.757
1394 64.9522 67.6738
1395 64.9522 67.9803
1396 64.9522 68.2247
1397 64.9522 68.3352
1398 64.9522 67.9451
1399 64.9522 68.0935
1400 64.9522 67.8639
1401 64.9522 67.5344
1402 64.9522 67.4932
1403 64.9522 67.8059
1404 64.9522 67.7625
1405 64.9522 67.2041
1406 64.9522 67.3736
1407 64.9522 66.9099
1408 64.9522 66.7967
1409 64.9522 67.2678
1410 64.9522 67.5527
1411 64.9522 67.1798
1412 64.9522 67.0536
1413 64.9522 68.0905
1414 64.9522 67.9315
1415 64.9522 67.6889
1416 64.9522 67.6687
1417 64.9522 68.2607
1418 64.9522 68.1013
1419 64.9522 68.2861
1420 64.9522 68.2297
1421 64.9522 67.2215
1422 64.9522 67.7697
1423 64.9522 67.684
1424 64.9522 67.5241
1425 64.9522 68.2609
1426 64.9522 67.9319
1427 64.9522 67.6727
1428 64.9522 68.0537
1429 64.9522 67.6722
1430 64.9522 67.4047
1431 64.9522 67.7973
1432 64.9522 67.551
1433 64.9522 68.4649
1434 64.9522 67.9092
1435 64.9522 68.4018
1436 64.9522 68.0704
1437 64.9522 68.6513
1438 64.9522 68.4364
1439 64.9522 68.7895
1440 64.9522 68.2908
1441 64.9522 68.2882
1442 64.9522 68.3418
1443 64.9522 67.9088
1444 64.9522 67.5223
1445 64.9522 67.8076
1446 64.9522 67.5751
1447 64.9522 67.7407
1448 64.9522 67.683
1449 64.9522 67.7876
1450 64.9522 67.5295
1451 64.9522 67.3619
1452 64.9522 68.1695
1453 64.9522 67.9429
1454 64.9522 67.9242
1455 64.9522 67.9914
1456 64.9522 67.4966
1457 64.9522 67.5679
1458 64.9522 67.8182
1459 64.9522 67.5229
1460 64.9522 67.3856
1461 64.9522 67.6995
1462 64.9522 67.8133
1463 64.9522 68.0922
1464 64.9522 67.9189
1465 64.9522 67.6541
1466 64.9522 68.5641
1467 64.9522 67.5338
1468 64.9522 67.6065
1469 64.9522 67.8952
1470 64.9522 67.0628
1471 64.9522 67.4605
1472 64.9522 67.8685
1473 64.9522 67.5962
1474 64.9522 67.6544
1475 64.9522 68.3429
1476 64.9522 68.0702
1477 64.9522 67.6447
1478 64.9522 68.1147
1479 64.9522 68.6725
1480 64.9522 67.9981
1481 64.9522 68.3566
1482 64.9522 68.5666
1483 64.9522 69.2205
1484 64.9522 68.2695
1485 64.9522 68.3644
1486 64.9522 67.7521
1487 64.9522 67.9179
1488 64.9522 67.6226
1489 64.9522 67.7841
1490 64.9522 67.564
1491 64.9522 66.9435
1492 64.9522 67.2826
1493 64.9522 67.2984
1494 64.9522 66.9633
1495 64.9522 67.1777
1496 64.9522 67.2284
1497 64.9522 66.987
1498 64.9522 67.7665
1499 64.9522 67.7205
1500 64.9522 66.8592
1501 64.9522 67.9861
1502 64.9522 67.734
1503 64.9522 68.0813
1504 64.9522 67.9759
1505 64.9522 67.522
1506 64.9522 67.0788
1507 64.9522 66.9617
1508 64.9522 66.8871
1509 64.9522 67.0842
1510 64.9522 67.2452
1511 64.9522 67.2955
1512 64.9522 66.8211
1513 64.9522 67.2629
1514 64.9522 67.3179
1515 64.9522 66.9984
1516 64.9522 67.2018
1517 64.9522 67.7355
1518 64.9522 68.4118
1519 64.9522 68.2882
1520 64.9522 67.0933
1521 64.9522 67.631
1522 64.9522 67.6034
1523 64.9522 67.5424
1524 64.9522 67.6887
1525 64.9522 67.4073
1526 64.9522 68.2105
1527 64.9522 67.702
1528 64.9522 67.1957
1529 64.9522 67.5992
1530 64.9522 67.5864
1531 64.9522 68.1908
1532 64.9522 67.8002
1533 64.9522 67.9701
1534 64.9522 68.1542
1535 64.9522 67.7881
1536 64.9522 67.6524
1537 64.9522 67.3288
1538 64.9522 67.5801
1539 64.9522 68.1388
1540 64.9522 68.043
1541 64.9522 67.9357
1542 64.9522 67.849
1543 64.9522 68.6915
1544 64.9522 68.9126
1545 64.9522 68.6005
1546 64.9522 68.2083
1547 64.9522 68.1391
1548 64.9522 67.5771
1549 64.9522 67.9218
1550 64.9522 68.1266
1551 64.9522 67.5779
1552 64.9522 67.8124
1553 64.9522 67.1766
1554 64.9522 67.151
1555 64.9522 67.2442
1556 64.9522 67.2179
1557 64.9522 67.2427
1558 64.9522 67.5821
1559 64.9522 67.0429
1560 64.9522 67.4314
1561 64.9522 67.7175
1562 64.9522 67.8756
1563 64.9522 67.4877
1564 64.9522 68.1431
1565 64.9522 67.5774
1566 64.9522 67.9398
1567 64.9522 67.4586
1568 64.9522 67.3272
1569 64.9522 67.4916
1570 64.9522 67.3918
1571 64.9522 68.0673
1572 64.9522 67.5954
1573 64.9522 67.0258
1574 64.9522 67.3345
1575 64.9522 67.7043
1576 64.9522 67.2585
1577 64.9522 67.5103
1578 64.9522 68.3115
1579 64.9522 68.538
1580 64.9522 68.7472
1581 64.9522 68.7484
1582 64.9522 68.9767
1583 64.9522 68.2365
1584 64.9522 68.0844
1585 64.9522 68.4243
1586 64.9522 68.325
1587 64.9522 67.8494
1588 64.9522 67.6452
1589 64.9522 68.0999
1590 64.9522 67.9116
1591 64.9522 68.3607
1592 64.9522 68.5342
1593 64.9522 68.6808
1594 64.9522 68.1268
1595 64.9522 68.429
1596 64.9522 68.3934
1597 64.9522 68.1469
1598 64.9522 68.0388
1599 64.9522 67.7551
1600 64.9522 67.677
1601 64.9522 68.0144
1602 64.9522 67.5305
1603 64.9522 67.6599
1604 64.9522 67.4128
1605 64.9522 67.4257
1606 64.9522 67.4462
1607 64.9522 67.4886
1608 64.9522 67.3939
1609 64.9522 67.7491
1610 64.9522 67.9789
1611 64.9522 68.4268
1612 64.9522 67.7284
1613 64.9522 68.1538
1614 64.9522 67.5999
1615 64.9522 68.0045
1616 64.9522 67.9254
1617 64.9522 67.4523
1618 64.9522 67.991
1619 64.9522 67.9752
1620 64.9522 67.7483
1621 64.9522 67.6828
1622 64.9522 67.9045
1623 64.9522 67.804
1624 64.9522 67.5
1625 64.9522 66.8861
1626 64.9522 67.0909
1627 64.9522 67.6418
1628 64.9522 67.0331
1629 64.9522 67.3097
1630 64.9522 67.5193
1631 64.9522 67.8837
1632 64.9522 67.7884
1633 64.9522 67.4214
1634 64.9522 67.3422
1635 64.9522 68.0144
1636 64.9522 67.8113
1637 64.9522 67.3284
1638 64.9522 67.6785
1639 64.9522 68.1116
1640 64.9522 68.2185
1641 64.9522 67.925
1642 64.9522 68.1327
1643 64.9522 68.0921
1644 64.9522 67.8111
1645 64.9522 67.4906
1646 64.9522 67.7837
1647 64.9522 67.607
1648 64.9522 67.726
1649 64.9522 67.7383
1650 64.9522 67.8661
1651 64.9522 68.4914
1652 64.9522 67.9327
1653 64.9522 67.7918
1654 64.9522 67.6901
1655 64.9522 67.5268
1656 64.9522 67.2082
1657 64.9522 68.0407
1658 64.9522 68.5453
1659 64.9522 67.7036
1660 64.9522 67.5573
1661 64.9522 67.9999
1662 64.9522 67.8015
1663 64.9522 67.9859
1664 64.9522 67.8532
1665 64.9522 67.8288
1666 64.9522 67.4959
1667 64.9522 67.542
1668 64.9522 67.6079
1669 64.9522 68.0529
1670 64.9522 67.9302
1671 64.9522 68.4551
1672 64.9522 68.1141
1673 64.9522 68.1582
1674 64.9522 67.5989
1675 64.9522 67.7055
1676 64.9522 67.8731
1677 64.9522 68.0417
1678 64.9522 68.1413
1679 64.9522 67.4484
1680 64.9522 67.1772
1681 64.9522 67.6299
1682 64.9522 67.4645
1683 64.9522 67.4278
1684 64.9522 67.5698
1685 64.9522 67.79
1686 64.9522 68.4738
1687 64.9522 67.6024
1688 64.9522 67.9043
1689 64.9522 68.2045
1690 64.9522 68.0292
1691 64.9522 68.0475
1692 64.9522 68.3494
1693 64.9522 68.1573
1694 64.9522 68.0237
1695 64.9522 67.5084
1696 64.9522 67.9723
1697 64.9522 67.7289
1698 64.9522 66.8909
1699 64.9522 67.5566
1700 64.9128 67.5663
1701 64.9128 67.5237
1702 64.9128 67.1103
1703 64.9128 67.2246
1704 64.9128 67.6978
1705 64.9128 67.965
1706 64.9128 67.5191
1707 64.9128 67.5816
1708 64.9128 67.387
1709 64.9128 67.8821
1710 64.9128 67.9893
1711 64.9128 67.9422
1712 64.9128 67.9068
1713 64.9128 66.7435
1714 64.9128 67.0458
1715 64.9128 67.1853
1716 64.9128 67.6481
1717 64.9128 67.1531
1718 64.9128 67.1612
1719 64.9128 67.8386
1720 64.9128 67.9991
1721 64.9128 68.8279
1722 64.9128 68.6911
1723 64.9128 67.6972
1724 64.9128 67.8723
1725 64.9128 67.8316
1726 64.9128 67.8213
1727 64.9128 67.7638
1728 64.9128 67.1933
1729 64.9128 67.9406
1730 64.9128 67.9794
1731 64.9128 68.6237
1732 64.9128 68.5794
1733 64.9128 68.0188
1734 64.9128 68.3543
1735 64.9128 67.9545
1736 64.9128 67.8475
1737 64.9128 67.892
1738 64.9128 67.9173
1739 64.9128 67.7072
1740 64.9128 67.3993
1741 64.9128 67.6015
1742 64.9128 68.4375
1743 64.9128 68.4303
1744 64.9128 68.1823
1745 64.9128 67.7577
1746 64.9128 67.7544
1747 64.9128 67.375
1748 64.9128 67.9854
1749 64.9128 68.6171
1750 64.9128 68.645
1751 64.9128 68.6469
1752 64.9128 67.7187
1753 64.9128 67.6593
1754 64.9128 67.5269
1755 64.9128 67.8203
1756 64.9128 67.841
1757 64.9128 68.0983
1758 64.9128 68.0077
1759 64.9128 68.2711
1760 64.9128 67.7966
1761 64.9128 67.8614
1762 64.9128 68.4038
1763 64.9128 67.4446
1764 64.9128 67.6975
1765 64.9128 67.2529
1766 64.9128 67.4566
1767 64.9128 67.3935
1768 64.9128 67.7069
1769 64.9128 67.718
1770 64.9128 67.3296
1771 64.9128 67.0583
1772 64.9128 67.1301
1773 64.9128 67.1709
1774 64.9128 67.2982
1775 64.9128 67.4445
1776 64.9128 68.2654
1777 64.9128 68.1949
1778 64.9128 68.2318
1779 64.9128 68.0748
1780 64.9128 68.7924
1781 64.9128 69.5228
1782 64.9128 68.8135
1783 64.9128 68.9907
1784 64.9128 68.08
1785 64.9128 67.9577
1786 64.9128 67.3306
1787 64.9128 66.7929
1788 64.9128 67.3463
1789 64.9128 66.8845
1790 64.9128 67.0468
1791 64.9128 67.0923
1792 64.9128 67.5726
1793 64.9128 67.6041
1794 64.9128 67.8049
1795 64.9128 67.3999
1796 64.9128 67.7561
1797 64.9128 67.0149
1798 64.9128 67.2329
1799 64.9128 67.5948
1800 64.9128 67.3782
1801 64.9128 67.3544
1802 64.9128 67.3463
1803 64.9128 67.9732
1804 64.9128 68.1027
1805 64.9128 68.8387
1806 64.9128 68.4572
1807 64.9128 69.0076
1808 64.9128 68.2906
1809 64.9128 68.2959
1810 64.9128 68.2416
1811 64.9128 68.2296
1812 64.9128 67.6623
1813 64.9128 67.442
1814 64.9128 67.5289
1815 64.9128 67.3586
1816 64.9128 66.8033
1817 64.9128 67.6016
1818 64.9128 67.7143
1819 64.9128 68.4077
1820 64.9128 69.1369
1821 64.9128 68.3659
1822 64.9128 67.2315
1823 64.9128 67.1751
1824 64.9128 68.1599
1825 64.9128 67.8
1826 64.9128 67.9128
1827 64.9128 68.1628
1828 64.9128 67.8616
1829 64.9128 68.12
1830 64.9128 67.7825
1831 64.9128 67.7939
1832 64.9128 68.0075
1833 64.9128 68.0838
1834 64.9128 67.8939
1835 64.9128 67.7445
1836 64.9128 67.433
1837 64.9128 68.0093
1838 64.9128 67.4501
1839 64.9128 67.096
1840 64.9128 67.9867
1841 64.9128 68.0695
1842 64.9128 67.758
1843 64.9128 67.8415
1844 64.9128 67.3766
1845 64.9128 67.1752
1846 64.9128 67.5448
1847 64.9128 67.353
1848 64.9128 67.6062
1849 64.9128 67.7623
1850 64.9128 67.3305
1851 64.9128 67.1337
1852 64.9128 67.5253
1853 64.9128 68.0315
1854 64.9128 67.5248
1855 64.9128 67.6307
1856 64.9128 68.0509
1857 64.9128 68.1646
1858 64.9128 67.7837
1859 64.9128 67.6314
1860 64.9128 67.6262
1861 64.9128 67.7545
1862 64.9128 67.3931
1863 64.9128 67.3974
1864 64.9128 67.9785
1865 64.9128 68.2784
1866 64.9128 68.3292
1867 64.9128 67.6546
1868 64.9128 67.9247
1869 64.9128 68.0956
1870 64.9128 67.6329
1871 64.9128 67.7272
1872 64.9128 67.4528
1873 64.9128 66.9355
1874 64.9128 66.9499
1875 64.9128 67.1079
1876 64.9128 66.9785
1877 64.9128 67.7878
1878 64.9128 68.3347
1879 64.9128 68.5177
1880 64.9128 68.4333
1881 64.9128 67.9839
1882 64.9128 67.4763
1883 64.9128 67.4207
1884 64.9128 68.2896
1885 64.9128 68.0495
1886 64.9128 68.0495
1887 64.9128 67.8435
1888 64.9128 67.9024
1889 64.9128 68.1478
1890 64.9128 68.1079
1891 64.9128 68.238
1892 64.9128 68.524
1893 64.9128 68.1923
1894 64.9128 67.879
1895 64.9128 68.069
1896 64.9128 68.6989
1897 64.9128 68.5929
1898 64.9128 68.671
1899 64.9128 68.3527
1900 64.9128 68.8107
1901 64.9128 68.1336
1902 64.9128 67.971
1903 64.9128 68.1852
1904 64.9128 68.5244
1905 64.9128 68.4656
1906 64.9128 67.7491
1907 64.9128 68.0518
1908 64.9128 67.8738
1909 64.9128 68.7218
1910 64.9128 68.4954
1911 64.9128 68.2233
1912 64.9128 69.0688
1913 64.9128 68.6582
1914 64.9128 67.9842
1915 64.9128 67.7015
1916 64.9128 67.4695
1917 64.9128 67.1346
1918 64.9128 67.4564
1919 64.9128 67.176
1920 64.9128 67.0382
1921 64.9128 68.1213
1922 64.9128 68.0429
1923 64.9128 68.3724
1924 64.9128 68.5058
1925 64.9128 67.9623
1926 64.9128 68.1444
1927 64.9128 68.012
1928 64.9128 67.8997
1929 64.9128 67.4395
1930 64.9128 67.5143
1931 64.9128 68.0539
1932 64.9128 67.885
1933 64.9128 67.8739
1934 64.9128 68.1504
1935 64.9128 68.7748
1936 64.9128 68.5948
1937 64.9128 68.5792
1938 64.9128 67.875
1939 64.9128 67.6523
1940 64.9128 67.3949
1941 64.9128 68.2369
1942 64.9128 67.6921
1943 64.9128 67.9971
1944 64.9128 67.9404
1945 64.9128 67.3373
1946 64.9128 67.5581
1947 64.9128 67.892
1948 64.9128 68.005
1949 64.9128 67.8861
1950 64.9128 67.9825
1951 64.9128 67.49
1952 64.9128 67.3514
1953 64.9128 67.4708
1954 64.9128 67.6255
1955 64.9128 67.5848
1956 64.9128 68.0267
1957 64.9128 67.3773
1958 64.9128 67.3456
1959 64.9128 67.8417
1960 64.9128 67.6502
1961 64.9128 68.0371
1962 64.9128 68.1512
1963 64.9128 68.7266
1964 64.9128 68.104
1965 64.9128 67.9414
1966 64.9128 67.9916
1967 64.9128 68.1155
1968 64.9128 67.6472
1969 64.9128 67.5604
1970 64.9128 67.2263
1971 64.9128 67.6825
1972 64.9128 67.8377
1973 64.9128 67.4761
1974 64.9128 67.7364
1975 64.9128 67.6422
1976 64.9128 67.2151
1977 64.9128 67.4364
1978 64.9128 67.6731
1979 64.9128 67.3373
1980 64.9128 67.796
1981 64.9128 68.8383
1982 64.9128 68.7411
1983 64.9128 68.7759
1984 64.9128 68.4748
1985 64.9128 68.1444
1986 64.9128 68.2803
1987 64.9128 67.8945
1988 64.9128 68.427
1989 64.9128 68.4722
1990 64.9128 68.4722
1991 64.9128 68.8277
1992 64.9128 69.0053
1993 64.9128 68.1814
1994 64.9128 67.7933
1995 64.9128 68.1639
1996 64.9128 68.0544
1997 64.9128 67.6662
1998 64.9128 67.5971
1999 64.9128 67.3166
2000 64.9128 67.4945
