SA_step;Energy;Energy_error
100;0.376733;0.0340456
200;-0.0917933;0.0229716
300;-0.185856;0.0296371
400;-0.156792;0.0478162
500;-0.104552;0.0336992
600;-0.287642;0.0158643
700;-0.0943006;0.0162228
800;-0.275095;0.0148827
900;-0.348742;0.0149526
1000;-0.376929;0.00960156
1100;-0.344971;0.0293579
1200;-0.42202;0.0101263
1300;-0.420632;0.00747508
1400;-0.241007;0.0378463
1500;-0.361107;0.00982022
1600;-0.386246;0.0117135
1700;-0.348936;0.0193026
1800;-0.299903;0.0156292
1900;-0.406524;0.0170913
2000;-0.423981;0.00899174
2100;-0.414963;0.0157007
2200;-0.41438;0.00846522
2300;-0.421723;0.010399
2400;-0.448817;0.00770843
2500;-0.393724;0.00749037
2600;-0.442113;0.0106181
2700;-0.393952;0.0198176
2800;-0.439577;0.00703702
2900;-0.422872;0.0121071
3000;-0.387099;0.0239572
3100;-0.340252;0.0108928
3200;-0.418341;0.00888614
3300;-0.383876;0.00825907
3400;-0.320558;0.0169766
3500;-0.397713;0.00866916
3600;-0.42793;0.00711358
3700;-0.431478;0.00579766
3800;-0.405741;0.00808078
3900;-0.42969;0.00894748
4000;-0.417422;0.00786816
4100;-0.405333;0.0153449
4200;-0.417874;0.0110576
4300;-0.410793;0.0116343
4400;-0.444985;0.00753444
4500;-0.441581;0.00735336
4600;-0.376833;0.022629
4700;-0.405744;0.00873889
4800;-0.357164;0.0117843
4900;-0.391779;0.0206204
5000;-0.429411;0.0103019
5100;-0.427026;0.00676165
5200;-0.380086;0.00915497
5300;-0.436628;0.00713565
5400;-0.446553;0.00939579
5500;-0.440805;0.00696645
5600;-0.431333;0.00602689
5700;-0.397057;0.0085913
5800;-0.436586;0.00573937
5900;-0.431746;0.00758491
6000;-0.447618;0.00572453
6100;-0.417527;0.0166546
6200;-0.422275;0.00683409
6300;-0.421175;0.0107008
6400;-0.422881;0.00638851
6500;-0.427869;0.0146043
6600;-0.441177;0.00859512
6700;-0.376908;0.0148211
6800;-0.435487;0.0101301
6900;-0.403304;0.0166227
7000;-0.442176;0.0053491
7100;-0.413223;0.00778213
7200;-0.409773;0.0141952
7300;-0.436851;0.00698181
7400;-0.423249;0.0108941
7500;-0.440591;0.007906
7600;-0.413452;0.0189841
7700;-0.429909;0.0101647
7800;-0.436951;0.00730506
7900;-0.441021;0.00675591
8000;-0.389429;0.0183582
8100;-0.431343;0.00763666
8200;-0.409671;0.014335
8300;-0.432515;0.00579433
8400;-0.442267;0.00597523
8500;-0.440734;0.00657377
8600;-0.432306;0.00652091
8700;-0.437508;0.00969551
8800;-0.438921;0.00691494
8900;-0.439656;0.00574478
9000;-0.436847;0.00937205
9100;-0.417205;0.0181653
9200;-0.441601;0.00651001
9300;-0.437492;0.00798221
9400;-0.441352;0.00747514
9500;-0.420454;0.00865242
9600;-0.439416;0.00930808
9700;-0.424911;0.00705999
9800;-0.444195;0.00608638
9900;-0.424065;0.0142631
10000;-0.434266;0.0127179
10100;-0.429136;0.00738058
10200;-0.440065;0.00594498
10300;-0.435284;0.00701003
10400;-0.430911;0.0109411
10500;-0.437343;0.00759277
10600;-0.450361;0.0070326
10700;-0.414336;0.00879524
10800;-0.437233;0.0101029
10900;-0.41578;0.0125371
11000;-0.40975;0.00705344
11100;-0.433342;0.010031
11200;-0.43794;0.00814681
11300;-0.427744;0.00775697
11400;-0.429979;0.0105953
11500;-0.43724;0.0103929
11600;-0.428723;0.00953297
11700;-0.439431;0.00764745
11800;-0.434436;0.0064125
11900;-0.428735;0.0123576
12000;-0.441019;0.00763941
12100;-0.439847;0.00585924
12200;-0.426725;0.0109488
12300;-0.433207;0.00679211
12400;-0.433767;0.0107715
12500;-0.441209;0.00557095
12600;-0.429493;0.00624619
12700;-0.423454;0.007536
12800;-0.435574;0.00748433
12900;-0.437291;0.00562564
13000;-0.443725;0.00611382
13100;-0.440818;0.0086438
13200;-0.446448;0.00926093
13300;-0.440738;0.00848413
13400;-0.444653;0.0073845
13500;-0.442054;0.00621004
13600;-0.441228;0.00765627
13700;-0.430461;0.00963863
13800;-0.433716;0.0113335
13900;-0.443581;0.00601782
14000;-0.446709;0.00565039
14100;-0.432772;0.00743689
14200;-0.436882;0.00659808
14300;-0.447475;0.00593032
14400;-0.418485;0.00939523
14500;-0.435898;0.00676789
14600;-0.427036;0.00712827
14700;-0.440879;0.00801759
14800;-0.438908;0.0103358
14900;-0.425141;0.012001
15000;-0.41738;0.0168456
15100;-0.443902;0.00650831
15200;-0.439986;0.00826714
15300;-0.446001;0.00602872
15400;-0.436644;0.00678507
15500;-0.441539;0.00889926
15600;-0.437791;0.00902742
15700;-0.439481;0.00918955
15800;-0.439596;0.00608963
15900;-0.436329;0.0109064
16000;-0.442822;0.00768057
16100;-0.442894;0.00911008
16200;-0.439616;0.00904954
16300;-0.449226;0.00656893
16400;-0.443186;0.00603163
16500;-0.448049;0.00625795
16600;-0.436552;0.00924887
16700;-0.439915;0.00520306
16800;-0.436428;0.0087058
16900;-0.44491;0.00714335
17000;-0.43833;0.00739978
17100;-0.435587;0.00831585
17200;-0.444583;0.00860998
17300;-0.43987;0.00543899
17400;-0.438237;0.00739389
17500;-0.435017;0.00542546
17600;-0.433937;0.00534254
17700;-0.427853;0.00714152
17800;-0.440892;0.00613712
17900;-0.431478;0.00936736
18000;-0.439723;0.00734943
18100;-0.445688;0.00631317
18200;-0.442578;0.00640313
18300;-0.44678;0.00912121
18400;-0.442744;0.00937869
18500;-0.43591;0.00736315
18600;-0.438073;0.00713025
18700;-0.440483;0.00765826
18800;-0.438106;0.00730909
18900;-0.439641;0.00865005
19000;-0.445483;0.00648093
19100;-0.444532;0.00659421
19200;-0.434065;0.00877716
19300;-0.446099;0.00705949
19400;-0.43502;0.00666216
19500;-0.443886;0.00663424
19600;-0.440802;0.00585714
19700;-0.440675;0.00912569
19800;-0.442673;0.00649186
19900;-0.443423;0.00777178
20000;-0.444542;0.00701728
20100;-0.443114;0.00671209
20200;-0.4474;0.00681846
20300;-0.434953;0.00709447
20400;-0.442381;0.00734901
20500;-0.445062;0.0090074
20600;-0.438944;0.00836289
20700;-0.448692;0.00564027
20800;-0.437791;0.00667979
20900;-0.431166;0.0111383
21000;-0.434554;0.00806532
21100;-0.436942;0.00597966
21200;-0.443986;0.00650718
21300;-0.45133;0.0058218
21400;-0.445038;0.0069125
21500;-0.439189;0.00813366
21600;-0.439778;0.00743913
21700;-0.436056;0.0076882
21800;-0.439835;0.00657817
21900;-0.446851;0.00984022
22000;-0.44168;0.00658476
22100;-0.449734;0.00798446
22200;-0.448625;0.00601723
22300;-0.424317;0.00801183
22400;-0.439855;0.00674607
22500;-0.441088;0.00551389
22600;-0.443285;0.00676042
22700;-0.442535;0.00711994
22800;-0.443097;0.0101179
22900;-0.440258;0.00547184
23000;-0.441474;0.0084205
23100;-0.438226;0.0060327
23200;-0.428056;0.00666338
23300;-0.437253;0.00702135
23400;-0.423151;0.0108786
23500;-0.44295;0.00624091
23600;-0.433261;0.00639404
23700;-0.440441;0.00674282
23800;-0.43924;0.007093
23900;-0.425836;0.0128695
24000;-0.442412;0.00750806
24100;-0.436574;0.00855973
24200;-0.437434;0.00662187
24300;-0.443413;0.00789916
24400;-0.448189;0.00686419
24500;-0.440385;0.00892227
24600;-0.438547;0.00633193
24700;-0.440608;0.00818626
24800;-0.44496;0.00833335
24900;-0.436704;0.00856035
25000;-0.439337;0.00704689
25100;-0.443268;0.00879459
25200;-0.437604;0.0064916
25300;-0.443874;0.00892211
25400;-0.430171;0.0112457
25500;-0.443226;0.00793473
25600;-0.449278;0.00839781
25700;-0.448218;0.00587472
25800;-0.443635;0.00767657
25900;-0.436704;0.0114756
26000;-0.439359;0.00907634
26100;-0.437037;0.00595964
26200;-0.450979;0.00487281
26300;-0.442446;0.00953812
26400;-0.448259;0.0061948
26500;-0.449344;0.00642047
26600;-0.441966;0.00589009
26700;-0.439224;0.0086554
26800;-0.443884;0.00678825
26900;-0.440944;0.00864947
27000;-0.444579;0.00668723
27100;-0.443267;0.0067223
27200;-0.44188;0.00630917
27300;-0.433087;0.00681738
27400;-0.440717;0.00742984
27500;-0.440403;0.00906519
27600;-0.44865;0.00757477
27700;-0.446609;0.0080351
27800;-0.434599;0.00998234
27900;-0.432047;0.0107323
28000;-0.443868;0.00807324
28100;-0.449278;0.00641772
28200;-0.439373;0.00518134
28300;-0.442134;0.00735191
28400;-0.438714;0.00729336
28500;-0.444352;0.00634444
28600;-0.431865;0.0113077
28700;-0.450264;0.00673264
28800;-0.434267;0.0109259
28900;-0.444311;0.00687175
29000;-0.449591;0.0061617
29100;-0.44106;0.00666295
29200;-0.441243;0.00656239
29300;-0.433561;0.00632594
29400;-0.449027;0.00776124
29500;-0.44694;0.00854085
29600;-0.446007;0.00730689
29700;-0.440827;0.00764957
29800;-0.448057;0.00663131
29900;-0.43599;0.0108217
30000;-0.442456;0.00860474
30100;-0.442729;0.00635542
30200;-0.431895;0.00799802
30300;-0.428376;0.0112222
30400;-0.442431;0.00931039
30500;-0.438209;0.0110301
30600;-0.446137;0.00854846
30700;-0.441188;0.00731727
30800;-0.441247;0.00781984
30900;-0.448464;0.00895883
31000;-0.438233;0.00661265
31100;-0.447213;0.00715992
31200;-0.45018;0.00651195
31300;-0.441749;0.00630212
31400;-0.443871;0.00675519
31500;-0.453344;0.00658125
31600;-0.450385;0.0068091
31700;-0.439767;0.00741343
31800;-0.442211;0.00983686
31900;-0.442119;0.00764245
32000;-0.447053;0.00614443
32100;-0.440695;0.00810637
32200;-0.452397;0.00583677
32300;-0.440468;0.00678462
32400;-0.445615;0.00685008
32500;-0.442983;0.0056383
32600;-0.446449;0.00579872
32700;-0.438469;0.00671008
32800;-0.448669;0.00610767
32900;-0.449926;0.00755706
33000;-0.452544;0.00718033
33100;-0.44612;0.00577565
33200;-0.448533;0.0081729
33300;-0.440159;0.0100992
33400;-0.442316;0.00927552
33500;-0.451936;0.00565532
33600;-0.446489;0.00600161
33700;-0.444545;0.00782817
33800;-0.442553;0.00628372
33900;-0.441881;0.00565094
34000;-0.427869;0.00986609
34100;-0.443669;0.00941541
34200;-0.438974;0.00588504
34300;-0.439311;0.00940361
34400;-0.448705;0.00879093
34500;-0.447005;0.0065005
34600;-0.438388;0.0101561
34700;-0.447496;0.00646749
34800;-0.446581;0.00557951
34900;-0.448495;0.00525025
35000;-0.436531;0.00675898
35100;-0.435723;0.0103945
35200;-0.441467;0.00918828
35300;-0.44;0.00753682
35400;-0.432803;0.0101024
35500;-0.442039;0.0074355
35600;-0.443563;0.00616264
35700;-0.4485;0.00622192
35800;-0.440086;0.0063437
35900;-0.451522;0.00649804
36000;-0.451522;0.00649804
36100;-0.446299;0.00820523
36200;-0.440871;0.0066281
36300;-0.442825;0.00876445
36400;-0.443606;0.00869962
36500;-0.443982;0.0075815
36600;-0.445904;0.00603668
36700;-0.44703;0.00829433
36800;-0.436824;0.00992897
36900;-0.441552;0.0120153
37000;-0.440315;0.00842836
37100;-0.45112;0.00625973
37200;-0.441576;0.00540974
37300;-0.441398;0.00754611
37400;-0.449565;0.00635077
37500;-0.439617;0.00586808
37600;-0.445501;0.00717418
37700;-0.440521;0.00647627
37800;-0.442892;0.00538134
37900;-0.442248;0.0096346
38000;-0.4461;0.00696102
38100;-0.441604;0.00680225
38200;-0.447214;0.00666346
38300;-0.446065;0.00623475
38400;-0.449599;0.00621252
38500;-0.449482;0.00569811
38600;-0.447302;0.00589659
38700;-0.434948;0.0102145
38800;-0.44551;0.0060519
38900;-0.443564;0.00762479
39000;-0.446322;0.00649586
39100;-0.439774;0.0109113
39200;-0.443031;0.00667848
39300;-0.447175;0.00562716
39400;-0.441395;0.00780536
39500;-0.448545;0.00734387
39600;-0.44615;0.00715039
39700;-0.445372;0.00678294
39800;-0.447902;0.00617324
39900;-0.446336;0.00767524
40000;-0.448426;0.00807159
40100;-0.45042;0.00699162
40200;-0.447362;0.00748495
40300;-0.449952;0.00573697
40400;-0.442445;0.00613291
40500;-0.446401;0.00606242
40600;-0.446097;0.00718332
40700;-0.448493;0.00828814
40800;-0.447007;0.00698984
40900;-0.448206;0.0072728
41000;-0.453002;0.00544529
41100;-0.445365;0.00662073
41200;-0.436358;0.0112176
41300;-0.440649;0.00808171
41400;-0.451314;0.00583484
41500;-0.451314;0.00583484
41600;-0.449887;0.00565282
41700;-0.43862;0.00962471
41800;-0.440409;0.00755223
41900;-0.441021;0.0105176
42000;-0.45342;0.00607472
42100;-0.45342;0.00607472
42200;-0.45342;0.00607472
42300;-0.45342;0.00607472
42400;-0.45342;0.00607472
42500;-0.45342;0.00607472
42600;-0.45342;0.00607472
42700;-0.45342;0.00607472
42800;-0.445894;0.00620464
42900;-0.449062;0.00548904
43000;-0.449062;0.00548904
43100;-0.444303;0.00596348
43200;-0.446913;0.0056214
43300;-0.442591;0.00534639
43400;-0.449955;0.00735008
43500;-0.449955;0.00735008
43600;-0.445293;0.009074
43700;-0.442037;0.0068395
43800;-0.437514;0.00809224
43900;-0.439074;0.00596983
44000;-0.448415;0.00616572
44100;-0.439212;0.00766676
44200;-0.44255;0.00968963
44300;-0.445436;0.00835752
44400;-0.448493;0.00827633
44500;-0.445823;0.00707485
44600;-0.43952;0.00621277
44700;-0.447482;0.00592924
44800;-0.446331;0.00915346
44900;-0.453604;0.00560073
45000;-0.453604;0.00560073
45100;-0.453604;0.00560073
45200;-0.453604;0.00560073
45300;-0.453604;0.00560073
45400;-0.453604;0.00560073
45500;-0.4461;0.00670394
45600;-0.444001;0.00782411
45700;-0.447259;0.00619345
45800;-0.446763;0.00601063
45900;-0.434013;0.00528383
46000;-0.443903;0.00639407
46100;-0.442322;0.00656325
46200;-0.444234;0.00792905
46300;-0.4513;0.00601992
46400;-0.446039;0.00906156
46500;-0.446035;0.00905843
46600;-0.438674;0.00933806
46700;-0.444075;0.00537167
46800;-0.444011;0.00881835
46900;-0.44635;0.00735794
47000;-0.445516;0.0052942
47100;-0.452391;0.00583134
47200;-0.452391;0.00583134
47300;-0.452391;0.00583134
47400;-0.443654;0.00649473
47500;-0.445513;0.0057421
47600;-0.444006;0.0068215
47700;-0.443983;0.00856032
47800;-0.447507;0.00817627
47900;-0.442246;0.00931216
48000;-0.450252;0.00673303
48100;-0.445836;0.00823851
48200;-0.445813;0.00599946
48300;-0.437842;0.00982752
48400;-0.446172;0.00837535
48500;-0.44622;0.0067764
48600;-0.438392;0.00856116
48700;-0.446902;0.00599611
48800;-0.442897;0.00805114
48900;-0.446755;0.00595133
49000;-0.446217;0.00654487
49100;-0.450738;0.00612447
49200;-0.450738;0.00612447
49300;-0.450738;0.00612447
49400;-0.448561;0.00773031
49500;-0.444297;0.0064263
49600;-0.439339;0.00577307
49700;-0.446637;0.00681307
49800;-0.446637;0.00681307
49900;-0.448233;0.00631842
50000;-0.450125;0.00812698
50100;-0.44816;0.0062534
50200;-0.444513;0.00615454
50300;-0.449238;0.00627132
50400;-0.447341;0.00634468
50500;-0.434946;0.00742444
50600;-0.446802;0.00668494
50700;-0.451519;0.00673637
50800;-0.454302;0.00606315
50900;-0.44771;0.00699448
51000;-0.451303;0.00624909
51100;-0.441218;0.00764261
51200;-0.449742;0.00563277
51300;-0.449742;0.00563277
51400;-0.446425;0.00645213
51500;-0.449845;0.00611026
51600;-0.449845;0.00611026
51700;-0.449845;0.00611026
51800;-0.449845;0.00611026
51900;-0.446856;0.00871169
52000;-0.450818;0.00692827
52100;-0.450818;0.00692827
52200;-0.449721;0.00633816
52300;-0.445739;0.00657187
52400;-0.446765;0.00622415
52500;-0.44779;0.00802694
52600;-0.44954;0.00697759
52700;-0.44954;0.00697759
52800;-0.44954;0.00697759
52900;-0.44954;0.00697759
53000;-0.447056;0.00614254
53100;-0.446866;0.0072334
53200;-0.44872;0.00636042
53300;-0.444987;0.00721414
53400;-0.445947;0.0077646
53500;-0.4475;0.00593118
53600;-0.449257;0.00628771
53700;-0.444819;0.00855533
53800;-0.450345;0.00636332
53900;-0.447653;0.00839044
54000;-0.434446;0.00977528
54100;-0.447179;0.00596078
54200;-0.446672;0.00702612
54300;-0.444521;0.00666549
54400;-0.446148;0.00607401
54500;-0.445754;0.00808045
54600;-0.448718;0.00745714
54700;-0.448994;0.0064723
54800;-0.448727;0.00606466
54900;-0.446965;0.00888043
55000;-0.449993;0.0062011
55100;-0.450627;0.00524972
55200;-0.450627;0.00524972
55300;-0.447785;0.00577365
55400;-0.445965;0.00868574
55500;-0.448645;0.00757342
55600;-0.445821;0.00913333
55700;-0.450849;0.00684988
55800;-0.44867;0.0077464
55900;-0.445398;0.00660485
56000;-0.443944;0.00664746
56100;-0.445183;0.00585396
56200;-0.443935;0.00809748
56300;-0.448679;0.00831818
56400;-0.448679;0.00831818
56500;-0.450083;0.00562951
56600;-0.443703;0.00612496
56700;-0.443197;0.00816271
56800;-0.449087;0.00548092
56900;-0.445231;0.00750354
57000;-0.44802;0.00735272
57100;-0.449502;0.00845017
57200;-0.449711;0.00655526
57300;-0.449711;0.00655526
57400;-0.449711;0.00655526
57500;-0.436517;0.010389
57600;-0.441338;0.00613127
57700;-0.446429;0.00645328
57800;-0.452278;0.00590773
57900;-0.452278;0.00590773
58000;-0.452278;0.00590773
58100;-0.452278;0.00590773
58200;-0.452278;0.00590773
58300;-0.452278;0.00590773
58400;-0.44391;0.00686348
58500;-0.448538;0.0052427
58600;-0.441159;0.00946856
58700;-0.449839;0.00611329
58800;-0.447682;0.00722964
58900;-0.4431;0.00735881
59000;-0.441916;0.00707574
59100;-0.449609;0.00795384
59200;-0.449609;0.00795384
59300;-0.445581;0.00542046
59400;-0.44927;0.00626205
59500;-0.445761;0.00624358
59600;-0.446382;0.00751309
59700;-0.448254;0.00721566
59800;-0.448891;0.00629121
59900;-0.447245;0.00653702
60000;-0.440854;0.00674923
60100;-0.447465;0.00512126
60200;-0.449006;0.00579508
60300;-0.447751;0.00722128
60400;-0.447751;0.00722128
60500;-0.447751;0.00722128
60600;-0.446778;0.00912061
60700;-0.445742;0.00845798
60800;-0.446946;0.00653143
60900;-0.446326;0.00881211
61000;-0.441253;0.00670998
61100;-0.446389;0.00829684
61200;-0.444214;0.00665444
61300;-0.440738;0.00746995
61400;-0.447829;0.00649435
61500;-0.448577;0.00590014
61600;-0.45047;0.00579658
61700;-0.45047;0.00579658
61800;-0.447928;0.00594428
61900;-0.447334;0.00601408
62000;-0.451319;0.00583037
62100;-0.451319;0.00583037
62200;-0.451319;0.00583037
62300;-0.443202;0.00926131
62400;-0.442345;0.00811002
62500;-0.44348;0.00809851
62600;-0.448131;0.0063494
62700;-0.448261;0.00619488
62800;-0.4445;0.00564663
62900;-0.443797;0.00694357
63000;-0.446932;0.00747142
63100;-0.448627;0.00713335
63200;-0.444963;0.00622387
63300;-0.444162;0.00705086
63400;-0.44048;0.00606517
63500;-0.441126;0.00794159
63600;-0.448999;0.00662866
63700;-0.450574;0.00794425
63800;-0.450574;0.00794425
63900;-0.450574;0.00794425
64000;-0.445162;0.00600994
64100;-0.447598;0.00764467
64200;-0.440616;0.00832179
64300;-0.442931;0.00784329
64400;-0.446251;0.00611372
64500;-0.449578;0.00734308
64600;-0.449578;0.00734308
64700;-0.449578;0.00734308
64800;-0.448313;0.00655443
64900;-0.44941;0.00735635
65000;-0.449863;0.0060998
65100;-0.449863;0.0060998
65200;-0.445152;0.00591137
65300;-0.447869;0.00644904
65400;-0.446306;0.00736998
65500;-0.447748;0.00622102
65600;-0.447351;0.00589538
65700;-0.443276;0.00630274
65800;-0.447444;0.00719091
65900;-0.444177;0.0058617
66000;-0.446909;0.00608814
66100;-0.447684;0.00695033
66200;-0.448004;0.00671674
66300;-0.448458;0.00895471
66400;-0.446426;0.00925614
66500;-0.441885;0.00799566
66600;-0.444383;0.0060764
66700;-0.447752;0.00633047
66800;-0.452277;0.00535163
66900;-0.452277;0.00535163
67000;-0.452277;0.00535163
67100;-0.452277;0.00535163
67200;-0.446201;0.00555344
67300;-0.448092;0.00654774
67400;-0.448743;0.00627753
67500;-0.447367;0.00575945
67600;-0.451621;0.00779048
67700;-0.447836;0.00547897
67800;-0.448222;0.00628302
67900;-0.448222;0.00628302
68000;-0.450281;0.00644898
68100;-0.448263;0.00628105
68200;-0.444641;0.00703773
68300;-0.446267;0.00886345
68400;-0.450749;0.00632316
68500;-0.450749;0.00632316
68600;-0.450749;0.00632316
68700;-0.450749;0.00632316
68800;-0.450749;0.00632316
68900;-0.449856;0.00683641
69000;-0.448098;0.00671273
69100;-0.448374;0.00608675
69200;-0.444473;0.00775231
69300;-0.449779;0.00682733
69400;-0.449779;0.00682733
69500;-0.449779;0.00682733
69600;-0.449779;0.00682733
69700;-0.449779;0.00682733
69800;-0.449779;0.00682733
69900;-0.449779;0.00682733
70000;-0.449779;0.00682733
70100;-0.446866;0.00734799
70200;-0.448382;0.00736414
70300;-0.448137;0.00791012
70400;-0.44802;0.00611363
70500;-0.448523;0.00804497
70600;-0.446209;0.00935096
70700;-0.441981;0.00690434
70800;-0.450229;0.00756085
70900;-0.453353;0.00658349
71000;-0.453353;0.00658349
71100;-0.453353;0.00658349
71200;-0.453651;0.00609011
71300;-0.453651;0.00609011
71400;-0.453651;0.00609011
71500;-0.453651;0.00609011
71600;-0.453651;0.00609011
71700;-0.453651;0.00609011
71800;-0.453651;0.00609011
71900;-0.453651;0.00609011
72000;-0.453651;0.00609011
72100;-0.453651;0.00609011
72200;-0.453651;0.00609011
72300;-0.453651;0.00609011
72400;-0.453651;0.00609011
72500;-0.453651;0.00609011
72600;-0.453651;0.00609011
72700;-0.453651;0.00609011
72800;-0.453651;0.00609011
72900;-0.453651;0.00609011
73000;-0.453651;0.00609011
73100;-0.453651;0.00609011
73200;-0.453651;0.00609011
73300;-0.453651;0.00609011
73400;-0.453651;0.00609011
73500;-0.453651;0.00609011
73600;-0.453651;0.00609011
73700;-0.453651;0.00609011
73800;-0.453651;0.00609011
73900;-0.444286;0.00608417
74000;-0.449452;0.007651
74100;-0.450083;0.00562805
74200;-0.449294;0.0056411
74300;-0.443636;0.00684951
74400;-0.445228;0.00783564
74500;-0.447705;0.0069946
74600;-0.447254;0.00560107
74700;-0.450978;0.00748936
74800;-0.44822;0.00775098
74900;-0.445397;0.00787659
75000;-0.448612;0.00645352
75100;-0.446349;0.00619386
75200;-0.449103;0.00762655
75300;-0.449103;0.00762655
75400;-0.44909;0.00653024
75500;-0.44373;0.00648751
75600;-0.446627;0.00582199
75700;-0.446049;0.00695241
75800;-0.442679;0.00656424
75900;-0.448116;0.00592843
76000;-0.450511;0.00587412
76100;-0.450511;0.00587412
76200;-0.450511;0.00587412
76300;-0.450511;0.00587412
76400;-0.450511;0.00587412
76500;-0.448468;0.00693724
76600;-0.447181;0.00650951
76700;-0.446886;0.00902233
76800;-0.448556;0.00801157
76900;-0.448556;0.00801157
77000;-0.44952;0.00640836
77100;-0.442321;0.00728957
77200;-0.446784;0.00658727
77300;-0.448408;0.00767359
77400;-0.448586;0.00618336
77500;-0.448586;0.00618336
77600;-0.4459;0.00737145
77700;-0.453347;0.00658212
77800;-0.453347;0.00658212
77900;-0.453347;0.00658212
78000;-0.453347;0.00658212
78100;-0.453347;0.00658212
78200;-0.449405;0.00611542
78300;-0.449883;0.00734224
78400;-0.447378;0.00641188
78500;-0.441581;0.0078852
78600;-0.452049;0.00639379
78700;-0.452049;0.00639379
78800;-0.451885;0.00577007
78900;-0.451885;0.00577007
79000;-0.451885;0.00577007
79100;-0.449953;0.00626055
79200;-0.449953;0.00626055
79300;-0.449415;0.00610067
79400;-0.451939;0.00565543
79500;-0.451939;0.00565543
79600;-0.451939;0.00565543
79700;-0.449749;0.00592995
79800;-0.449749;0.00592995
79900;-0.449749;0.00592995
80000;-0.450626;0.0052414
80100;-0.450626;0.0052414
80200;-0.450626;0.0052414
80300;-0.450626;0.0052414
80400;-0.448996;0.00534936
80500;-0.449101;0.00648253
80600;-0.449101;0.00648253
80700;-0.450063;0.00623927
80800;-0.441513;0.00820134
80900;-0.448035;0.00625748
81000;-0.449387;0.00740633
81100;-0.449387;0.00740633
81200;-0.447417;0.00807662
81300;-0.448132;0.00790443
81400;-0.448336;0.00628548
81500;-0.448336;0.00628548
81600;-0.449996;0.00620137
81700;-0.449995;0.0062013
81800;-0.449995;0.0062013
81900;-0.449995;0.0062013
82000;-0.448504;0.0065175
82100;-0.448504;0.0065175
82200;-0.447213;0.00637048
82300;-0.447213;0.00637048
82400;-0.452478;0.00611258
82500;-0.452478;0.00611258
82600;-0.452478;0.00611258
82700;-0.452478;0.00611258
82800;-0.452478;0.00611258
82900;-0.450023;0.0063173
83000;-0.448782;0.00637473
83100;-0.449992;0.00703763
83200;-0.449574;0.00656713
83300;-0.451546;0.00570394
83400;-0.451546;0.00570394
83500;-0.451546;0.00570394
83600;-0.451546;0.00570394
83700;-0.451546;0.00570394
83800;-0.451546;0.00570394
83900;-0.451546;0.00570394
84000;-0.447816;0.00634891
84100;-0.444932;0.00613105
84200;-0.439085;0.0058522
84300;-0.446767;0.0059535
84400;-0.450035;0.00705207
84500;-0.450035;0.00705207
84600;-0.450035;0.00705207
84700;-0.450035;0.00705207
84800;-0.450035;0.00705207
84900;-0.443789;0.00530935
85000;-0.449442;0.00612344
85100;-0.447787;0.00680433
85200;-0.449983;0.00623786
85300;-0.449983;0.00623786
85400;-0.449983;0.00623786
85500;-0.449983;0.00623786
85600;-0.449983;0.00623786
85700;-0.451243;0.00602066
85800;-0.451243;0.00602066
85900;-0.451243;0.00602066
86000;-0.451243;0.00602066
86100;-0.451243;0.00602066
86200;-0.447193;0.00743899
86300;-0.449881;0.00616681
86400;-0.449601;0.00621206
86500;-0.449601;0.00621206
86600;-0.450041;0.00576992
86700;-0.450041;0.00576992
86800;-0.449997;0.00909733
86900;-0.449997;0.00909733
87000;-0.449997;0.00909733
87100;-0.448726;0.00746804
87200;-0.448169;0.00918206
87300;-0.449251;0.00613401
87400;-0.449251;0.00613401
87500;-0.449251;0.00613401
87600;-0.445322;0.00632963
87700;-0.448183;0.00686852
87800;-0.448183;0.00686852
87900;-0.453523;0.0073036
88000;-0.453523;0.0073036
88100;-0.453523;0.0073036
88200;-0.453523;0.0073036
88300;-0.453523;0.0073036
88400;-0.453523;0.0073036
88500;-0.453523;0.0073036
88600;-0.453523;0.0073036
88700;-0.453523;0.0073036
88800;-0.453523;0.0073036
88900;-0.453523;0.0073036
89000;-0.453523;0.0073036
89100;-0.453523;0.0073036
89200;-0.453523;0.0073036
89300;-0.453523;0.0073036
89400;-0.453523;0.0073036
89500;-0.453523;0.0073036
89600;-0.453523;0.0073036
89700;-0.453523;0.0073036
89800;-0.453523;0.0073036
89900;-0.453523;0.0073036
90000;-0.453523;0.0073036
90100;-0.453523;0.0073036
90200;-0.445599;0.00774821
90300;-0.445491;0.00787619
90400;-0.447968;0.00658314
90500;-0.447545;0.00929361
90600;-0.449444;0.00764856
90700;-0.451137;0.00636288
90800;-0.451137;0.00636288
90900;-0.449466;0.00664345
91000;-0.449466;0.00664345
91100;-0.447826;0.00664318
91200;-0.453521;0.00730348
91300;-0.453521;0.00730348
91400;-0.453521;0.00730348
91500;-0.453521;0.00730348
91600;-0.453521;0.00730348
91700;-0.453521;0.00730348
91800;-0.453521;0.00730348
91900;-0.449589;0.00616264
92000;-0.449589;0.00616264
92100;-0.449589;0.00616264
92200;-0.448228;0.00645611
92300;-0.448228;0.00645611
92400;-0.4477;0.00623851
92500;-0.449268;0.00631384
92600;-0.450548;0.00599601
92700;-0.450548;0.00599601
92800;-0.450548;0.00599601
92900;-0.450548;0.00599601
93000;-0.450548;0.00599601
93100;-0.450548;0.00599601
93200;-0.451644;0.00779699
93300;-0.451644;0.00779699
93400;-0.451071;0.00677136
93500;-0.445627;0.00797431
93600;-0.444358;0.00653369
93700;-0.448802;0.00640049
93800;-0.449058;0.00694089
93900;-0.447635;0.0072198
94000;-0.450852;0.00685091
94100;-0.450852;0.00685091
94200;-0.450848;0.00684857
94300;-0.450848;0.00684857
94400;-0.450848;0.00684857
94500;-0.450848;0.00684857
94600;-0.450848;0.00684857
94700;-0.450848;0.00684857
94800;-0.449644;0.00543851
94900;-0.449644;0.00543851
95000;-0.449644;0.00543851
95100;-0.451162;0.0057369
95200;-0.451162;0.0057369
95300;-0.451162;0.0057369
95400;-0.450714;0.0061192
95500;-0.450714;0.0061192
95600;-0.450714;0.0061192
95700;-0.450714;0.0061192
95800;-0.450714;0.0061192
95900;-0.450714;0.0061192
96000;-0.450714;0.0061192
96100;-0.450714;0.0061192
96200;-0.450714;0.0061192
96300;-0.450714;0.0061192
96400;-0.450714;0.0061192
96500;-0.451929;0.00565504
96600;-0.451929;0.00565504
96700;-0.451929;0.00565504
96800;-0.451929;0.00565504
96900;-0.451929;0.00565504
97000;-0.451929;0.00565504
97100;-0.451929;0.00565504
97200;-0.451929;0.00565504
97300;-0.44888;0.0062966
97400;-0.448523;0.00804123
97500;-0.448062;0.00583932
97600;-0.448601;0.00969605
97700;-0.448601;0.00969605
97800;-0.448601;0.00969605
97900;-0.449331;0.00628039
98000;-0.449331;0.00628039
98100;-0.449331;0.00628039
98200;-0.449331;0.00628039
98300;-0.449331;0.00628039
98400;-0.448246;0.00628181
98500;-0.44514;0.00739939
98600;-0.448523;0.00804513
98700;-0.444756;0.00530419
98800;-0.446169;0.00837265
98900;-0.44663;0.00700206
99000;-0.451624;0.00779121
99100;-0.451624;0.00779121
99200;-0.450422;0.00573772
99300;-0.444721;0.00682874
99400;-0.444081;0.00747166
99500;-0.449569;0.00684468
99600;-0.449543;0.00674951
99700;-0.449543;0.00674951
99800;-0.449248;0.00716764
99900;-0.442815;0.00663539
100000;-0.44712;0.00666103
