Progressive_direct_call;Progressive_direct_call_error;Progressive_direct_put;Progressive_direct_put_error;Progressive_discrete_call;Progressive_discrete_call_error;Progressive_discrete_put;Progressive_discrete_put_error
19.9457;0;3.95067;0;13.8576;0;5.79103;0
18.2916;1.65405;4.9805;1.02983;13.9251;0.0674634;4.96315;0.827882
16.6039;1.93917;5.51169;0.797295;13.9126;0.0408975;4.8109;0.501638
16.3894;1.38787;5.07343;0.714077;13.4097;0.503758;4.8886;0.363122
16.0364;1.13152;5.26841;0.586479;13.8288;0.572687;5.08097;0.340764
16.1867;0.936022;5.31974;0.481602;14.2885;0.655706;5.09722;0.278707
15.9984;0.813184;5.3698;0.410095;15.0026;0.903869;4.92005;0.294742
16.0165;0.704471;5.40151;0.356566;14.524;0.917488;5.00735;0.269769
15.7273;0.685283;5.46549;0.320904;14.661;0.820662;5.0886;0.251407
15.7375;0.613019;5.50927;0.290344;14.9009;0.772256;5.07698;0.225165
15.5947;0.572592;5.4767;0.264637;15.0485;0.713954;5.10777;0.205985
15.25;0.626079;5.63154;0.286943;15.0821;0.652611;5.18979;0.205145
15.2871;0.577099;5.59226;0.266855;15.2798;0.632021;5.17663;0.189164
15.2666;0.534682;5.60468;0.247372;15.5367;0.639046;5.02243;0.233338
15.2622;0.497782;5.61221;0.230414;15.316;0.634535;5.10549;0.232561
15.3959;0.484456;5.56204;0.221294;15.1717;0.610837;5.1848;0.231549
15.5058;0.468147;5.56466;0.207886;15.224;0.576159;5.09493;0.235336
15.4383;0.446503;5.51749;0.201593;15.0694;0.564779;5.20579;0.24803
15.4571;0.422769;5.54131;0.19217;15.0587;0.534335;5.25963;0.240711
15.4157;0.403207;5.48222;0.191646;14.9255;0.524117;5.25218;0.22848
15.2691;0.410601;5.51419;0.185074;14.8164;0.510329;5.25563;0.217355
15.0638;0.442019;5.53608;0.177814;14.9351;0.50085;5.29532;0.211006
15.06;0.422382;5.48607;0.177114;14.8457;0.486851;5.29107;0.201668
15.1796;0.421737;5.4719;0.170165;15.0215;0.498166;5.20648;0.210797
15.3568;0.44159;5.47345;0.163224;14.9743;0.48015;5.26286;0.209902
15.2955;0.428659;5.48094;0.157;14.8265;0.484417;5.30087;0.205219
15.3369;0.414545;5.44163;0.156106;14.8795;0.469135;5.30206;0.197476
15.2926;0.401917;5.43401;0.15062;14.9736;0.461761;5.31813;0.19097
15.3273;0.389359;5.42408;0.145673;14.9536;0.446002;5.28888;0.186575
15.2814;0.37894;5.4596;0.145147;15.0443;0.440323;5.2757;0.18073
15.2421;0.368615;5.49487;0.144749;15.0105;0.427224;5.23817;0.178787
15.1837;0.361651;5.54863;0.15011;14.9593;0.416817;5.28494;0.179317
15.2408;0.35514;5.51857;0.148564;14.9821;0.40463;5.24381;0.178599
15.3284;0.355489;5.5103;0.144365;14.9367;0.395155;5.21077;0.176389
15.3997;0.352478;5.49811;0.140709;14.8523;0.392872;5.24312;0.174304
15.424;0.343404;5.53134;0.140726;14.8564;0.381824;5.27485;0.172339
15.4054;0.334511;5.51774;0.137544;14.8896;0.372844;5.26039;0.168239
15.3236;0.3357;5.5378;0.135369;14.8229;0.368981;5.2763;0.164523
15.2342;0.338981;5.54717;0.132185;14.7377;0.369356;5.35482;0.17845
15.2701;0.33234;5.5771;0.13227;14.7135;0.360813;5.36527;0.174245
15.2375;0.325765;5.60667;0.132347;14.7282;0.35221;5.34773;0.170845
15.227;0.318088;5.59783;0.12946;14.7249;0.343737;5.32344;0.168489
15.1962;0.312127;5.61057;0.127054;14.8202;0.348898;5.32728;0.164569
15.1422;0.309695;5.6061;0.124213;14.8911;0.348184;5.31447;0.161294
15.0861;0.307892;5.60081;0.121537;14.8673;0.341194;5.32997;0.158428
15.1045;0.301691;5.58118;0.120475;14.8778;0.33386;5.33428;0.155006
15.1189;0.295551;5.58154;0.117884;14.8958;0.327173;5.31974;0.152367
15.0105;0.308973;5.59214;0.115888;14.8907;0.320324;5.29986;0.150479
14.9786;0.304281;5.60142;0.113877;14.8657;0.314713;5.31288;0.14795
15.0083;0.299613;5.56701;0.11676;14.8467;0.308943;5.31796;0.14505
14.9654;0.296793;5.5658;0.114454;14.8503;0.302847;5.31036;0.14238
15.0057;0.293799;5.55497;0.112752;14.8782;0.298274;5.31788;0.139818
14.9669;0.290797;5.54602;0.110965;14.8897;0.292818;5.307;0.137586
14.9978;0.28703;5.53193;0.1098;14.8568;0.289227;5.34062;0.139138
14.9588;0.284445;5.52999;0.107803;14.8751;0.284507;5.3443;0.136634
14.9109;0.283405;5.54243;0.106588;14.903;0.280779;5.35388;0.134514
14.9053;0.278444;5.52697;0.105837;14.9152;0.276075;5.34769;0.132278
14.9129;0.273705;5.53696;0.104475;14.9861;0.280384;5.32572;0.13182
14.907;0.269091;5.54785;0.103264;15.0076;0.276433;5.33565;0.129947
14.9337;0.265921;5.54237;0.101677;15.0159;0.271912;5.34455;0.128072
14.909;0.262698;5.54835;0.100175;15.012;0.267445;5.32584;0.127336
14.9132;0.258461;5.54521;0.0985957;15.0558;0.26671;5.32735;0.125275
14.9413;0.25588;5.54163;0.097084;15.0449;0.262668;5.34085;0.124007
14.94;0.251854;5.53922;0.0955855;15.0011;0.262219;5.34255;0.122066
15.0429;0.268457;5.5213;0.0957933;14.9959;0.258205;5.31639;0.122986
15.0621;0.265056;5.50241;0.0962036;15.0195;0.25536;5.31707;0.12111
15.0363;0.26234;5.52569;0.0975742;15.0109;0.251666;5.31494;0.119308
15.0306;0.258516;5.52854;0.0961709;15.0521;0.251334;5.292;0.119757
15.024;0.254828;5.53849;0.0952875;15.0813;0.249381;5.28792;0.118079
15.0223;0.251167;5.52919;0.0943755;15.0759;0.245853;5.29833;0.116845
15.0133;0.247768;5.5354;0.0932436;15.1237;0.247036;5.29537;0.115225
15.047;0.246625;5.52084;0.0930852;15.1311;0.243696;5.28504;0.114083
15.0395;0.243339;5.52058;0.0918016;15.0948;0.243063;5.30207;0.113791
15.0299;0.240222;5.51576;0.0906811;15.0535;0.243289;5.30204;0.112243
15.0812;0.242492;5.50812;0.0897891;15.0544;0.240025;5.30235;0.110737
15.133;0.244821;5.49376;0.0897567;15.0565;0.236855;5.29676;0.109413
15.1443;0.241885;5.50787;0.0897004;15.0595;0.233777;5.29016;0.108185
15.1477;0.238787;5.51832;0.0891573;15.0632;0.230791;5.2983;0.107098
15.1713;0.236923;5.52736;0.0884846;15.0529;0.228086;5.3094;0.106316
15.1611;0.234166;5.53265;0.0875317;15.0599;0.225326;5.30759;0.104994
15.1563;0.231306;5.5331;0.0864454;15.1102;0.228147;5.2968;0.104249
15.1824;0.229949;5.53523;0.0854115;15.1199;0.225553;5.29961;0.103008
15.1543;0.228889;5.53667;0.0843885;15.0817;0.226067;5.30642;0.101987
15.1521;0.226158;5.51627;0.0858383;15.0493;0.225692;5.30419;0.10079
15.157;0.223534;5.52991;0.0859117;15.0533;0.223056;5.30393;0.0995975
15.129;0.222692;5.54303;0.085915;15.069;0.221007;5.30809;0.0985202
15.1648;0.223022;5.52309;0.087231;15.0568;0.218794;5.30447;0.0974486
15.1006;0.22964;5.52331;0.0862343;15.0451;0.216609;5.30967;0.0964752
15.1227;0.228121;5.51525;0.0856401;15.0649;0.215076;5.29896;0.0959837
15.1115;0.225854;5.51015;0.0848369;15.1228;0.220409;5.29487;0.0949996
15.115;0.223387;5.50292;0.08421;15.1235;0.217974;5.29086;0.0940352
15.0787;0.223906;5.51823;0.0846848;15.0781;0.220303;5.29874;0.0933403
15.118;0.224931;5.49917;0.0859104;15.0914;0.218324;5.3051;0.09255
15.1211;0.222548;5.51619;0.0866801;15.043;0.221347;5.29879;0.0917772
15.0891;0.22251;5.54488;0.0904342;15.0221;0.220002;5.30277;0.0908931
15.0806;0.220346;5.54653;0.0895023;15.0298;0.217835;5.29366;0.0904014
15.0699;0.218325;5.55031;0.0886556;15.0326;0.215596;5.2902;0.0895314
15.0932;0.217346;5.54508;0.0879023;15.0069;0.214924;5.30415;0.0897045
15.079;0.215613;5.54463;0.087011;14.9767;0.214882;5.32776;0.0918793
15.0817;0.213464;5.54663;0.0861599;14.9675;0.212919;5.31927;0.0913513
