#     BLOCK:  ACTUAL_PE:     PE_AVE:      ERROR:
           1   -0.374486   -0.374486           0
           2   -0.404214    -0.38935   0.0105105
           3   -0.372347   -0.383682  0.00839711
           4   -0.366808   -0.379464  0.00728077
           5   -0.401593    -0.38389  0.00704249
           6   -0.415873    -0.38922  0.00762373
           7   -0.380078   -0.387914  0.00664555
           8   -0.367241    -0.38533  0.00629727
           9   -0.378827   -0.384608  0.00563888
          10   -0.379083   -0.384055  0.00510198
          11   -0.386167   -0.384247  0.00464178
          12   -0.359467   -0.382182  0.00469188
          13   -0.350355   -0.379734  0.00492848
          14   -0.366631   -0.378798  0.00466447
          15   -0.353278   -0.377097  0.00465345
          16   -0.356872   -0.375833  0.00453103
          17   -0.398067    -0.37714  0.00444926
          18   -0.395297   -0.378149  0.00431491
          19   -0.389048   -0.378723  0.00412576
          20   -0.363002   -0.377937  0.00399365
          21   -0.367067   -0.377419  0.00383687
          22   -0.355811   -0.376437   0.0037861
          23   -0.376065   -0.376421  0.00362152
          24   -0.414217   -0.377996  0.00379763
          25   -0.414441   -0.379453  0.00391554
          26    -0.40675   -0.380503  0.00390316
          27   -0.383713   -0.380622  0.00376041
          28   -0.399352   -0.381291  0.00368512
          29   -0.402802   -0.382033  0.00363194
          30   -0.398138    -0.38257  0.00355032
          31   -0.396483   -0.383019  0.00346405
          32   -0.398238   -0.383494  0.00338829
          33   -0.379439   -0.383371  0.00328784
          34   -0.344798   -0.382237  0.00338122
          35   -0.346615   -0.381219  0.00343437
          36   -0.341516   -0.380116  0.00351159
          37   -0.349389   -0.379286  0.00351351
          38   -0.358665   -0.378743   0.0034627
          39   -0.376088   -0.378675  0.00337458
          40   -0.356052   -0.378109  0.00333727
          41   -0.352637   -0.377488   0.0033132
          42   -0.347847   -0.376782  0.00330863
          43   -0.314313    -0.37533  0.00353628
          44   -0.330163   -0.374303  0.00360182
          45   -0.317422   -0.373039    0.003737
          46   -0.343679   -0.372401  0.00370987
          47   -0.332814   -0.371558  0.00372532
          48   -0.332554   -0.370746  0.00373528
          49   -0.323407    -0.36978  0.00378193
          50   -0.347494   -0.369334  0.00373246
          51   -0.364218   -0.369234  0.00366062
          52    -0.35959   -0.369048  0.00359492
          53   -0.357385   -0.368828  0.00353382
          54   -0.381663   -0.369066  0.00347637
          55   -0.373547   -0.369147  0.00341411
          56   -0.363753   -0.369051  0.00335451
          57   -0.378304   -0.369213  0.00329958
          58   -0.367552   -0.369185  0.00324282
          59   -0.335247    -0.36861  0.00323847
          60    -0.31142   -0.367656   0.0033218
          61   -0.308389   -0.366685  0.00340647
          62   -0.317976   -0.365899  0.00344093
          63   -0.304183    -0.36492    0.003523
          64   -0.281963   -0.363623  0.00369873
          65   -0.311342   -0.362819  0.00372826
          66   -0.287194   -0.361673  0.00384381
          67   -0.306073   -0.360843  0.00387499
          68   -0.299528   -0.359942  0.00392151
          69   -0.293939   -0.358985  0.00397963
          70   -0.299261   -0.358132   0.0040132
          71   -0.316198   -0.357541   0.0039999
          72     -0.3224   -0.357053  0.00397401
          73   -0.315479   -0.356484  0.00396017
          74   -0.323406   -0.356037   0.0039318
          75   -0.323496   -0.355603  0.00390324
          76   -0.360858   -0.355672  0.00385249
          77   -0.364732    -0.35579  0.00380426
          78   -0.322102   -0.355358  0.00377992
          79   -0.300252    -0.35466  0.00379589
          80   -0.306512   -0.354058  0.00379585
          81   -0.340459    -0.35389   0.0037527
          82   -0.356833   -0.353926  0.00370711
          83      -0.323   -0.353554  0.00368112
          84   -0.326195   -0.353228  0.00365168
          85   -0.342573   -0.353103  0.00361087
          86   -0.348932   -0.353054  0.00356921
          87   -0.360899   -0.353144  0.00352932
          88    -0.34321   -0.353031  0.00349102
          89   -0.342288   -0.352911  0.00345388
          90   -0.338631   -0.352752  0.00341915
          91   -0.374024   -0.352986  0.00338956
          92   -0.376818   -0.353245   0.0033626
          93   -0.390225   -0.353642  0.00334987
          94   -0.391598   -0.354046  0.00333848
          95   -0.391834   -0.354444  0.00332695
          96   -0.383599   -0.354748  0.00330613
          97   -0.351973   -0.354719  0.00327217
          98   -0.307154   -0.354234  0.00327457
          99   -0.333549   -0.354025  0.00324816
         100   -0.364348   -0.354128  0.00321732
         101    -0.39395   -0.354522  0.00320953
         102   -0.352882   -0.354506   0.0031781
         103   -0.360474   -0.354564  0.00314778
         104   -0.361595   -0.354632  0.00311823
         105   -0.357232   -0.354657  0.00308864
         106   -0.348677     -0.3546  0.00306001
         107   -0.364285   -0.354691  0.00303275
         108    -0.39321   -0.355047  0.00302557
         109   -0.419364   -0.355637  0.00305481
         110   -0.417075   -0.356196  0.00307767
         111    -0.39912   -0.356583  0.00307414
         112      -0.392   -0.356899  0.00306292
         113   -0.387294   -0.357168   0.0030476
         114   -0.424465   -0.357758  0.00307751
         115    -0.42568   -0.358349  0.00310691
         116   -0.425816    -0.35893  0.00313409
         117   -0.407475   -0.359345  0.00313465
         118   -0.384979   -0.359563   0.0031156
         119   -0.363518   -0.359596   0.0030896
         120   -0.378533   -0.359754  0.00306788
         121   -0.349372   -0.359668  0.00304372
         122   -0.320459   -0.359346  0.00303569
         123   -0.321152   -0.359036  0.00302685
         124   -0.333876   -0.358833  0.00300924
         125   -0.340883   -0.358689  0.00298859
         126   -0.341098    -0.35855  0.00296813
         127   -0.365965   -0.358608  0.00294533
         128   -0.411585   -0.359022  0.00295126
         129   -0.411477   -0.359429  0.00295626
         130   -0.389362   -0.359659  0.00294247
         131   -0.353354   -0.359611   0.0029204
         132   -0.333556   -0.359413  0.00290494
         133   -0.344333     -0.3593  0.00288531
         134   -0.371224   -0.359389  0.00286515
         135   -0.398175   -0.359676   0.0028583
         136   -0.370602   -0.359757  0.00283841
         137   -0.361032   -0.359766  0.00281771
         138   -0.345474   -0.359662  0.00279919
         139   -0.368373   -0.359725  0.00277975
         140    -0.39309   -0.359963   0.0027701
         141   -0.407222   -0.360299  0.00277065
         142   -0.392767   -0.360527  0.00276056
         143   -0.380018   -0.360663  0.00274462
         144   -0.408682   -0.360997  0.00274574
         145   -0.422747   -0.361423  0.00275963
         146   -0.419498   -0.361821  0.00276925
         147   -0.401962   -0.362094  0.00276384
         148   -0.385157   -0.362249  0.00274956
         149   -0.366695   -0.362279  0.00273127
         150   -0.359073   -0.362258  0.00271314
         151   -0.335442    -0.36208  0.00270098
         152    -0.32325   -0.361825  0.00269526
         153   -0.366256   -0.361854   0.0026778
         154   -0.377462   -0.361955  0.00266233
         155    -0.34649   -0.361855  0.00264702
         156   -0.312539   -0.361539  0.00264887
         157   -0.299822   -0.361146    0.002661
         158    -0.30449   -0.360788  0.00266821
         159   -0.306448   -0.360446  0.00267323
         160   -0.330501   -0.360259  0.00266307
         161   -0.357724   -0.360243  0.00264657
         162   -0.358049   -0.360229  0.00263027
         163   -0.344158   -0.360131  0.00261598
         164   -0.341543   -0.360017  0.00260248
         165   -0.351461   -0.359966  0.00258723
         166   -0.363499   -0.359987  0.00257173
         167   -0.342871   -0.359884  0.00255837
         168   -0.344987   -0.359796  0.00254468
         169   -0.362398   -0.359811  0.00252967
         170   -0.403667   -0.360069  0.00252791
         171   -0.394044   -0.360268  0.00252092
         172   -0.387065   -0.360424  0.00251107
         173   -0.374654   -0.360506  0.00249791
         174   -0.364032   -0.360526  0.00248363
         175   -0.356294   -0.360502  0.00246956
         176   -0.352973   -0.360459   0.0024559
         177    -0.34865   -0.360392  0.00244293
         178   -0.331516    -0.36023  0.00243458
         179   -0.328888   -0.360055  0.00242727
         180   -0.349239   -0.359995  0.00241453
         181   -0.368151    -0.36004  0.00240161
         182   -0.354784   -0.360011  0.00238859
         183   -0.380513   -0.360123  0.00237816
         184   -0.384061   -0.360253  0.00236879
         185   -0.376216    -0.36034  0.00235756
         186   -0.380059   -0.360446  0.00234727
         187   -0.388012   -0.360593  0.00233934
         188   -0.403318    -0.36082  0.00233791
         189   -0.426082   -0.361166   0.0023509
         190   -0.405597   -0.361399  0.00235013
         191   -0.402753   -0.361616  0.00234778
         192    -0.39238   -0.361776  0.00234101
         193   -0.397737   -0.361963  0.00233628
         194   -0.376329   -0.362037  0.00232541
         195   -0.376478   -0.362111  0.00231467
         196   -0.383647   -0.362221  0.00230546
         197   -0.412228   -0.362474  0.00230769
         198   -0.439448   -0.362863  0.00232855
         199     -0.4731   -0.363417  0.00238183
         200   -0.468977   -0.363945   0.0024277
         201     -0.4436   -0.364341  0.00244775
         202   -0.424054   -0.364637  0.00245342
         203   -0.450919   -0.365062  0.00247788
         204   -0.442929   -0.365444  0.00249496
         205   -0.412297   -0.365672  0.00249323
         206   -0.368028   -0.365683  0.00248116
         207   -0.357277   -0.365643   0.0024695
         208   -0.365456   -0.365642  0.00245763
         209   -0.353763   -0.365585  0.00244653
         210   -0.353552   -0.365528  0.00243555
         211   -0.360135   -0.365502  0.00242414
         212   -0.376784   -0.365556  0.00241329
         213   -0.388512   -0.365663  0.00240436
         214   -0.389346   -0.365774  0.00239567
         215   -0.359735   -0.365746   0.0023847
         216   -0.354098   -0.365692  0.00237427
         217    -0.32983   -0.365527  0.00236907
         218   -0.339955   -0.365409   0.0023611
         219   -0.336637   -0.365278  0.00235398
         220   -0.353945   -0.365226  0.00234384
         221    -0.37954   -0.365291  0.00233413
         222   -0.374182   -0.365331  0.00232396
         223   -0.390917   -0.365446  0.00231637
         224   -0.394853   -0.365577  0.00230974
         225   -0.409499   -0.365773  0.00230771
         226   -0.413216   -0.365982  0.00230703
         227   -0.404544   -0.366152  0.00230311
         228   -0.405821   -0.366326  0.00229957
         229    -0.40149    -0.36648  0.00229465
         230   -0.418177   -0.366705  0.00229566
         231   -0.409769   -0.366891  0.00229328
         232   -0.364408    -0.36688  0.00228342
         233   -0.345967   -0.366791  0.00227538
         234   -0.326323   -0.366618  0.00227222
         235    -0.31736   -0.366408   0.0022722
         236   -0.379874   -0.366465  0.00226329
         237   -0.418122   -0.366683  0.00226421
         238   -0.426622   -0.366935  0.00226866
         239   -0.365365   -0.366928  0.00225917
         240   -0.335582   -0.366798  0.00225353
         241   -0.308948   -0.366558  0.00225693
         242   -0.315825   -0.366348  0.00225732
         243   -0.345467   -0.366262  0.00224966
         244   -0.363636   -0.366251  0.00224047
         245   -0.388923   -0.366344  0.00223324
         246    -0.37021    -0.36636  0.00222421
         247   -0.374165   -0.366391  0.00221543
         248   -0.341071   -0.366289  0.00220885
         249   -0.344032     -0.3662  0.00220179
         250   -0.366871   -0.366202  0.00219298
